Docklight Log File (HEX) - Started 2026/9/29 09:43:12.047 
 TEST CASE: EP000700

 --- Set POS COM PORT Settings
 Set POS COM PORT...
 POS operating on COM90 @ 115200 baud...
 Set POS COM PORT - COMPLETE

 
--- Turn On Antenna

2026/9/29 09:43:13.970 [TX] - 56 69 56 4F 74 65 63 68 32 00 28 01 00 01 01 94 1F 
2026/9/29 09:43:13.982 [RX] - 56 69 56 4F 74 65 63 68 32 00 28 00 00 00 D6 6A  Turn On Antenna (OK)

2026/9/29 09:43:13.982 [RX] - 00 00 00 00 00 00 00 00 00 00 00 00 00 00 00 00 00 00 00 00 00 00 00 00 00 00 00 00 00 00 00 00 00 00 00 00 00 00 00 00 00 00 00 00 00 00 00  
--- Start PT Mode

2026/9/29 09:43:13.992 [TX] - 56 69 56 4F 74 65 63 68 32 00 2C 01 00 01 01 1D 19 
2026/9/29 09:43:13.999 [RX] - 56 69 56 4F 74 65 63 68 32 00 2C 00 00 00 1C 9B  PT Command (OK)

2026/9/29 09:43:13.999 [RX] - 00 00 00 00 00 00 00 00 00 00 00 00 00 00 00 00 00 00 00 00 00 00 00 00 00 00 00 00 00 00 00 00 00 00 00 00 00 00 00 00 00 00 00 00 00 00 00  
--- Poll for Token

2026/9/29 09:43:14.010 [TX] - 56 69 56 4F 74 65 63 68 32 00 2C 02 00 02 0A 00 B1 E4 
2026/9/29 09:43:14.149 [RX] - 56 69 56 4F 74 65 63 68 32 00 2C 00 00 05 03 7E BD BA E5 FA EE 00 00 00 00 00 00 00 00 00 00 00 00 00 00 00 00 00 00 00 00 00 00 00 00 00 00 00 00 00 00 00 00 00 00 00 00 00 00 00 00 00 00  
--- 2C-06

2026/9/29 09:43:14.238 [TX] - 56 69 56 4F 74 65 63 68 32 00 2C 06 00 08 10 01 FF FF FF FF FF FF 31 AF 
2026/9/29 09:43:14.250 [RX] - 56 69 56 4F 74 65 63 68 32 00 2C 00 00 00 1C 9B  PT Command (OK)

2026/9/29 09:43:14.250 [RX] - 00 00 00 00 00 00 00 00 00 00 00 00 00 00 00 00 00 00 00 00 00 00 00 00 00 00 00 00 00 00 00 00 00 00 00 00 00 00 00 00 00 00 00 00 00 00 00  
--- Get PCD&PICC Parameters

2026/9/29 09:43:14.460 [TX] - 56 69 56 4F 74 65 63 68 32 00 2C 05 00 00 F7 6B 
2026/9/29 09:43:14.469 [RX] - 56 69 56 4F 74 65 63 68 32 00 2C 00 00 0F 00 10 00 20 00 00 00 00 02 11 B0 00 00 31 A8 C7 CE 00 00 00 00 00 00 00 00 00 00 00 00 00 00 00 00 00 00 00 00 00 00 00 00 00 00 00 00 00 00 00 00  
--- Initialize Blocks

2026/9/29 09:43:14.682 [TX] - 56 69 56 4F 74 65 63 68 32 00 2C 08 00 32 33 10 87 19 00 00 78 E6 FF FF 87 19 00 00 00 FF 00 FF B7 1A 00 00 48 E5 FF FF B7 1A 00 00 00 FF 00 FF 88 19 00 00 77 E6 FF FF 88 19 00 00 00 FF 00 FF E5 79 
2026/9/29 09:43:14.708 [RX] - 56 69 56 4F 74 65 63 68 32 00 2C 00 00 00 1C 9B  PT Command (OK)

2026/9/29 09:43:14.708 [RX] - 00 00 00 00 00 00 00 00 00 00 00 00 00 00 00 00 00 00 00 00 00 00 00 00 00 00 00 00 00 00 00 00 00 00 00 00 00 00 00 00 00 00 00 00 00 00 00  
--- Read 3 Initialized Blocks

2026/9/29 09:43:14.732 [TX] - 56 69 56 4F 74 65 63 68 32 00 2C 07 00 02 33 10 3F 8F 
2026/9/29 09:43:14.746 [RX] - 56 69 56 4F 74 65 63 68 32 00 2C 00 00 30 87 19 00 00 78 E6 FF FF 87 19 00 00 00 FF 00 FF B7 1A 00 00 48 E5 FF FF B7 1A 00 00 00 FF 00 FF 88 19 00 00 77 E6 FF FF 88 19 00 00 00 FF 00 FF 4C D2  Read Initialized Blocks (OK)

2026/9/29 09:43:14.747 [RX] - 00 00 00 00 00 00 00 00 00 00 00 00 00 00 00 00 00 00 00 00 00 00 00 00 00 00 00 00 00 00 00 00 00 00 00 00 00 00 00 00 00 00 00 00 00 00 00 00 00 00 00 00 00 00 00 00 00 00 00 00 00 00  
--- 2C-06 0x20

2026/9/29 09:43:14.769 [TX] - 56 69 56 4F 74 65 63 68 32 00 2C 06 00 08 20 01 FF FF FF FF FF FF 77 73 
2026/9/29 09:43:14.783 [RX] - 56 69 56 4F 74 65 63 68 32 00 2C 00 00 00 1C 9B  PT Command (OK)

2026/9/29 09:43:14.783 [RX] - 00 00 00 00 00 00 00 00 00 00 00 00 00 00 00 00 00 00 00 00 00 00 00 00 00 00 00 00 00 00 00 00 00 00 00 00 00 00 00 00 00 00 00 00 00 00 00  --- 32 to 34: Initialize to default

2026/9/29 09:43:15.293 [TX] - 56 69 56 4F 74 65 63 68 32 00 2C 08 00 32 33 20 32 32 32 32 32 32 32 32 32 32 32 32 32 32 32 32 33 33 33 33 33 33 33 33 33 33 33 33 33 33 33 33 34 34 34 34 34 34 34 34 34 34 34 34 34 34 34 34 6A 83  Result = PASSED

2026/9/29 09:43:15.319 [RX] - 56 69 56 4F 74 65 63 68 32 00 2C 00 00 00 1C 9B  PT Command (OK)

2026/9/29 09:43:15.319 [RX] - 00 00 00 00 00 00 00 00 00 00 00 00 00 00 00 00 00 00 00 00 00 00 00 00 00 00 00 00 00 00 00 00 00 00 00 00 00 00 00 00 00 00 00 00 00 00 00  --- 32 to 34: Read Blocks

2026/9/29 09:43:15.528 [TX] - 56 69 56 4F 74 65 63 68 32 00 2C 07 00 02 33 20 09 DC 
2026/9/29 09:43:15.542 [RX] - 56 69 56 4F 74 65 63 68 32 00 2C 00 00 30 32 32 32 32 32 32 32 32 32 32 32 32 32 32 32 32 33 33 33 33 33 33 33 33 33 33 33 33 33 33 33 33 34 34 34 34 34 34 34 34 34 34 34 34 34 34 34 34 6A 55  32 to 34: Read Blocks - Initialize to default (OK)

2026/9/29 09:43:15.543 [RX] - 00 00 00 00 00 00 00 00 00 00 00 00 00 00 00 00 00 00 00 00 00 00 00 00 00 00 00 00 00 00 00 00 00 00 00 00 00 00 00 00 00 00 00 00 00 00 00 00 00 00 00 00 00 00 00 00 00 00 00 00 00 00  Result = PASSED
 --- 32 to 34: Initialize Blocks

2026/9/29 09:43:15.577 [TX] - 56 69 56 4F 74 65 63 68 32 00 2C 08 00 32 33 20 87 19 00 00 78 E6 FF FF 87 19 00 00 00 FF 00 FF B7 1A 00 00 48 E5 FF FF B7 1A 00 00 00 FF 00 FF 88 19 00 00 77 E6 FF FF 88 19 00 00 00 FF 00 FF 4C 04 
2026/9/29 09:43:15.603 [RX] - 56 69 56 4F 74 65 63 68 32 00 2C 00 00 00 1C 9B  PT Command (OK)

2026/9/29 09:43:15.603 [RX] - 00 00 00 00 00 00 00 00 00 00 00 00 00 00 00 00 00 00 00 00 00 00 00 00 00 00 00 00 00 00 00 00 00 00 00 00 00 00 00 00 00 00 00 00 00 00 00  Result = PASSED
 --- 32 to 34: Read Blocks

2026/9/29 09:43:15.843 [TX] - 56 69 56 4F 74 65 63 68 32 00 2C 07 00 02 33 20 09 DC 
2026/9/29 09:43:15.857 [RX] - 56 69 56 4F 74 65 63 68 32 00 2C 00 00 30 87 19 00 00 78 E6 FF FF 87 19 00 00 00 FF 00 FF B7 1A 00 00 48 E5 FF FF B7 1A 00 00 00 FF 00 FF 88 19 00 00 77 E6 FF FF 88 19 00 00 00 FF 00 FF 4C D2  Read Initialized Blocks (OK)

2026/9/29 09:43:15.858 [RX] - 00 00 00 00 00 00 00 00 00 00 00 00 00 00 00 00 00 00 00 00 00 00 00 00 00 00 00 00 00 00 00 00 00 00 00 00 00 00 00 00 00 00 00 00 00 00 00 00 00 00 00 00 00 00 00 00 00 00 00 00 00 00  Result = PASSED
 --- 32: Subtract 2000 from 20H

2026/9/29 09:43:15.897 [TX] - 56 69 56 4F 74 65 63 68 32 00 2C 0A 00 07 31 20 04 D0 07 00 00 4B BE 
2026/9/29 09:43:15.925 [RX] - 56 69 56 4F 74 65 63 68 32 00 2C 00 00 00 1C 9B  PT Command (OK)

2026/9/29 09:43:15.925 [RX] - 00 00 00 00 00 00 00 00 00 00 00 00 00 00 00 00 00 00 00 00 00 00 00 00 00 00 00 00 00 00 00 00 00 00 00 00 00 00 00 00 00 00 00 00 00 00 00  Result = PASSED
 --- 32 to 34: Read Blocks

2026/9/29 09:43:16.152 [TX] - 56 69 56 4F 74 65 63 68 32 00 2C 07 00 02 33 20 09 DC 
2026/9/29 09:43:16.166 [RX] - 56 69 56 4F 74 65 63 68 32 00 2C 00 00 30 B7 11 00 00 48 EE FF FF B7 11 00 00 00 FF 00 FF B7 1A 00 00 48 E5 FF FF B7 1A 00 00 00 FF 00 FF 88 19 00 00 77 E6 FF FF 88 19 00 00 00 FF 00 FF 8C 7A  32: Read Block - Subtract 2000 from 20H (OK)

2026/9/29 09:43:16.167 [RX] - 00 00 00 00 00 00 00 00 00 00 00 00 00 00 00 00 00 00 00 00 00 00 00 00 00 00 00 00 00 00 00 00 00 00 00 00 00 00 00 00 00 00 00 00 00 00 00 00 00 00 00 00 00 00 00 00 00 00 00 00 00 00  Result = PASSED
 --- 32 to 34: Initialize to default

2026/9/29 09:43:16.201 [TX] - 56 69 56 4F 74 65 63 68 32 00 2C 08 00 32 33 20 32 32 32 32 32 32 32 32 32 32 32 32 32 32 32 32 33 33 33 33 33 33 33 33 33 33 33 33 33 33 33 33 34 34 34 34 34 34 34 34 34 34 34 34 34 34 34 34 6A 83 
2026/9/29 09:43:16.227 [RX] - 56 69 56 4F 74 65 63 68 32 00 2C 00 00 00 1C 9B  PT Command (OK)

2026/9/29 09:43:16.227 [RX] - 00 00 00 00 00 00 00 00 00 00 00 00 00 00 00 00 00 00 00 00 00 00 00 00 00 00 00 00 00 00 00 00 00 00 00 00 00 00 00 00 00 00 00 00 00 00 00  Result = PASSED
 --- 32 to 34: Read Blocks

2026/9/29 09:43:16.453 [TX] - 56 69 56 4F 74 65 63 68 32 00 2C 07 00 02 33 20 09 DC 
2026/9/29 09:43:16.467 [RX] - 56 69 56 4F 74 65 63 68 32 00 2C 00 00 30 32 32 32 32 32 32 32 32 32 32 32 32 32 32 32 32 33 33 33 33 33 33 33 33 33 33 33 33 33 33 33 33 34 34 34 34 34 34 34 34 34 34 34 34 34 34 34 34 6A 55  32 to 34: Read Blocks - Initialize to default (OK)

2026/9/29 09:43:16.468 [RX] - 00 00 00 00 00 00 00 00 00 00 00 00 00 00 00 00 00 00 00 00 00 00 00 00 00 00 00 00 00 00 00 00 00 00 00 00 00 00 00 00 00 00 00 00 00 00 00 00 00 00 00 00 00 00 00 00 00 00 00 00 00 00  Result = PASSED
 --- 32 to 34: Initialize Blocks

2026/9/29 09:43:16.499 [TX] - 56 69 56 4F 74 65 63 68 32 00 2C 08 00 32 33 20 87 19 00 00 78 E6 FF FF 87 19 00 00 00 FF 00 FF B7 1A 00 00 48 E5 FF FF B7 1A 00 00 00 FF 00 FF 88 19 00 00 77 E6 FF FF 88 19 00 00 00 FF 00 FF 4C 04 
2026/9/29 09:43:16.525 [RX] - 56 69 56 4F 74 65 63 68 32 00 2C 00 00 00 1C 9B  PT Command (OK)

2026/9/29 09:43:16.525 [RX] - 00 00 00 00 00 00 00 00 00 00 00 00 00 00 00 00 00 00 00 00 00 00 00 00 00 00 00 00 00 00 00 00 00 00 00 00 00 00 00 00 00 00 00 00 00 00 00  Result = PASSED
 --- 32 to 34: Read Blocks

2026/9/29 09:43:16.748 [TX] - 56 69 56 4F 74 65 63 68 32 00 2C 07 00 02 33 20 09 DC 
2026/9/29 09:43:16.762 [RX] - 56 69 56 4F 74 65 63 68 32 00 2C 00 00 30 87 19 00 00 78 E6 FF FF 87 19 00 00 00 FF 00 FF B7 1A 00 00 48 E5 FF FF B7 1A 00 00 00 FF 00 FF 88 19 00 00 77 E6 FF FF 88 19 00 00 00 FF 00 FF 4C D2  Read Initialized Blocks (OK)

2026/9/29 09:43:16.763 [RX] - 00 00 00 00 00 00 00 00 00 00 00 00 00 00 00 00 00 00 00 00 00 00 00 00 00 00 00 00 00 00 00 00 00 00 00 00 00 00 00 00 00 00 00 00 00 00 00 00 00 00 00 00 00 00 00 00 00 00 00 00 00 00  Result = PASSED
 --- 32: Increment with specified Key A

2026/9/29 09:43:16.799 [TX] - 56 69 56 4F 74 65 63 68 32 00 2C 0A 00 0E B1 20 0B 64 00 00 00 01 FF FF FF FF FF FF 34 06 
2026/9/29 09:43:16.827 [RX] - 56 69 56 4F 74 65 63 68 32 00 2C 00 00 00 1C 9B  PT Command (OK)

2026/9/29 09:43:16.827 [RX] - 00 00 00 00 00 00 00 00 00 00 00 00 00 00 00 00 00 00 00 00 00 00 00 00 00 00 00 00 00 00 00 00 00 00 00 00 00 00 00 00 00 00 00 00 00 00 00  Result = PASSED
 --- 32 to 34: Read Blocks

2026/9/29 09:43:17.061 [TX] - 56 69 56 4F 74 65 63 68 32 00 2C 07 00 02 33 20 09 DC 
2026/9/29 09:43:17.075 [RX] - 56 69 56 4F 74 65 63 68 32 00 2C 00 00 30 EB 19 00 00 14 E6 FF FF EB 19 00 00 00 FF 00 FF B7 1A 00 00 48 E5 FF FF B7 1A 00 00 00 FF 00 FF 88 19 00 00 77 E6 FF FF 88 19 00 00 00 FF 00 FF 63 04  32: Increment with specified Key A (OK)

2026/9/29 09:43:17.076 [RX] - 00 00 00 00 00 00 00 00 00 00 00 00 00 00 00 00 00 00 00 00 00 00 00 00 00 00 00 00 00 00 00 00 00 00 00 00 00 00 00 00 00 00 00 00 00 00 00 00 00 00 00 00 00 00 00 00 00 00 00 00 00 00  Result = PASSED
 --- 32 to 34: Initialize to default

2026/9/29 09:43:17.116 [TX] - 56 69 56 4F 74 65 63 68 32 00 2C 08 00 32 33 20 32 32 32 32 32 32 32 32 32 32 32 32 32 32 32 32 33 33 33 33 33 33 33 33 33 33 33 33 33 33 33 33 34 34 34 34 34 34 34 34 34 34 34 34 34 34 34 34 6A 83 
2026/9/29 09:43:17.142 [RX] - 56 69 56 4F 74 65 63 68 32 00 2C 00 00 00 1C 9B  PT Command (OK)

2026/9/29 09:43:17.142 [RX] - 00 00 00 00 00 00 00 00 00 00 00 00 00 00 00 00 00 00 00 00 00 00 00 00 00 00 00 00 00 00 00 00 00 00 00 00 00 00 00 00 00 00 00 00 00 00 00  Result = PASSED
 --- 32 to 34: Read Blocks

2026/9/29 09:43:17.377 [TX] - 56 69 56 4F 74 65 63 68 32 00 2C 07 00 02 33 20 09 DC 
2026/9/29 09:43:17.391 [RX] - 56 69 56 4F 74 65 63 68 32 00 2C 00 00 30 32 32 32 32 32 32 32 32 32 32 32 32 32 32 32 32 33 33 33 33 33 33 33 33 33 33 33 33 33 33 33 33 34 34 34 34 34 34 34 34 34 34 34 34 34 34 34 34 6A 55  32 to 34: Read Blocks - Initialize to default (OK)

2026/9/29 09:43:17.392 [RX] - 00 00 00 00 00 00 00 00 00 00 00 00 00 00 00 00 00 00 00 00 00 00 00 00 00 00 00 00 00 00 00 00 00 00 00 00 00 00 00 00 00 00 00 00 00 00 00 00 00 00 00 00 00 00 00 00 00 00 00 00 00 00  Result = PASSED
 --- 32 to 34: Initialize Blocks

2026/9/29 09:43:17.428 [TX] - 56 69 56 4F 74 65 63 68 32 00 2C 08 00 32 33 20 87 19 00 00 78 E6 FF FF 87 19 00 00 00 FF 00 FF B7 1A 00 00 48 E5 FF FF B7 1A 00 00 00 FF 00 FF 88 19 00 00 77 E6 FF FF 88 19 00 00 00 FF 00 FF 4C 04 
2026/9/29 09:43:17.454 [RX] - 56 69 56 4F 74 65 63 68 32 00 2C 00 00 00 1C 9B  PT Command (OK)

2026/9/29 09:43:17.454 [RX] - 00 00 00 00 00 00 00 00 00 00 00 00 00 00 00 00 00 00 00 00 00 00 00 00 00 00 00 00 00 00 00 00 00 00 00 00 00 00 00 00 00 00 00 00 00 00 00  Result = PASSED
 --- 32 to 34: Read Blocks

2026/9/29 09:43:17.694 [TX] - 56 69 56 4F 74 65 63 68 32 00 2C 07 00 02 33 20 09 DC 
2026/9/29 09:43:17.710 [RX] - 56 69 56 4F 74 65 63 68 32 00 2C 00 00 30 87 19 00 00 78 E6 FF FF 87 19 00 00 00 FF 00 FF B7 1A 00 00 48 E5 FF FF B7 1A 00 00 00 FF 00 FF 88 19 00 00 77 E6 FF FF 88 19 00 00 00 FF 00 FF 4C D2  Read Initialized Blocks (OK)

2026/9/29 09:43:17.711 [RX] - 00 00 00 00 00 00 00 00 00 00 00 00 00 00 00 00 00 00 00 00 00 00 00 00 00 00 00 00 00 00 00 00 00 00 00 00 00 00 00 00 00 00 00 00 00 00 00 00 00 00 00 00 00 00 00 00 00 00 00 00 00 00  

 ---------- END OF TEST ----------

 Result = PASSED


Docklight Log File (HEX) - Stopped 2026/9/29 09:43:17.833 

