Docklight Log File (HEX) - Started 2026/10/1 14:30:31.644 
 TEST CASE: MF010700

 --- Set POS COM PORT Settings
 Set POS COM PORT...
 POS operating on COM90 @ 115200 baud...
 Set POS COM PORT - COMPLETE


2026/10/1 14:30:32.808 [TX] - 56 69 56 4F 74 65 63 68 32 00 2C 01 00 01 01 1D 19 
2026/10/1 14:30:32.815 [RX] - 56 69 56 4F 74 65 63 68 32 00 2C 00 00 00 1C 9B  

2026/10/1 14:30:32.815 [RX] - 00 00 00 00 00 00 00 00 00 00 00 00 00 00 00 00 00 00 00 00 00 00 00 00 00 00 00 00 00 00 00 00 00 00 00 00 00 00 00 00 00 00 00 00 00 00 00 
2026/10/1 14:30:32.835 [TX] - 56 69 56 4F 74 65 63 68 32 00 28 01 00 01 01 94 1F 
2026/10/1 14:30:32.845 [RX] - 56 69 56 4F 74 65 63 68 32 00 28 00 00 00 D6 6A  

2026/10/1 14:30:32.845 [RX] - 00 00 00 00 00 00 00 00 00 00 00 00 00 00 00 00 00 00 00 00 00 00 00 00 00 00 00 00 00 00 00 00 00 00 00 00 00 00 00 00 00 00 00 00 00 00 00 
2026/10/1 14:30:33.409 [TX] - 56 69 56 4F 74 65 63 68 32 00 2C 02 00 02 0A 00 B1 E4 
2026/10/1 14:30:33.558 [RX] - 56 69 56 4F 74 65 63 68 32 00 2C 00 00 05  

2026/10/1 14:30:33.558 [RX] - 03 7E BD BA E5 FA EE 00 00 00 00 00 00 00 00 00 00 00 00 00 00 00 00 00 00 00 00 00 00 00 00 00 00 00 00 00 00 00 00 00 00 00 00 00 00 00 00 00 00  
Start Initialize Card...

 
You are about to authenticate Block 54 with valid Key A.


2026/10/1 14:30:34.432 [TX] - 56 69 56 4F 74 65 63 68 32 00 2C 06 00 08 36 01 FF FF FF FF FF FF CA 0C 
2026/10/1 14:30:34.445 [RX] - 56 69 56 4F 74 65 63 68 32 00 2C 00 00 00 1C 9B  

2026/10/1 14:30:34.445 [RX] - 00 00 00 00 00 00 00 00 00 00 00 00 00 00 00 00 00 00 00 00 00 00 00 00 00 00 00 00 00 00 00 00 00 00 00 00 00 00 00 00 00 00 00 00 00 00 00  Result = PASSED
 
Writing Key A = 11 22 33 44 55 66 to card.


2026/10/1 14:30:34.471 [TX] - 56 69 56 4F 74 65 63 68 32 00 2C 08 00 12 31 37 11 22 33 44 55 66 FF 07 80 69 FF FF FF FF FF FF 58 48 
2026/10/1 14:30:34.486 [RX] - 56 69 56 4F 74 65 63 68 32 00 2C 00 00 00 1C 9B  

2026/10/1 14:30:34.486 [RX] - 00 00 00 00 00 00 00 00 00 00 00 00 00 00 00 00 00 00 00 00 00 00 00 00 00 00 00 00 00 00 00 00 00 00 00 00 00 00 00 00 00 00 00 00 00 00 00  Result = PASSED
 
You are about to authenticate Block 49 with valid Key A.


2026/10/1 14:30:34.509 [TX] - 56 69 56 4F 74 65 63 68 32 00 2C 06 00 08 31 01 FF FF FF FF FF FF 0D 14 
2026/10/1 14:30:34.521 [RX] - 56 69 56 4F 74 65 63 68 32 00 2C 00 00 00 1C 9B  

2026/10/1 14:30:34.521 [RX] - 00 00 00 00 00 00 00 00 00 00 00 00 00 00 00 00 00 00 00 00 00 00 00 00 00 00 00 00 00 00 00 00 00 00 00 00 00 00 00 00 00 00 00 00 00 00 00  Result = PASSED
 
Initialize Card - COMPLETE


2026/10/1 14:30:34.558 [TX] - 56 69 56 4F 74 65 63 68 32 00 2C 07 00 02 31 31 6D AE 
2026/10/1 14:30:34.568 [RX] - 56 69 56 4F 74 65 63 68 32 00 2C 00 00 10 49  

2026/10/1 14:30:34.568 [RX] - 49 49 49 49 49 49 49 49 49 49 49 49 49 49 49 C8 2E 00 00 00 00 00 00 00 00 00 00 00 00 00 00 00 00 00 00 00 00 00 00 00 00 00 00 00 00 00 00 00  Result = PASSED

2026/10/1 14:30:34.598 [TX] - 56 69 56 4F 74 65 63 68 32 00 2C 07 00 02 31 32 5D CD 
2026/10/1 14:30:34.612 [RX] - 56 69 56 4F 74 65 63 68 32 00 2C 00 00 10 50  

2026/10/1 14:30:34.612 [RX] - 50 50 50 50 50 50 50 50 50 50 50 50 50 50 50 32 90 00 00 00 00 00 00 00 00 00 00 00 00 00 00 00 00 00 00 00 00 00 00 00 00 00 00 00 00 00 00 00  Result = PASSED

2026/10/1 14:30:34.627 [TX] - 56 69 56 4F 74 65 63 68 32 00 2C 07 00 02 31 33 4D EC 
2026/10/1 14:30:34.636 [RX] - 56 69 56 4F 74 65 63 68 32 00 2C 00 00 10 00  

2026/10/1 14:30:34.636 [RX] - 00 00 00 00 00 FF 07 80 69 FF FF FF FF FF FF 5C 83 00 00 00 00 00 00 00 00 00 00 00 00 00 00 00 00 00 00 00 00 00 00 00 00 00 00 00 00 00 00 00  Result = PASSED

2026/10/1 14:30:34.660 [TX] - 56 69 56 4F 74 65 63 68 32 00 2C 07 00 02 31 36 1D 49 
2026/10/1 14:30:34.806 [RX] - 56 69 56 4F 74 65 63 68 32 00 2C 0A 00 00 DB 5A  

2026/10/1 14:30:34.806 [RX] - 00 00 00 00 00 00 00 00 00 00 00 00 00 00 00 00 00 00 00 00 00 00 00 00 00 00 00 00 00 00 00 00 00 00 00 00 00 00 00 00 00 00 00 00 00 00 00  Result = PASSED

2026/10/1 14:30:34.835 [TX] - 56 69 56 4F 74 65 63 68 32 00 2C 07 00 02 31 37 0D 68 
2026/10/1 14:30:34.979 [RX] - 56 69 56 4F 74 65 63 68 32 00 2C 0A 00 00 DB 5A  

2026/10/1 14:30:34.979 [RX] - 00 00 00 00 00 00 00 00 00 00 00 00 00 00 00 00 00 00 00 00 00 00 00 00 00 00 00 00 00 00 00 00 00 00 00 00 00 00 00 00 00 00 00 00 00 00 00  Result = PASSED

2026/10/1 14:30:35.001 [TX] - 56 69 56 4F 74 65 63 68 32 00 2C 07 00 02 31 31 6D AE 
2026/10/1 14:30:35.069 [RX] - 56 69 56 4F 74 65 63 68 32 00 2C 00 00 10 49  

2026/10/1 14:30:35.069 [RX] - 49 49 49 49 49 49 49 49 49 49 49 49 49 49 49 C8 2E 00 00 00 00 00 00 00 00 00 00 00 00 00 00 00 00 00 00 00 00 00 00 00 00 00 00 00 00 00 00 00  Result = FAILED

2026/10/1 14:30:40.013 [TX] - 56 69 56 4F 74 65 63 68 32 00 2C 07 00 02 31 39 EC A6 
2026/10/1 14:30:40.028 [RX] - 56 69 56 4F 74 65 63 68 32 00 2C 00 00 10 57  

2026/10/1 14:30:40.028 [RX] - 57 57 57 57 57 57 57 57 57 57 57 57 57 57 57 58 35 00 00 00 00 00 00 00 00 00 00 00 00 00 00 00 00 00 00 00 00 00 00 00 00 00 00 00 00 00 00 00  Result = FAILED

2026/10/1 14:30:45.029 [TX] - 56 69 56 4F 74 65 63 68 32 00 2C 01 00 01 01 1D 19 
2026/10/1 14:30:45.038 [RX] - 56 69 56 4F 74 65 63 68 32 00 2C 00 00 00 1C 9B  

2026/10/1 14:30:45.038 [RX] - 00 00 00 00 00 00 00 00 00 00 00 00 00 00 00 00 00 00 00 00 00 00 00 00 00 00 00 00 00 00 00 00 00 00 00 00 00 00 00 00 00 00 00 00 00 00 00 
2026/10/1 14:30:45.051 [TX] - 56 69 56 4F 74 65 63 68 32 00 28 01 00 01 01 94 1F 
2026/10/1 14:30:45.058 [RX] - 56 69 56 4F 74 65 63 68 32 00 28 00 00 00 D6 6A  

2026/10/1 14:30:45.058 [RX] - 00 00 00 00 00 00 00 00 00 00 00 00 00 00 00 00 00 00 00 00 00 00 00 00 00 00 00 00 00 00 00 00 00 00 00 00 00 00 00 00 00 00 00 00 00 00 00 
2026/10/1 14:30:45.729 [TX] - 56 69 56 4F 74 65 63 68 32 00 2C 02 00 02 0A 00 B1 E4 
2026/10/1 14:30:45.877 [RX] - 56 69 56 4F 74 65 63 68 32 00 2C 00 00 05  

2026/10/1 14:30:45.877 [RX] - 03 7E BD BA E5 FA EE 00 00 00 00 00 00 00 00 00 00 00 00 00 00 00 00 00 00 00 00 00 00 00 00 00 00 00 00 00 00 00 00 00 00 00 00 00 00 00 00 00 00  
ReAuthenticate

 ----- ReAuthenticate -----


2026/10/1 14:30:46.759 [TX] - 56 69 56 4F 74 65 63 68 32 00 2C 06 00 08 36 01 11 22 33 44 55 66 C5 B2 
2026/10/1 14:30:46.771 [RX] - 56 69 56 4F 74 65 63 68 32 00 2C 00 00 00 1C 9B  

2026/10/1 14:30:46.771 [RX] - 00 00 00 00 00 00 00 00 00 00 00 00 00 00 00 00 00 00 00 00 00 00 00 00 00 00 00 00 00 00 00 00 00 00 00 00 00 00 00 00 00 00 00 00 00 00 00  Result = PASSED

2026/10/1 14:30:46.796 [TX] - 56 69 56 4F 74 65 63 68 32 00 2C 07 00 02 31 36 1D 49  Result = PASSED

2026/10/1 14:30:46.809 [RX] - 56 69 56 4F 74 65 63 68 32 00 2C 00 00 10 54  

2026/10/1 14:30:46.809 [RX] - 54 54 54 54 54 54 54 54 54 54 54 54 54 54 54 67 CC 00 00 00 00 00 00 00 00 00 00 00 00 00 00 00 00 00 00 00 00 00 00 00 00 00 00 00 00 00 00 00 
2026/10/1 14:30:46.820 [TX] - 56 69 56 4F 74 65 63 68 32 00 2C 07 00 02 31 37 0D 68 
2026/10/1 14:30:46.830 [RX] - 56 69 56 4F 74 65 63 68 32 00 2C 00 00 10 00  

2026/10/1 14:30:46.830 [RX] - 00 00 00 00 00 FF 07 80 69 FF FF FF FF FF FF 5C 83 00 00 00 00 00 00 00 00 00 00 00 00 00 00 00 00 00 00 00 00 00 00 00 00 00 00 00 00 00 00 00  Result = PASSED
 
TEST COMPLETE


2026/10/1 14:30:46.862 [TX] - 56 69 56 4F 74 65 63 68 32 00 2C 01 00 01 01 1D 19 
2026/10/1 14:30:46.871 [RX] - 56 69 56 4F 74 65 63 68 32 00 2C 00 00 00 1C 9B  

2026/10/1 14:30:46.871 [RX] - 00 00 00 00 00 00 00 00 00 00 00 00 00 00 00 00 00 00 00 00 00 00 00 00 00 00 00 00 00 00 00 00 00 00 00 00 00 00 00 00 00 00 00 00 00 00 00 
2026/10/1 14:30:46.881 [TX] - 56 69 56 4F 74 65 63 68 32 00 28 01 00 01 01 94 1F 
2026/10/1 14:30:46.889 [RX] - 56 69 56 4F 74 65 63 68 32 00 28 00 00 00 D6 6A  

2026/10/1 14:30:46.889 [RX] - 00 00 00 00 00 00 00 00 00 00 00 00 00 00 00 00 00 00 00 00 00 00 00 00 00 00 00 00 00 00 00 00 00 00 00 00 00 00 00 00 00 00 00 00 00 00 00 
2026/10/1 14:30:47.505 [TX] - 56 69 56 4F 74 65 63 68 32 00 2C 02 00 02 0A 00 B1 E4 
2026/10/1 14:30:47.654 [RX] - 56 69 56 4F 74 65 63 68 32 00 2C 00 00 05  

2026/10/1 14:30:47.654 [RX] - 03 7E BD BA E5 FA EE 00 00 00 00 00 00 00 00 00 00 00 00 00 00 00 00 00 00 00 00 00 00 00 00 00 00 00 00 00 00 00 00 00 00 00 00 00 00 00 00 00 00  
Start Set Card To Default...
 
You are about to authenticate Block 54 with valid Key A.


2026/10/1 14:30:48.530 [TX] - 56 69 56 4F 74 65 63 68 32 00 2C 06 00 08 36 01 11 22 33 44 55 66 C5 B2 
2026/10/1 14:30:48.543 [RX] - 56 69 56 4F 74 65 63 68 32 00 2C 00 00 00 1C 9B  

2026/10/1 14:30:48.543 [RX] - 00 00 00 00 00 00 00 00 00 00 00 00 00 00 00 00 00 00 00 00 00 00 00 00 00 00 00 00 00 00 00 00 00 00 00 00 00 00 00 00 00 00 00 00 00 00 00  Result = PASSED
 
Writing Key A = FF FF FF FF FF FF to card.


2026/10/1 14:30:48.576 [TX] - 56 69 56 4F 74 65 63 68 32 00 2C 08 00 12 31 37 FF FF FF FF FF FF FF 07 80 69 FF FF FF FF FF FF 36 3E 
2026/10/1 14:30:48.589 [RX] - 56 69 56 4F 74 65 63 68 32 00 2C 00 00 00 1C 9B  

2026/10/1 14:30:48.589 [RX] - 00 00 00 00 00 00 00 00 00 00 00 00 00 00 00 00 00 00 00 00 00 00 00 00 00 00 00 00 00 00 00 00 00 00 00 00 00 00 00 00 00 00 00 00 00 00 00  Result = PASSED
 
Set Card To Default - COMPLETE

 

 ---------- END OF TEST ----------

 Result = PASSED


Docklight Log File (HEX) - Stopped 2026/10/1 14:30:50.952 

