Docklight Log File (HEX) - Started 2026/10/1 14:29:57.023 
 TEST CASE: MF010600

 --- Set POS COM PORT Settings
 Set POS COM PORT...
 POS operating on COM90 @ 115200 baud...
 Set POS COM PORT - COMPLETE


2026/10/1 14:29:58.184 [TX] - 56 69 56 4F 74 65 63 68 32 00 2C 01 00 01 01 1D 19 
2026/10/1 14:29:58.192 [RX] - 56 69 56 4F 74 65 63 68 32 00 2C 00 00 00 1C 9B  

2026/10/1 14:29:58.192 [RX] - 00 00 00 00 00 00 00 00 00 00 00 00 00 00 00 00 00 00 00 00 00 00 00 00 00 00 00 00 00 00 00 00 00 00 00 00 00 00 00 00 00 00 00 00 00 00 00 
2026/10/1 14:29:58.197 [TX] - 56 69 56 4F 74 65 63 68 32 00 28 01 00 01 01 94 1F 
2026/10/1 14:29:58.207 [RX] - 56 69 56 4F 74 65 63 68 32 00 28 00 00 00 D6 6A  

2026/10/1 14:29:58.207 [RX] - 00 00 00 00 00 00 00 00 00 00 00 00 00 00 00 00 00 00 00 00 00 00 00 00 00 00 00 00 00 00 00 00 00 00 00 00 00 00 00 00 00 00 00 00 00 00 00 
2026/10/1 14:29:58.754 [TX] - 56 69 56 4F 74 65 63 68 32 00 2C 02 00 02 0A 00 B1 E4 
2026/10/1 14:29:58.897 [RX] - 56 69 56 4F 74 65 63 68 32 00 2C 00 00 05  

2026/10/1 14:29:58.897 [RX] - 03 7E BD BA E5 FA EE 00 00 00 00 00 00 00 00 00 00 00 00 00 00 00 00 00 00 00 00 00 00 00 00 00 00 00 00 00 00 00 00 00 00 00 00 00 00 00 00 00 00  
Start Initialize Card...

 
You are about to authenticate Block 54 with valid Key A.


2026/10/1 14:29:59.765 [TX] - 56 69 56 4F 74 65 63 68 32 00 2C 06 00 08 36 01 FF FF FF FF FF FF CA 0C 
2026/10/1 14:29:59.777 [RX] - 56 69 56 4F 74 65 63 68 32 00 2C 00 00 00 1C 9B  

2026/10/1 14:29:59.777 [RX] - 00 00 00 00 00 00 00 00 00 00 00 00 00 00 00 00 00 00 00 00 00 00 00 00 00 00 00 00 00 00 00 00 00 00 00 00 00 00 00 00 00 00 00 00 00 00 00  Result = PASSED
 
Writing Key A = 11 22 33 44 55 66 to card.


2026/10/1 14:29:59.802 [TX] - 56 69 56 4F 74 65 63 68 32 00 2C 08 00 12 31 37 11 22 33 44 55 66 FF 07 80 69 FF FF FF FF FF FF 58 48 
2026/10/1 14:29:59.818 [RX] - 56 69 56 4F 74 65 63 68 32 00 2C 00 00 00 1C 9B  

2026/10/1 14:29:59.818 [RX] - 00 00 00 00 00 00 00 00 00 00 00 00 00 00 00 00 00 00 00 00 00 00 00 00 00 00 00 00 00 00 00 00 00 00 00 00 00 00 00 00 00 00 00 00 00 00 00  Result = PASSED
 
You are about to authenticate Block 49 with valid Key A.


2026/10/1 14:29:59.839 [TX] - 56 69 56 4F 74 65 63 68 32 00 2C 06 00 08 31 01 FF FF FF FF FF FF 0D 14 
2026/10/1 14:29:59.851 [RX] - 56 69 56 4F 74 65 63 68 32 00 2C 00 00 00 1C 9B  

2026/10/1 14:29:59.851 [RX] - 00 00 00 00 00 00 00 00 00 00 00 00 00 00 00 00 00 00 00 00 00 00 00 00 00 00 00 00 00 00 00 00 00 00 00 00 00 00 00 00 00 00 00 00 00 00 00  Result = PASSED
 
Initialize Card - COMPLETE


2026/10/1 14:29:59.873 [TX] - 56 69 56 4F 74 65 63 68 32 00 2C 07 00 02 31 31 6D AE 
2026/10/1 14:29:59.883 [RX] - 56 69 56 4F 74 65 63 68 32 00 2C 00 00 10 49  

2026/10/1 14:29:59.883 [RX] - 49 49 49 49 49 49 49 49 49 49 49 49 49 49 49 C8 2E 00 00 00 00 00 00 00 00 00 00 00 00 00 00 00 00 00 00 00 00 00 00 00 00 00 00 00 00 00 00 00  Result = PASSED

2026/10/1 14:29:59.898 [TX] - 56 69 56 4F 74 65 63 68 32 00 2C 07 00 02 31 32 5D CD 
2026/10/1 14:29:59.912 [RX] - 56 69 56 4F 74 65 63 68 32 00 2C 00 00 10 50  

2026/10/1 14:29:59.912 [RX] - 50 50 50 50 50 50 50 50 50 50 50 50 50 50 50 32 90 00 00 00 00 00 00 00 00 00 00 00 00 00 00 00 00 00 00 00 00 00 00 00 00 00 00 00 00 00 00 00  Result = PASSED

2026/10/1 14:29:59.926 [TX] - 56 69 56 4F 74 65 63 68 32 00 2C 07 00 02 31 33 4D EC 
2026/10/1 14:29:59.943 [RX] - 56 69 56 4F 74 65 63 68 32 00 2C 00 00 10 00  

2026/10/1 14:29:59.943 [RX] - 00 00 00 00 00 FF 07 80 69 FF FF FF FF FF FF 5C 83 00 00 00 00 00 00 00 00 00 00 00 00 00 00 00 00 00 00 00 00 00 00 00 00 00 00 00 00 00 00 00  Result = PASSED

2026/10/1 14:29:59.959 [TX] - 56 69 56 4F 74 65 63 68 32 00 2C 07 00 02 31 36 1D 49 
2026/10/1 14:30:00.106 [RX] - 56 69 56 4F 74 65 63 68 32 00 2C 0A 00 00 DB 5A  

2026/10/1 14:30:00.106 [RX] - 00 00 00 00 00 00 00 00 00 00 00 00 00 00 00 00 00 00 00 00 00 00 00 00 00 00 00 00 00 00 00 00 00 00 00 00 00 00 00 00 00 00 00 00 00 00 00  Result = PASSED

2026/10/1 14:30:00.125 [TX] - 56 69 56 4F 74 65 63 68 32 00 2C 07 00 02 31 37 0D 68 
2026/10/1 14:30:00.269 [RX] - 56 69 56 4F 74 65 63 68 32 00 2C 0A 00 00 DB 5A  

2026/10/1 14:30:00.269 [RX] - 00 00 00 00 00 00 00 00 00 00 00 00 00 00 00 00 00 00 00 00 00 00 00 00 00 00 00 00 00 00 00 00 00 00 00 00 00 00 00 00 00 00 00 00 00 00 00  Result = PASSED

2026/10/1 14:30:00.282 [TX] - 56 69 56 4F 74 65 63 68 32 00 2C 07 00 02 31 31 6D AE 
2026/10/1 14:30:00.351 [RX] - 56 69 56 4F 74 65 63 68 32 00 2C 00 00 10 49  

2026/10/1 14:30:00.351 [RX] - 49 49 49 49 49 49 49 49 49 49 49 49 49 49 49 C8 2E 00 00 00 00 00 00 00 00 00 00 00 00 00 00 00 00 00 00 00 00 00 00 00 00 00 00 00 00 00 00 00  Result = FAILED

2026/10/1 14:30:05.294 [TX] - 56 69 56 4F 74 65 63 68 32 00 2C 07 00 02 31 39 EC A6 
2026/10/1 14:30:05.309 [RX] - 56 69 56 4F 74 65 63 68 32 00 2C 00 00 10 57  

2026/10/1 14:30:05.309 [RX] - 57 57 57 57 57 57 57 57 57 57 57 57 57 57 57 58 35 00 00 00 00 00 00 00 00 00 00 00 00 00 00 00 00 00 00 00 00 00 00 00 00 00 00 00 00 00 00 00  Result = FAILED
 
ReAuthenticate

 ----- ReAuthenticate -----


2026/10/1 14:30:10.334 [TX] - 56 69 56 4F 74 65 63 68 32 00 2C 06 00 08 36 01 11 22 33 44 55 66 C5 B2 
2026/10/1 14:30:10.346 [RX] - 56 69 56 4F 74 65 63 68 32 00 2C 00 00 00 1C 9B  

2026/10/1 14:30:10.346 [RX] - 00 00 00 00 00 00 00 00 00 00 00 00 00 00 00 00 00 00 00 00 00 00 00 00 00 00 00 00 00 00 00 00 00 00 00 00 00 00 00 00 00 00 00 00 00 00 00  Result = PASSED

2026/10/1 14:30:10.364 [TX] - 56 69 56 4F 74 65 63 68 32 00 2C 07 00 02 31 36 1D 49 
2026/10/1 14:30:10.374 [RX] - 56 69 56 4F 74 65 63 68 32 00 2C 00 00 10 54  

2026/10/1 14:30:10.374 [RX] - 54 54 54 54 54 54 54 54 54 54 54 54 54 54 54 67 CC 00 00 00 00 00 00 00 00 00 00 00 00 00 00 00 00 00 00 00 00 00 00 00 00 00 00 00 00 00 00 00  Result = FAILED

2026/10/1 14:30:15.380 [TX] - 56 69 56 4F 74 65 63 68 32 00 2C 07 00 02 31 37 0D 68 
2026/10/1 14:30:15.390 [RX] - 56 69 56 4F 74 65 63 68 32 00 2C 00 00 10 00  

2026/10/1 14:30:15.390 [RX] - 00 00 00 00 00 FF 07 80 69 FF FF FF FF FF FF 5C 83 00 00 00 00 00 00 00 00 00 00 00 00 00 00 00 00 00 00 00 00 00 00 00 00 00 00 00 00 00 00 00  Result = FAILED

2026/10/1 14:30:20.394 [TX] - 56 69 56 4F 74 65 63 68 32 00 2C 07 00 02 31 31 6D AE 
2026/10/1 14:30:20.540 [RX] - 56 69 56 4F 74 65 63 68 32 00 2C 0A 00 00 DB 5A  

2026/10/1 14:30:20.540 [RX] - 00 00 00 00 00 00 00 00 00 00 00 00 00 00 00 00 00 00 00 00 00 00 00 00 00 00 00 00 00 00 00 00 00 00 00 00 00 00 00 00 00 00 00 00 00 00 00  Result = PASSED

2026/10/1 14:30:20.561 [TX] - 56 69 56 4F 74 65 63 68 32 00 2C 07 00 02 31 39 EC A6 
2026/10/1 14:30:20.702 [RX] - 56 69 56 4F 74 65 63 68 32 00 2C 0A 00 00 DB 5A  

2026/10/1 14:30:20.702 [RX] - 00 00 00 00 00 00 00 00 00 00 00 00 00 00 00 00 00 00 00 00 00 00 00 00 00 00 00 00 00 00 00 00 00 00 00 00 00 00 00 00 00 00 00 00 00 00 00  Result = PASSED
 
TEST COMPLETE


2026/10/1 14:30:20.739 [TX] - 56 69 56 4F 74 65 63 68 32 00 2C 01 00 01 01 1D 19 
2026/10/1 14:30:20.749 [RX] - 56 69 56 4F 74 65 63 68 32 00 2C 00 00 00 1C 9B  

2026/10/1 14:30:20.749 [RX] - 00 00 00 00 00 00 00 00 00 00 00 00 00 00 00 00 00 00 00 00 00 00 00 00 00 00 00 00 00 00 00 00 00 00 00 00 00 00 00 00 00 00 00 00 00 00 00 
2026/10/1 14:30:20.760 [TX] - 56 69 56 4F 74 65 63 68 32 00 28 01 00 01 01 94 1F 
2026/10/1 14:30:20.767 [RX] - 56 69 56 4F 74 65 63 68 32 00 28 00 00 00 D6 6A  

2026/10/1 14:30:20.767 [RX] - 00 00 00 00 00 00 00 00 00 00 00 00 00 00 00 00 00 00 00 00 00 00 00 00 00 00 00 00 00 00 00 00 00 00 00 00 00 00 00 00 00 00 00 00 00 00 00 
2026/10/1 14:30:21.330 [TX] - 56 69 56 4F 74 65 63 68 32 00 2C 02 00 02 0A 00 B1 E4 
2026/10/1 14:30:21.477 [RX] - 56 69 56 4F 74 65 63 68 32 00 2C 00 00 05  

2026/10/1 14:30:21.477 [RX] - 03 7E BD BA E5 FA EE 00 00 00 00 00 00 00 00 00 00 00 00 00 00 00 00 00 00 00 00 00 00 00 00 00 00 00 00 00 00 00 00 00 00 00 00 00 00 00 00 00 00  
Start Set Card To Default...

 
You are about to authenticate Block 54 with valid Key A.


2026/10/1 14:30:22.357 [TX] - 56 69 56 4F 74 65 63 68 32 00 2C 06 00 08 36 01 11 22 33 44 55 66 C5 B2 
2026/10/1 14:30:22.370 [RX] - 56 69 56 4F 74 65 63 68 32 00 2C 00 00 00 1C 9B  

2026/10/1 14:30:22.370 [RX] - 00 00 00 00 00 00 00 00 00 00 00 00 00 00 00 00 00 00 00 00 00 00 00 00 00 00 00 00 00 00 00 00 00 00 00 00 00 00 00 00 00 00 00 00 00 00 00  Result = PASSED
 
Writing Key A = FF FF FF FF FF FF to card.


2026/10/1 14:30:22.407 [TX] - 56 69 56 4F 74 65 63 68 32 00 2C 08 00 12 31 37 FF FF FF FF FF FF FF 07 80 69 FF FF FF FF FF FF 36 3E 
2026/10/1 14:30:22.422 [RX] - 56 69 56 4F 74 65 63 68 32 00 2C 00 00 00 1C 9B  

2026/10/1 14:30:22.422 [RX] - 00 00 00 00 00 00 00 00 00 00 00 00 00 00 00 00 00 00 00 00 00 00 00 00 00 00 00 00 00 00 00 00 00 00 00 00 00 00 00 00 00 00 00 00 00 00 00  Result = PASSED
 
Set Card To Default - COMPLETE

 

 ---------- END OF TEST ----------

 Result = PASSED


Docklight Log File (HEX) - Stopped 2026/10/1 14:30:24.796 

