Docklight Log File (HEX) - Started 2026/9/30 15:39:32.126 
 TEST CASE: MF000404-4K

 --- Set POS COM PORT Settings
 Set POS COM PORT...
 POS operating on COM90 @ 115200 baud...
 Set POS COM PORT - COMPLETE


2026/9/30 15:39:33.486 [TX] - 56 69 56 4F 74 65 63 68 32 00 2C 01 00 01 00 0D 38 
2026/9/30 15:39:33.493 [RX] - 56 69 56 4F 74 65 63 68 32 00 2C 0C 00 00 69 FA 00 00 00 00 00 00 00 00 00 00 00 00 00 00 00 00 00 00 00 00 00 00 00 00 00 00 00 00 00 00 00 00 00 00 00 00 00 00 00 00 00 00 00 00 00 00 00  
PT Start


2026/9/30 15:39:34.502 [TX] - 56 69 56 4F 74 65 63 68 32 00 2C 01 00 01 01 1D 19 
2026/9/30 15:39:34.514 [RX] - 56 69 56 4F 74 65 63 68 32 00 2C 00 00 00 1C 9B  PT command (OK)

2026/9/30 15:39:34.514 [RX] - 00 00 00 00 00 00 00 00 00 00 00 00 00 00 00 00 00 00 00 00 00 00 00 00 00 00 00 00 00 00 00 00 00 00 00 00 00 00 00 00 00 00 00 00 00 00 00  
Antenna Enable


2026/9/30 15:39:34.523 [TX] - 56 69 56 4F 74 65 63 68 32 00 28 01 00 01 01 94 1F 
2026/9/30 15:39:34.533 [RX] - 56 69 56 4F 74 65 63 68 32 00 28 00 00 00 D6 6A  Antenna Enable (OK)

2026/9/30 15:39:34.533 [RX] - 00 00 00 00 00 00 00 00 00 00 00 00 00 00 00 00 00 00 00 00 00 00 00 00 00 00 00 00 00 00 00 00 00 00 00 00 00 00 00 00 00 00 00 00 00 00 00  
Poll for Token (10 sec)


2026/9/30 15:39:35.052 [TX] - 56 69 56 4F 74 65 63 68 32 00 2C 02 00 02 0A 00 B1 E4 
2026/9/30 15:39:35.191 [RX] - 56 69 56 4F 74 65 63 68 32 00 2C 00 00 05 03 E8 C3 E5 95 B8 F7  Poll for Token (OK)

2026/9/30 15:39:35.191 [RX] - 00 00 00 00 00 00 00 00 00 00 00 00 00 00 00 00 00 00 00 00 00 00 00 00 00 00 00 00 00 00 00 00 00 00 00 00 00 00 00 00 00 00  
Mifare auth - Sector 32


2026/9/30 15:39:36.139 [TX] - 56 69 56 4F 74 65 63 68 32 00 2C 06 00 08 80 01 FF FF FF FF FF FF F1 9A 
2026/9/30 15:39:36.151 [RX] - 56 69 56 4F 74 65 63 68 32 00 2C 00 00 00 1C 9B  PT command (OK)

2026/9/30 15:39:36.151 [RX] - 00 00 00 00 00 00 00 00 00 00 00 00 00 00 00 00 00 00 00 00 00 00 00 00 00 00 00 00 00 00 00 00 00 00 00 00 00 00 00 00 00 00 00 00 00 00 00  
Read 15 block started on block #128 (1st blk of 2nd 2k area)


2026/9/30 15:39:36.177 [TX] - 56 69 56 4F 74 65 63 68 32 00 2C 07 00 02 3F 80 F9 5B 
2026/9/30 15:39:36.221 [RX] - 56 69 56 4F 74 65 63 68 32 00 2C 00 00 F0 81 00 00 00 00 00 00 00 00 00 00 00 00 00 00 00 82 00 00 00 00 00 00 00 00 00 00 00 00 00 00 00 83 00 00 00 00 00 00 00 00 00 00 00 00 00 00 00 84 00 00 00 00 00 00 00 00 00 00 00 00 00 00 00 85 00 00 00 00 00 00 00 00 00 00 00 00 00 00 00 86 00 00 00 00 00 00 00 00 00 00 00 00 00 00 00 87 00 00 00 00 00 00 00 00 00 00 00 00 00 00 00 88 00 00 00 00 00 00 00 00 00 00 00 00 00 00 00 89 00 00 00 00 00 00 00 00 00 00 00 00 00 00 00 8A 00 00 00 00 00 00 00 00 00 00 00 00 00 00 00 8B 00 00 00 00 00 00 00 00 00 00 00 00 00 00 00 8C 00 00 00 00 00 00 00 00 00 00 00 00 00 00 00 8D 00 00 00 00 00 00 00 00 00 00 00 00 00 00 00 8E 00 00 00 00 00 00 00 00 00 00 00 00 00 00 00 8F 00 00 00 00 00 00 00 00 00 00 00 00 00 00 00 BB 6B 00 00 00 00 00 00 00 00 00 00 00 00 00 00 00 00 00 00 00 00 00 00 00 00 00 00 00 00 00 00 00 00 00 00 00 00 00 00 00 00 00 00 00 00 00 00 00 00 00 00 00 00 00 00 00 00 00 00 00 
2026/9/30 15:39:36.247 [TX] - 56 69 56 4F 74 65 63 68 32 00 2C 01 00 01 00 0D 38 
2026/9/30 15:39:36.259 [RX] - 56 69 56 4F 74 65 63 68 32 00 2C 00 00 00 1C 9B  PT command (OK)

2026/9/30 15:39:36.259 [RX] - 00 00 00 00 00 00 00 00 00 00 00 00 00 00 00 00 00 00 00 00 00 00 00 00 00 00 00 00 00 00 00 00 00 00 00 00 00 00 00 00 00 00 00 00 00 00 00  Result = PASSED
 ---------- END OF TEST ----------

 

 MASTER RESULT = PASSED


Docklight Log File (HEX) - Stopped 2026/9/30 15:39:37.369 

