Docklight Log File (HEX) - Started 2026/8/21 15:31:34.218 
 TEST CASE: ST102-1

 --- Set POS COM PORT Settings
 Set POS COM PORT...
 POS operating on COM90 @ 9600 baud...
 Set POS COM PORT - COMPLETE

 --- Poll on demand

2026/8/21 15:31:38.457 [TX] - 56 69 56 4F 74 65 63 68 32 00 01 01 00 01 01 D7 34 
2026/8/21 15:31:38.471 [RX] - 56 69 56 4F 74 65 63 68 32 00 01 00 00 00 12 53 00 00 00 00 00 00 00 00 00 00 00 00 00 00 00 00 00 00 00 00 00 00 00 00 00 00 00 00 00 00 00 00 00 00 00 00 00 00 00 00 00 00 00 00 00 00 00  

 --- Burst mode off

2026/8/21 15:31:38.993 [TX] - 56 69 56 4F 74 65 63 68 32 00 04 00 00 05 DF EE 7E 01 00 60 1E 
2026/8/21 15:31:39.052 [RX] - 56 69 56 4F 74 65 63 68 32 00 04 00 00 00 AE 16 00 00 00 00 00 00 00 00 00 00 00 00 00 00 00 00 00 00 00 00 00 00 00 00 00 00 00 00 00 00 00 00 00 00 00 00 00 00 00 00 00 00 00 00 00 00 00  

 --- Set Merchant 4 - pass.com.apple.wallet.dev_Panera

2026/8/21 15:31:39.589 [TX] - 56 69 56 4F 74 65 63 68 32 00 04 11 00 63 04 01 06 41 3B 95 7A 52 59 98 3B 60 8C FC 89 CF B1 DA B9 0C E7 05 AD 8E FF 78 E9 DE 12 2C CF 8D 2C BF 00 00 00 00 00 00 00 00 00 00 00 00 00 00 00 00 00 00 00 00 00 00 00 00 00 00 00 00 00 00 00 00 00 00 00 00 00 00 00 00 00 00 00 00 00 00 00 00 00 00 00 00 00 00 00 00 00 00 00 00 00 00 00 00 00 E7 6F 
2026/8/21 15:31:39.651 [RX] - 56 69 56 4F 74 65 63 68 32 00 04 00 00 00 AE 16 00 00 00 00 00 00 00 00 00 00 00 00 00 00 00 00 00 00 00 00 00 00 00 00 00 00 00 00 00 00 00 00 00 00 00 00 00 00 00 00 00 00 00 00 00 00 00  
>>>>>>>>>>>>>>>>>>>>>>>>>>>>>>> AT cmd 02-40 <<<<<<<<<<<<<<<<<<<<<<<<<<

 

 --- 02-40 Apple VAS Only + ST Get VAS Only (NEO2)

2026/8/21 15:31:44.247 [TX] - 56 69 56 4F 74 65 63 68 32 00 02 40 00 38 0A 9F 02 06 00 00 00 00 00 01 9C 01 00 FF EE 06 19 9F 22 02 01 00 9F 26 04 00 00 00 02 9F 2B 05 01 00 00 00 00 DF EE 01 01 01 FF EE 08 0A DF EF 1A 01 02 DF ED 28 01 00 D3 9E 
2026/8/21 15:31:44.282 [RX] - 56 69 56 4F 74 65 63 68 32 00 02 63 00 00 4B B4 00 00 00 00 00 00 00 00 00 00 00 00 00 00 00 00 00 00 00 00 00 00 00 00 00 00 00 00 00 00 00 00 00 00 00 00 00 00 00 00 00 00 00 00 00 00 00 56 69 56 4F 74 65 63 68 32 00 61 01 00 10 03 00 00 02 00 45 4E 03 00 82 57 1C 02 00 00 20 5E B3 00 00 00 00 00 00 00 00 00 00 00 00 00 00 00 00 00 00 00 00 00 00 00 00 00 00 00 00 00 00 00 56 69 56 4F 74 65 63 68 32 00 61 01 00 19 04 00 00 02 00 45 4E 0C 00 84 01 1C 04 24 1C 04 30 2E 30 31 1C 02 00 F4 21 DF 62 00 00 00 00 00 00 00 00 00 00 00 00 00 00 00 00 00 00 00 00 00 00 56 69 56 4F 74 65 63 68 32 00 61 01 00 10 03 00 00 02 00 45 4E 03 00 82 1A 1C 02 00 F4 21 29 58 00 00 00 00 00 00 00 00 00 00 00 00 00 00 00 00 00 00 00 00 00 00 00 00 00 00 00 00 00 00 00 56 69 56 4F 74 65 63 68 32 00 02 57 00 8D E5 DF EE 26 02 E5 06 FF EE 06 75 9A 03 26 08 21 9F 21 03 07 31 44 9F 25 20 06 41 3B 95 7A 52 59 98 3B 60 8C FC 89 CF B1 DA B9 0C E7 05 AD 8E FF 78 E9 DE 12 2C CF 8D 2C BF 9F 2A 00 9F 27 41 44 8D EC 4C F8 27 2E D4 02 45 05 AE 66 38 0B E0 81 16 65 EA 08 B0 22 42 51 15 84 7C 6A DA EC B4 9B 58 29 64 46 0A B4 3D 62 36 24 9C 3E A9 64 DB 93 A0 13 59 43 E0 4E FC E5 2D F0 95 F9 86 4F D6 B6 9F 39 01 07 FF EE 01 05 DF EE 30 01 00 C2 5B 00 00 00 00 00 00 00 00 00 00 00 00 00 00 00 00 00 00 00 00 00 00 00 00 00 00 00 00 00 00 00 00 56 69 56 4F 74 65 63 68 32 00 61 01 00 10 03 00 00 02 00 45 4E 03 00 82 23 1C 02 00 00 20 63 F0 00 00 00 00 00 00 00 00 00 00 00 00 00 00 00 00 00 00 00 00 00 00 00 00 00 00 00 00 00 00 00  

 --- 02-40 Apple VAS Only + ST Secure Get VAS Only (NEO2)

2026/8/21 15:31:48.826 [TX] - 56 69 56 4F 74 65 63 68 32 00 02 40 00 38 0A 9F 02 06 00 00 00 00 00 01 9C 01 00 FF EE 06 19 9F 22 02 01 00 9F 26 04 00 00 00 02 9F 2B 05 01 00 00 00 00 DF EE 01 01 01 FF EE 08 0A DF EF 1A 01 0A DF ED 28 01 00 91 93 
2026/8/21 15:31:48.860 [RX] - 56 69 56 4F 74 65 63 68 32 00 02 63 00 00 4B B4 00 00 00 00 00 00 00 00 00 00 00 00 00 00 00 00 00 00 00 00 00 00 00 00 00 00 00 00 00 00 00 00 00 00 00 00 00 00 00 00 00 00 00 00 00 00 00 56 69 56 4F 74 65 63 68 32 00 61 01 00 10 03 00 00 02 00 45 4E 03 00 82 57 1C 02 00 00 20 5E B3 00 00 00 00 00 00 00 00 00 00 00 00 00 00 00 00 00 00 00 00 00 00 00 00 00 00 00 00 00 00 00 56 69 56 4F 74 65 63 68 32 00 61 01 00 19 04 00 00 02 00 45 4E 0C 00 84 01 1C 04 24 1C 04 30 2E 30 31 1C 02 00 F4 21 DF 62 00 00 00 00 00 00 00 00 00 00 00 00 00 00 00 00 00 00 00 00 00 00 56 69 56 4F 74 65 63 68 32 00 61 01 00 10 03 00 00 02 00 45 4E 03 00 82 1A 1C 02 00 F4 21 29 58 00 00 00 00 00 00 00 00 00 00 00 00 00 00 00 00 00 00 00 00 00 00 00 00 00 00 00 00 00 00 00 56 69 56 4F 74 65 63 68 32 00 02 57 00 8D E5 DF EE 26 02 E5 06 FF EE 06 75 9A 03 26 08 21 9F 21 03 07 31 48 9F 25 20 06 41 3B 95 7A 52 59 98 3B 60 8C FC 89 CF B1 DA B9 0C E7 05 AD 8E FF 78 E9 DE 12 2C CF 8D 2C BF 9F 2A 00 9F 27 41 44 8D EC 4C F6 CA 04 65 5D CE E9 8D E2 87 D7 12 93 D4 0B 08 89 4D F0 C8 54 6A 92 4B AE 86 79 D4 D3 6D 1F 4F 2F 4C B5 5A 8A 0F EA E0 4C 10 C3 BE A2 4A 02 2F 28 DB FE 8C 15 82 81 C4 D0 93 EC 4C 7C 9F 39 01 07 FF EE 01 05 DF EE 30 01 00 A3 E7 00 00 00 00 00 00 00 00 00 00 00 00 00 00 00 00 00 00 00 00 00 00 00 00 00 00 00 00 00 00 00 00 56 69 56 4F 74 65 63 68 32 00 61 01 00 10 03 00 00 02 00 45 4E 03 00 82 23 1C 02 00 00 20 63 F0 00 00 00 00 00 00 00 00 00 00 00 00 00 00 00 00 00 00 00 00 00 00 00 00 00 00 00 00 00 00 00  

 --- 02-40 Apple Pay Only + ST Pay Only (NEO2)

2026/8/21 15:31:54.640 [TX] - 56 69 56 4F 74 65 63 68 32 00 02 40 00 33 0A 9F 02 06 00 00 00 00 00 01 9C 01 00 FF EE 06 19 9F 22 02 01 00 9F 26 04 00 00 00 03 9F 2B 05 01 00 00 00 00 DF EE 01 01 01 FF EE 08 05 DF EF 1A 01 03 84 D9 
2026/8/21 15:31:54.674 [RX] - 56 69 56 4F 74 65 63 68 32 00 02 63 00 00 4B B4 00 00 00 00 00 00 00 00 00 00 00 00 00 00 00 00 00 00 00 00 00 00 00 00 00 00 00 00 00 00 00 00 00 00 00 00 00 00 00 00 00 00 00 00 00 00 00 56 69 56 4F 74 65 63 68 32 00 61 01 00 10 03 00 00 02 00 45 4E 03 00 82 57 1C 02 00 00 20 5E B3 00 00 00 00 00 00 00 00 00 00 00 00 00 00 00 00 00 00 00 00 00 00 00 00 00 00 00 00 00 00 00 56 69 56 4F 74 65 63 68 32 00 61 01 00 19 04 00 00 02 00 45 4E 0C 00 84 01 1C 04 24 1C 04 30 2E 30 31 1C 02 00 F4 21 DF 62 00 00 00 00 00 00 00 00 00 00 00 00 00 00 00 00 00 00 00 00 00 00 56 69 56 4F 74 65 63 68 32 00 61 01 00 10 03 00 00 02 00 45 4E 03 00 82 1A 1C 02 00 F4 21 29 58 00 00 00 00 00 00 00 00 00 00 00 00 00 00 00 00 00 00 00 00 00 00 00 00 00 00 00 00 00 00 00 56 69 56 4F 74 65 63 68 32 00 61 01 00 10 03 00 00 02 00 45 4E 03 00 82 68 1C 02 00 F4 21 F5 96 00 00 00 00 00 00 00 00 00 00 00 00 00 00 00 00 00 00 00 00 00 00 00 00 00 00 00 00 00 00 00 56 69 56 4F 74 65 63 68 32 00 61 01 00 10 03 00 00 02 00 45 4E 03 00 82 15 1C 02 00 F4 21 2A 9D 00 00 00 00 00 00 00 00 00 00 00 00 00 00 00 00 00 00 00 00 00 00 00 00 00 00 00 00 00 00 00 56 69 56 4F 74 65 63 68 32 00 02 23 02 5F E5 DF EE 26 02 E5 06 DF EE 12 0A FF FF FF 02 00 1C 0B E0 00 40 DF EF 4C 06 00 00 00 00 00 00 DF EF 4D 00 DF 81 29 08 30 F0 F0 30 A0 F0 FF 00 DF 81 16 16 1B FF 00 00 13 00 00 00 00 00 00 00 00 00 00 00 00 00 00 00 00 00 FF 81 05 82 01 B7 4F 07 A0 00 00 00 03 10 10 50 04 56 49 53 41 57 A1 13 48 31 CC CC CC CC 59 73 D2 81 2C CC CC CC CC CC CC CC CC 57 C1 28 01 99 0E 21 19 75 4A 8B 94 D6 16 6E 57 54 2B AB 88 8E 11 66 7E 7D F8 01 99 39 C9 5E FA 40 64 1D CE 27 F4 19 76 2D 1E 34 5A A1 08 48 31 CC CC CC CC 59 73 5A C1 10 95 B3 09 41 37 08 5A FF 84 DF 38 F5 B2 8B D7 55 82 02 00 60 84 07 A0 00 00 00 03 10 10 95 05 00 00 00 00 00 96 01 03 9A 03 26 08 21 9C 01 00 5F 28 02 07 02 5F 2A 02 08 40 5F 34 01 00 5F 36 01 02 9F 02 06 00 00 00 00 00 01 9F 03 06 00 00 00 00 00 00 9F 06 07 A0 00 00 00 03 10 10 9F 09 02 00 02 9F 10 20 1F 42 03 32 A0 00 00 00 00 10 03 02 73 00 00 00 00 40 00 00 00 00 00 00 00 00 00 00 00 00 00 00 9F 15 02 00 00 9F 19 06 04 00 10 03 02 73 9F 1A 02 08 40 9F 1B 04 00 00 1F 40 9F 1E 08 39 54 35 33 33 35 35 39 9F 21 03 07 31 54 9F 24 1D 56 30 30 31 30 30 31 33 30 31 36 31 38 33 31 31 33 34 38 39 37 31 33 35 33 36 32 34 32 9F 26 08 E7 B0 88 AB A0 2E 86 9E 9F 27 01 80 9F 33 03 E0 08 40 9F 34 03 24 03 02 9F 35 01 15 9F 36 02 07 8C 9F 37 04 08 F4 31 AE 9F 39 01 07 9F 40 05 80 00 00 00 00 9F 41 04 00 00 00 14 9F 4E 1E 00 00 00 00 00 00 00 00 00 00 00 00 00 00 00 00 00 00 00 00 00 00 00 00 00 00 00 00 00 00 9F 5A 05 40 07 02 07 02 9F 66 04 30 00 C0 00 9F 6C 02 00 80 9F 6E 04 23 88 00 00 DF 81 26 06 00 00 00 00 60 00 DF EE 4C 01 06 FF EE 01 0F DF EE 30 01 00 DF EE 52 01 03 DF EE 5B 01 05 DF EC 1C 1E 08 08 00 01 FF 00 1B 00 00 00 13 FF 00 00 00 00 00 00 00 00 00 00 00 00 00 00 00 00 FF 00 DF EC 11 20 4C 73 C6 DF A3 34 2E 39 D9 AF B2 1D 56 59 46 BE 3F 0F DC 19 44 5D 56 89 74 6D 51 5B C5 FC 70 98 2C B1 00 00 00 00 00 00 00  

 --- 02-40 Apple VAS & Pay + ST Get VAS & Pay (NEO2)

2026/8/21 15:32:03.951 [TX] - 56 69 56 4F 74 65 63 68 32 00 02 40 00 38 0A 9F 02 06 00 00 00 00 00 01 9C 01 00 FF EE 06 19 9F 22 02 01 00 9F 26 04 00 00 00 01 9F 2B 05 01 00 00 00 00 DF EE 01 01 01 FF EE 08 0A DF EF 1A 01 01 DF ED 28 01 00 8F 3D 
2026/8/21 15:32:03.985 [RX] - 56 69 56 4F 74 65 63 68 32 00 02 63 00 00 4B B4 00 00 00 00 00 00 00 00 00 00 00 00 00 00 00 00 00 00 00 00 00 00 00 00 00 00 00 00 00 00 00 00 00 00 00 00 00 00 00 00 00 00 00 00 00 00 00 56 69 56 4F 74 65 63 68 32 00 61 01 00 10 03 00 00 02 00 45 4E 03 00 82 57 1C 02 00 00 20 5E B3 00 00 00 00 00 00 00 00 00 00 00 00 00 00 00 00 00 00 00 00 00 00 00 00 00 00 00 00 00 00 00 56 69 56 4F 74 65 63 68 32 00 61 01 00 19 04 00 00 02 00 45 4E 0C 00 84 01 1C 04 24 1C 04 30 2E 30 31 1C 02 00 F4 21 DF 62 00 00 00 00 00 00 00 00 00 00 00 00 00 00 00 00 00 00 00 00 00 00 56 69 56 4F 74 65 63 68 32 00 61 01 00 10 03 00 00 02 00 45 4E 03 00 82 1A 1C 02 00 F4 21 29 58 00 00 00 00 00 00 00 00 00 00 00 00 00 00 00 00 00 00 00 00 00 00 00 00 00 00 00 00 00 00 00 56 69 56 4F 74 65 63 68 32 00 61 01 00 10 03 00 00 02 00 45 4E 03 00 82 68 1C 02 00 F4 21 F5 96 00 00 00 00 00 00 00 00 00 00 00 00 00 00 00 00 00 00 00 00 00 00 00 00 00 00 00 00 00 00 00 56 69 56 4F 74 65 63 68 32 00 61 01 00 10 03 00 00 02 00 45 4E 03 00 82 15 1C 02 00 F4 21 2A 9D 00 00 00 00 00 00 00 00 00 00 00 00 00 00 00 00 00 00 00 00 00 00 00 00 00 00 00 00 00 00 00 56 69 56 4F 74 65 63 68 32 00 02 23 02 D8 E5 DF EE 26 02 E5 06 DF EE 12 0A FF FF FF 02 00 1C 0B E0 00 41 DF EF 4C 06 00 00 00 00 00 00 DF EF 4D 00 DF 81 29 08 30 F0 F0 30 A0 F0 FF 00 DF 81 16 16 1B FF 00 00 13 00 00 00 00 00 00 00 00 00 00 00 00 00 00 00 00 00 FF 81 05 82 01 B7 4F 07 A0 00 00 00 03 10 10 50 04 56 49 53 41 57 A1 13 48 31 CC CC CC CC 59 73 D2 81 2C CC CC CC CC CC CC CC CC 57 C1 28 8E EE FE 37 8D 3C 1F 4C C7 45 EE 5B A1 D6 C6 0D D9 15 CF DA 8E CC 46 89 99 7E 7E 13 B2 D9 16 0A F5 2C 0A E4 C3 13 B7 E1 5A A1 08 48 31 CC CC CC CC 59 73 5A C1 10 14 12 07 1A BA 7D 6D 2D 8B B8 7B 32 29 0F 6E EA 82 02 00 60 84 07 A0 00 00 00 03 10 10 95 05 00 00 00 00 00 96 01 03 9A 03 26 08 21 9C 01 00 5F 28 02 07 02 5F 2A 02 08 40 5F 34 01 00 5F 36 01 02 9F 02 06 00 00 00 00 00 01 9F 03 06 00 00 00 00 00 00 9F 06 07 A0 00 00 00 03 10 10 9F 09 02 00 02 9F 10 20 1F 42 03 32 A0 00 00 00 00 10 03 02 73 00 00 00 00 40 00 00 00 00 00 00 00 00 00 00 00 00 00 00 9F 15 02 00 00 9F 19 06 04 00 10 03 02 73 9F 1A 02 08 40 9F 1B 04 00 00 1F 40 9F 1E 08 39 54 35 33 33 35 35 39 9F 21 03 07 32 04 9F 24 1D 56 30 30 31 30 30 31 33 30 31 36 31 38 33 31 31 33 34 38 39 37 31 33 35 33 36 32 34 32 9F 26 08 8D 72 4F 09 82 D3 70 EF 9F 27 01 80 9F 33 03 E0 08 40 9F 34 03 24 03 02 9F 35 01 15 9F 36 02 07 8D 9F 37 04 96 B1 71 16 9F 39 01 07 9F 40 05 80 00 00 00 00 9F 41 04 00 00 00 15 9F 4E 1E 00 00 00 00 00 00 00 00 00 00 00 00 00 00 00 00 00 00 00 00 00 00 00 00 00 00 00 00 00 00 9F 5A 05 40 07 02 07 02 9F 66 04 30 00 C0 00 9F 6C 02 00 80 9F 6E 04 23 88 00 00 DF 81 26 06 00 00 00 00 60 00 DF EE 4C 01 06 FF EE 01 0F DF EE 30 01 00 DF EE 52 01 03 DF EE 5B 01 05 DF EC 1C 1E 08 08 00 01 FF 00 1B 00 00 00 13 FF 00 00 00 00 00 00 00 00 00 00 00 00 00 00 00 00 FF 00 FF EE 06 75 9A 03 26 08 21 9F 21 03 07 32 04 9F 25 20 06 41 3B 95 7A 52 59 98 3B 60 8C FC 89 CF B1 DA B9 0C E7 05 AD 8E FF 78 E9 DE 12 2C CF 8D 2C BF 9F 2A 00 9F 27 41 44 8D EC 4C 08 44 D1 0D 37 BD A3 D6 70 45 30 A6 CE C4 B2 23 5B 41 18 50 49 B3 A6 83 E1 60 CC 6D BB CC 2D C2 CA 96 BD 5E 55 9C 0A BD E2 2E 1C 3F 8A 6A D1 D7 69 DE 50 28 50 D4 AD 95 C3 62 2C 38 52 DF EC 11 20 4C 73 C6 DF A3 34 2E 39 D9 AF B2 1D 56 59 46 BE 3F 0F DC 19 44 5D 56 89 74 6D 51 5B C5 FC 70 98 29 EC 00 00 00 00 00 00 00 00 00 00 00 00  

 --- 02-40 Apple VAS & Pay + ST Secure Get VAS & Pay (NEO2)

2026/8/21 15:32:08.064 [TX] - 56 69 56 4F 74 65 63 68 32 00 02 40 00 38 0A 9F 02 06 00 00 00 00 00 01 9C 01 00 FF EE 06 19 9F 22 02 01 00 9F 26 04 00 00 00 01 9F 2B 05 01 00 00 00 00 DF EE 01 01 01 FF EE 08 0A DF EF 1A 01 09 DF ED 28 01 00 CD 30 
2026/8/21 15:32:08.098 [RX] - 56 69 56 4F 74 65 63 68 32 00 02 63 00 00 4B B4 00 00 00 00 00 00 00 00 00 00 00 00 00 00 00 00 00 00 00 00 00 00 00 00 00 00 00 00 00 00 00 00 00 00 00 00 00 00 00 00 00 00 00 00 00 00 00 56 69 56 4F 74 65 63 68 32 00 61 01 00 10 03 00 00 02 00 45 4E 03 00 82 57 1C 02 00 00 20 5E B3 00 00 00 00 00 00 00 00 00 00 00 00 00 00 00 00 00 00 00 00 00 00 00 00 00 00 00 00 00 00 00 56 69 56 4F 74 65 63 68 32 00 61 01 00 19 04 00 00 02 00 45 4E 0C 00 84 01 1C 04 24 1C 04 30 2E 30 31 1C 02 00 F4 21 DF 62 00 00 00 00 00 00 00 00 00 00 00 00 00 00 00 00 00 00 00 00 00 00 56 69 56 4F 74 65 63 68 32 00 61 01 00 10 03 00 00 02 00 45 4E 03 00 82 1A 1C 02 00 F4 21 29 58 00 00 00 00 00 00 00 00 00 00 00 00 00 00 00 00 00 00 00 00 00 00 00 00 00 00 00 00 00 00 00 56 69 56 4F 74 65 63 68 32 00 61 01 00 10 03 00 00 02 00 45 4E 03 00 82 68 1C 02 00 F4 21 F5 96 00 00 00 00 00 00 00 00 00 00 00 00 00 00 00 00 00 00 00 00 00 00 00 00 00 00 00 00 00 00 00 56 69 56 4F 74 65 63 68 32 00 61 01 00 10 03 00 00 02 00 45 4E 03 00 82 15 1C 02 00 F4 21 2A 9D 00 00 00 00 00 00 00 00 00 00 00 00 00 00 00 00 00 00 00 00 00 00 00 00 00 00 00 00 00 00 00 56 69 56 4F 74 65 63 68 32 00 02 23 02 D8 E5 DF EE 26 02 E5 06 DF EE 12 0A FF FF FF 02 00 1C 0B E0 00 42 DF EF 4C 06 00 00 00 00 00 00 DF EF 4D 00 DF 81 29 08 30 F0 F0 30 A0 F0 FF 00 DF 81 16 16 1B FF 00 00 13 00 00 00 00 00 00 00 00 00 00 00 00 00 00 00 00 00 FF 81 05 82 01 B7 4F 07 A0 00 00 00 03 10 10 50 04 56 49 53 41 57 A1 13 48 31 CC CC CC CC 59 73 D2 81 2C CC CC CC CC CC CC CC CC 57 C1 28 1A 09 9B 49 2C 57 24 9C E2 7A 81 44 3F 6C 33 F8 D9 49 0D E1 99 0B 5C 8A 24 89 7E 3B 72 B8 79 D0 B8 DD 9C 8C 30 C5 A8 D9 5A A1 08 48 31 CC CC CC CC 59 73 5A C1 10 41 23 35 AC 14 4C EA BF 80 B5 C6 8A 3B DC C6 0F 82 02 00 60 84 07 A0 00 00 00 03 10 10 95 05 00 00 00 00 00 96 01 03 9A 03 26 08 21 9C 01 00 5F 28 02 07 02 5F 2A 02 08 40 5F 34 01 00 5F 36 01 02 9F 02 06 00 00 00 00 00 01 9F 03 06 00 00 00 00 00 00 9F 06 07 A0 00 00 00 03 10 10 9F 09 02 00 02 9F 10 20 1F 42 03 32 A0 00 00 00 00 10 03 02 73 00 00 00 00 40 00 00 00 00 00 00 00 00 00 00 00 00 00 00 9F 15 02 00 00 9F 19 06 04 00 10 03 02 73 9F 1A 02 08 40 9F 1B 04 00 00 1F 40 9F 1E 08 39 54 35 33 33 35 35 39 9F 21 03 07 32 09 9F 24 1D 56 30 30 31 30 30 31 33 30 31 36 31 38 33 31 31 33 34 38 39 37 31 33 35 33 36 32 34 32 9F 26 08 21 9E 5B A4 94 25 CA 3A 9F 27 01 80 9F 33 03 E0 08 40 9F 34 03 24 03 02 9F 35 01 15 9F 36 02 07 8E 9F 37 04 CF D3 1E B3 9F 39 01 07 9F 40 05 80 00 00 00 00 9F 41 04 00 00 00 16 9F 4E 1E 00 00 00 00 00 00 00 00 00 00 00 00 00 00 00 00 00 00 00 00 00 00 00 00 00 00 00 00 00 00 9F 5A 05 40 07 02 07 02 9F 66 04 30 00 C0 00 9F 6C 02 00 80 9F 6E 04 23 88 00 00 DF 81 26 06 00 00 00 00 60 00 DF EE 4C 01 06 FF EE 01 0F DF EE 30 01 00 DF EE 52 01 03 DF EE 5B 01 05 DF EC 1C 1E 08 08 00 01 FF 00 1B 00 00 00 13 FF 00 00 00 00 00 00 00 00 00 00 00 00 00 00 00 00 FF 00 FF EE 06 75 9A 03 26 08 21 9F 21 03 07 32 08 9F 25 20 06 41 3B 95 7A 52 59 98 3B 60 8C FC 89 CF B1 DA B9 0C E7 05 AD 8E FF 78 E9 DE 12 2C CF 8D 2C BF 9F 2A 00 9F 27 41 44 8D EC 4C F1 1D BD A5 4C 20 BA DA E8 1D 4B D1 29 AB 16 C8 BD 9F E0 FF C9 6A 48 C9 04 08 2F D9 75 AB 93 37 EF 8B 57 24 D3 04 35 CE CB 8C B9 72 72 60 99 49 11 C7 E9 90 D8 89 32 B7 5A 51 D3 0B D6 DF EC 11 20 4C 73 C6 DF A3 34 2E 39 D9 AF B2 1D 56 59 46 BE 3F 0F DC 19 44 5D 56 89 74 6D 51 5B C5 FC 70 98 19 46 00 00 00 00 00 00 00 00 00 00 00 00  

 --- 02-40 Apple VAS or Pay + ST Get VAS or Pay (NEO2)

2026/8/21 15:32:11.887 [TX] - 56 69 56 4F 74 65 63 68 32 00 02 40 00 38 0A 9F 02 06 00 00 00 00 00 01 9C 01 00 FF EE 06 19 9F 22 02 01 00 9F 26 04 00 00 00 00 9F 2B 05 01 00 00 00 00 DF EE 01 01 01 FF EE 08 0A DF EF 1A 01 00 DF ED 28 01 00 BB 5C 
2026/8/21 15:32:11.920 [RX] - 56 69 56 4F 74 65 63 68 32 00 02 63 00 00 4B B4 00 00 00 00 00 00 00 00 00 00 00 00 00 00 00 00 00 00 00 00 00 00 00 00 00 00 00 00 00 00 00 00 00 00 00 00 00 00 00 00 00 00 00 00 00 00 00 56 69 56 4F 74 65 63 68 32 00 61 01 00 10 03 00 00 02 00 45 4E 03 00 82 57 1C 02 00 00 20 5E B3 00 00 00 00 00 00 00 00 00 00 00 00 00 00 00 00 00 00 00 00 00 00 00 00 00 00 00 00 00 00 00 56 69 56 4F 74 65 63 68 32 00 61 01 00 19 04 00 00 02 00 45 4E 0C 00 84 01 1C 04 24 1C 04 30 2E 30 31 1C 02 00 F4 21 DF 62 00 00 00 00 00 00 00 00 00 00 00 00 00 00 00 00 00 00 00 00 00 00 56 69 56 4F 74 65 63 68 32 00 61 01 00 10 03 00 00 02 00 45 4E 03 00 82 1A 1C 02 00 F4 21 29 58 00 00 00 00 00 00 00 00 00 00 00 00 00 00 00 00 00 00 00 00 00 00 00 00 00 00 00 00 00 00 00 56 69 56 4F 74 65 63 68 32 00 02 57 00 8D E5 DF EE 26 02 E5 06 FF EE 06 75 9A 03 26 08 21 9F 21 03 07 32 12 9F 25 20 06 41 3B 95 7A 52 59 98 3B 60 8C FC 89 CF B1 DA B9 0C E7 05 AD 8E FF 78 E9 DE 12 2C CF 8D 2C BF 9F 2A 00 9F 27 41 44 8D EC 4C 9F E7 1D AF 19 B5 38 A0 71 A4 8E 38 2E 34 75 B6 00 FE 5D 4F 9F 02 A4 FA BB 5C F3 33 43 6F 77 34 33 56 90 7F C6 14 62 78 A6 CE 53 9F 65 2F 89 8E 68 E6 88 A4 9B 3F E7 F9 CF D3 80 4D B6 9F 39 01 07 FF EE 01 05 DF EE 30 01 00 A2 64 00 00 00 00 00 00 00 00 00 00 00 00 00 00 00 00 00 00 00 00 00 00 00 00 00 00 00 00 00 00 00 00 56 69 56 4F 74 65 63 68 32 00 61 01 00 10 03 00 00 02 00 45 4E 03 00 82 23 1C 02 00 00 20 63 F0 00 00 00 00 00 00 00 00 00 00 00 00 00 00 00 00 00 00 00 00 00 00 00 00 00 00 00 00 00 00 00  

 --- 02-40 Apple VAS or Pay + ST Get VAS or Pay (NEO2)

2026/8/21 15:32:19.871 [TX] - 56 69 56 4F 74 65 63 68 32 00 02 40 00 38 0A 9F 02 06 00 00 00 00 00 01 9C 01 00 FF EE 06 19 9F 22 02 01 00 9F 26 04 00 00 00 00 9F 2B 05 01 00 00 00 00 DF EE 01 01 01 FF EE 08 0A DF EF 1A 01 00 DF ED 28 01 00 BB 5C 
2026/8/21 15:32:19.906 [RX] - 56 69 56 4F 74 65 63 68 32 00 02 63 00 00 4B B4 00 00 00 00 00 00 00 00 00 00 00 00 00 00 00 00 00 00 00 00 00 00 00 00 00 00 00 00 00 00 00 00 00 00 00 00 00 00 00 00 00 00 00 00 00 00 00 56 69 56 4F 74 65 63 68 32 00 61 01 00 10 03 00 00 02 00 45 4E 03 00 82 57 1C 02 00 00 20 5E B3 00 00 00 00 00 00 00 00 00 00 00 00 00 00 00 00 00 00 00 00 00 00 00 00 00 00 00 00 00 00 00 56 69 56 4F 74 65 63 68 32 00 61 01 00 19 04 00 00 02 00 45 4E 0C 00 84 01 1C 04 24 1C 04 30 2E 30 31 1C 02 00 F4 21 DF 62 00 00 00 00 00 00 00 00 00 00 00 00 00 00 00 00 00 00 00 00 00 00 56 69 56 4F 74 65 63 68 32 00 61 01 00 10 03 00 00 02 00 45 4E 03 00 82 1A 1C 02 00 F4 21 29 58 00 00 00 00 00 00 00 00 00 00 00 00 00 00 00 00 00 00 00 00 00 00 00 00 00 00 00 00 00 00 00 56 69 56 4F 74 65 63 68 32 00 61 01 00 10 03 00 00 02 00 45 4E 03 00 82 68 1C 02 00 F4 21 F5 96 00 00 00 00 00 00 00 00 00 00 00 00 00 00 00 00 00 00 00 00 00 00 00 00 00 00 00 00 00 00 00 56 69 56 4F 74 65 63 68 32 00 61 01 00 10 03 00 00 02 00 45 4E 03 00 82 15 1C 02 00 F4 21 2A 9D 00 00 00 00 00 00 00 00 00 00 00 00 00 00 00 00 00 00 00 00 00 00 00 00 00 00 00 00 00 00 00 56 69 56 4F 74 65 63 68 32 00 02 23 02 76 E5 DF EE 26 02 E5 06 DF EE 12 0A FF FF FF 02 00 1C 0B E0 00 43 DF EF 4C 06 00 00 00 00 00 00 DF EF 4D 00 DF 81 29 08 30 F0 F0 30 A0 F0 FF 00 DF 81 16 16 1B FF 00 00 13 00 00 00 00 00 00 00 00 00 00 00 00 00 00 00 00 00 FF 81 05 82 01 B7 4F 07 A0 00 00 00 03 10 10 50 04 56 49 53 41 57 A1 13 48 31 CC CC CC CC 59 73 D2 81 2C CC CC CC CC CC CC CC CC 57 C1 28 CA 4F 65 5F 30 AC 53 78 E9 D5 AA FE 3C 6A 41 60 2A 23 B5 F8 9D 3B 52 10 E0 9C 7B 12 73 FF B0 C6 05 F2 8C 83 25 F0 79 C1 5A A1 08 48 31 CC CC CC CC 59 73 5A C1 10 F5 87 44 A2 65 B0 7B 57 BA A5 D9 89 E0 73 C0 A9 82 02 00 60 84 07 A0 00 00 00 03 10 10 95 05 00 00 00 00 00 96 01 03 9A 03 26 08 21 9C 01 00 5F 28 02 07 02 5F 2A 02 08 40 5F 34 01 00 5F 36 01 02 9F 02 06 00 00 00 00 00 01 9F 03 06 00 00 00 00 00 00 9F 06 07 A0 00 00 00 03 10 10 9F 09 02 00 02 9F 10 20 1F 42 03 32 A0 00 00 00 00 10 03 02 73 00 00 00 00 40 00 00 00 00 00 00 00 00 00 00 00 00 00 00 9F 15 02 00 00 9F 19 06 04 00 10 03 02 73 9F 1A 02 08 40 9F 1B 04 00 00 1F 40 9F 1E 08 39 54 35 33 33 35 35 39 9F 21 03 07 32 20 9F 24 1D 56 30 30 31 30 30 31 33 30 31 36 31 38 33 31 31 33 34 38 39 37 31 33 35 33 36 32 34 32 9F 26 08 12 3C 90 F1 39 4F 55 E1 9F 27 01 80 9F 33 03 E0 08 40 9F 34 03 24 03 02 9F 35 01 15 9F 36 02 07 8F 9F 37 04 61 4A 37 2C 9F 39 01 07 9F 40 05 80 00 00 00 00 9F 41 04 00 00 00 17 9F 4E 1E 00 00 00 00 00 00 00 00 00 00 00 00 00 00 00 00 00 00 00 00 00 00 00 00 00 00 00 00 00 00 9F 5A 05 40 07 02 07 02 9F 66 04 30 00 C0 00 9F 6C 02 00 80 9F 6E 04 23 88 00 00 DF 81 26 06 00 00 00 00 60 00 DF EE 4C 01 06 FF EE 01 0F DF EE 30 01 00 DF EE 52 01 03 DF EE 5B 01 05 DF EC 1C 1E 08 08 00 01 FF 00 1B 00 00 00 13 FF 00 00 00 00 00 00 00 00 00 00 00 00 00 00 00 00 FF 00 FF EE 06 13 9A 03 26 08 21 9F 21 03 07 32 19 DF EE 02 04 82 6A 83 0C DF EC 11 20 4C 73 C6 DF A3 34 2E 39 D9 AF B2 1D 56 59 46 BE 3F 0F DC 19 44 5D 56 89 74 6D 51 5B C5 FC 70 98 53 EE 00 00 00 00 00 00 00 00 00 00 00 00 00 00 00 00 00 00 00 00 00 00 00 00 00 00 00 00 00 00 00 00 00 00 00 00 00 00 00 00 00 00 00 00 00 00 00  

 --- 02-40 Apple VAS or Pay + ST Secure Get VAS or Pay (NEO2)

2026/8/21 15:32:25.214 [TX] - 56 69 56 4F 74 65 63 68 32 00 02 40 00 38 0A 9F 02 06 00 00 00 00 00 01 9C 01 00 FF EE 06 19 9F 22 02 01 00 9F 26 04 00 00 00 00 9F 2B 05 01 00 00 00 00 DF EE 01 01 01 FF EE 08 0A DF EF 1A 01 08 DF ED 28 01 00 F9 51 
2026/8/21 15:32:25.249 [RX] - 56 69 56 4F 74 65 63 68 32 00 02 63 00 00 4B B4 00 00 00 00 00 00 00 00 00 00 00 00 00 00 00 00 00 00 00 00 00 00 00 00 00 00 00 00 00 00 00 00 00 00 00 00 00 00 00 00 00 00 00 00 00 00 00 56 69 56 4F 74 65 63 68 32 00 61 01 00 10 03 00 00 02 00 45 4E 03 00 82 57 1C 02 00 00 20 5E B3 00 00 00 00 00 00 00 00 00 00 00 00 00 00 00 00 00 00 00 00 00 00 00 00 00 00 00 00 00 00 00 56 69 56 4F 74 65 63 68 32 00 61 01 00 19 04 00 00 02 00 45 4E 0C 00 84 01 1C 04 24 1C 04 30 2E 30 31 1C 02 00 F4 21 DF 62 00 00 00 00 00 00 00 00 00 00 00 00 00 00 00 00 00 00 00 00 00 00 56 69 56 4F 74 65 63 68 32 00 61 01 00 10 03 00 00 02 00 45 4E 03 00 82 1A 1C 02 00 F4 21 29 58 00 00 00 00 00 00 00 00 00 00 00 00 00 00 00 00 00 00 00 00 00 00 00 00 00 00 00 00 00 00 00 56 69 56 4F 74 65 63 68 32 00 02 57 00 8D E5 DF EE 26 02 E5 06 FF EE 06 75 9A 03 26 08 21 9F 21 03 07 32 25 9F 25 20 06 41 3B 95 7A 52 59 98 3B 60 8C FC 89 CF B1 DA B9 0C E7 05 AD 8E FF 78 E9 DE 12 2C CF 8D 2C BF 9F 2A 00 9F 27 41 44 8D EC 4C 29 CF 87 F1 D1 24 44 91 F3 A2 BD DA AD A1 5C 82 0F 51 B2 B9 F5 82 51 D7 A9 62 1B CA E7 6D DA FE 19 D1 66 22 BB 65 8E 83 F9 6B 30 1B B8 2D E2 C2 18 44 CC 09 24 99 36 C6 04 A2 0E BE 8C 9F 39 01 07 FF EE 01 05 DF EE 30 01 00 ED 95 00 00 00 00 00 00 00 00 00 00 00 00 00 00 00 00 00 00 00 00 00 00 00 00 00 00 00 00 00 00 00 00 56 69 56 4F 74 65 63 68 32 00 61 01 00 10 03 00 00 02 00 45 4E 03 00 82 23 1C 02 00 00 20 63 F0 00 00 00 00 00 00 00 00 00 00 00 00 00 00 00 00 00 00 00 00 00 00 00 00 00 00 00 00 00 00 00  

 --- 02-40 Apple VAS or Pay + ST Secure Get VAS or Pay (NEO2)

2026/8/21 15:32:31.360 [TX] - 56 69 56 4F 74 65 63 68 32 00 02 40 00 38 0A 9F 02 06 00 00 00 00 00 01 9C 01 00 FF EE 06 19 9F 22 02 01 00 9F 26 04 00 00 00 00 9F 2B 05 01 00 00 00 00 DF EE 01 01 01 FF EE 08 0A DF EF 1A 01 08 DF ED 28 01 00 F9 51 
2026/8/21 15:32:31.393 [RX] - 56 69 56 4F 74 65 63 68 32 00 02 63 00 00 4B B4 00 00 00 00 00 00 00 00 00 00 00 00 00 00 00 00 00 00 00 00 00 00 00 00 00 00 00 00 00 00 00 00 00 00 00 00 00 00 00 00 00 00 00 00 00 00 00 56 69 56 4F 74 65 63 68 32 00 61 01 00 10 03 00 00 02 00 45 4E 03 00 82 57 1C 02 00 00 20 5E B3 00 00 00 00 00 00 00 00 00 00 00 00 00 00 00 00 00 00 00 00 00 00 00 00 00 00 00 00 00 00 00 56 69 56 4F 74 65 63 68 32 00 61 01 00 19 04 00 00 02 00 45 4E 0C 00 84 01 1C 04 24 1C 04 30 2E 30 31 1C 02 00 F4 21 DF 62 00 00 00 00 00 00 00 00 00 00 00 00 00 00 00 00 00 00 00 00 00 00 56 69 56 4F 74 65 63 68 32 00 61 01 00 10 03 00 00 02 00 45 4E 03 00 82 1A 1C 02 00 F4 21 29 58 00 00 00 00 00 00 00 00 00 00 00 00 00 00 00 00 00 00 00 00 00 00 00 00 00 00 00 00 00 00 00 56 69 56 4F 74 65 63 68 32 00 61 01 00 10 03 00 00 02 00 45 4E 03 00 82 68 1C 02 00 F4 21 F5 96 00 00 00 00 00 00 00 00 00 00 00 00 00 00 00 00 00 00 00 00 00 00 00 00 00 00 00 00 00 00 00 56 69 56 4F 74 65 63 68 32 00 61 01 00 10 03 00 00 02 00 45 4E 03 00 82 15 1C 02 00 F4 21 2A 9D 00 00 00 00 00 00 00 00 00 00 00 00 00 00 00 00 00 00 00 00 00 00 00 00 00 00 00 00 00 00 00 56 69 56 4F 74 65 63 68 32 00 02 23 02 76 E5 DF EE 26 02 E5 06 DF EE 12 0A FF FF FF 02 00 1C 0B E0 00 44 DF EF 4C 06 00 00 00 00 00 00 DF EF 4D 00 DF 81 29 08 30 F0 F0 30 A0 F0 FF 00 DF 81 16 16 1B FF 00 00 13 00 00 00 00 00 00 00 00 00 00 00 00 00 00 00 00 00 FF 81 05 82 01 B7 4F 07 A0 00 00 00 03 10 10 50 04 56 49 53 41 57 A1 13 48 31 CC CC CC CC 59 73 D2 81 2C CC CC CC CC CC CC CC CC 57 C1 28 E3 C9 33 F3 22 3A A3 62 7F 0F 46 B8 5B 3F 6B 2C 7C F6 27 D5 57 72 B3 9E 78 95 A7 E9 A4 CB D1 8C 45 72 F1 69 E7 89 F7 68 5A A1 08 48 31 CC CC CC CC 59 73 5A C1 10 5E 05 22 3E C6 91 80 10 4E 68 18 77 F9 19 BD 99 82 02 00 60 84 07 A0 00 00 00 03 10 10 95 05 00 00 00 00 00 96 01 03 9A 03 26 08 21 9C 01 00 5F 28 02 07 02 5F 2A 02 08 40 5F 34 01 00 5F 36 01 02 9F 02 06 00 00 00 00 00 01 9F 03 06 00 00 00 00 00 00 9F 06 07 A0 00 00 00 03 10 10 9F 09 02 00 02 9F 10 20 1F 42 03 32 A0 00 00 00 00 10 03 02 73 00 00 00 00 40 00 00 00 00 00 00 00 00 00 00 00 00 00 00 9F 15 02 00 00 9F 19 06 04 00 10 03 02 73 9F 1A 02 08 40 9F 1B 04 00 00 1F 40 9F 1E 08 39 54 35 33 33 35 35 39 9F 21 03 07 32 32 9F 24 1D 56 30 30 31 30 30 31 33 30 31 36 31 38 33 31 31 33 34 38 39 37 31 33 35 33 36 32 34 32 9F 26 08 FD 69 7B 05 A1 78 11 CC 9F 27 01 80 9F 33 03 E0 08 40 9F 34 03 24 03 02 9F 35 01 15 9F 36 02 07 90 9F 37 04 6B BA A9 62 9F 39 01 07 9F 40 05 80 00 00 00 00 9F 41 04 00 00 00 18 9F 4E 1E 00 00 00 00 00 00 00 00 00 00 00 00 00 00 00 00 00 00 00 00 00 00 00 00 00 00 00 00 00 00 9F 5A 05 40 07 02 07 02 9F 66 04 30 00 C0 00 9F 6C 02 00 80 9F 6E 04 23 88 00 00 DF 81 26 06 00 00 00 00 60 00 DF EE 4C 01 06 FF EE 01 0F DF EE 30 01 00 DF EE 52 01 03 DF EE 5B 01 05 DF EC 1C 1E 08 08 00 01 FF 00 1B 00 00 00 13 FF 00 00 00 00 00 00 00 00 00 00 00 00 00 00 00 00 FF 00 FF EE 06 13 9A 03 26 08 21 9F 21 03 07 32 31 DF EE 02 04 82 6A 83 0C DF EC 11 20 4C 73 C6 DF A3 34 2E 39 D9 AF B2 1D 56 59 46 BE 3F 0F DC 19 44 5D 56 89 74 6D 51 5B C5 FC 70 98 6A 15 00 00 00 00 00 00 00 00 00 00 00 00 00 00 00 00 00 00 00 00 00 00 00 00 00 00 00 00 00 00 00 00 00 00 00 00 00 00 00 00 00 00 00 00 00 00 00  

 ---------- END OF TEST ----------

 Result = PASSED


Docklight Log File (HEX) - Stopped 2026/8/21 15:32:34.943 

