Docklight Log File (HEX) - Started 2026/10/5 11:50:16.618 
 TEST CASE: EVT009

 --- Set POS COM PORT Settings
 Set POS COM PORT...
 POS operating on COM90 @ 115200 baud...
 Set POS COM PORT - COMPLETE

 --- 90-07_UMFG Start Secure Task

2026/10/5 11:50:18.446 [TX] - 56 69 56 4F 74 65 63 68 32 00 90 07 00 01 00 B4 8F 
2026/10/5 11:50:18.460 [RX] - 56 69 56 4F 74 65 63 68 32 00 90 00 00 00  
A2 78 00 00 00 00 00 00 00 00 00 00 00 00 00 00 00 00 00 00 00 00 00 00 00 00 00 00 00 00 00 00 00 00 00 00 00 00 00 00 00 00 00 00 00 00 00 00 00  

 --- Tamper Enable

2026/10/5 11:50:18.472 [TX] - 56 69 56 4F 74 65 63 68 32 00 90 13 00 03 16 00 0F 98 1D 
2026/10/5 11:50:23.712 [RX] - 56 69 56 4F 74 65 63 68 32 00 90 00 00 00  
A2 78 00 00 00 00 00 00 00 00 00 00 00 00 00 00 00 00 00 00 00 00 00 00 00 00 00 00 00 00 00 00 00 00 00 00 00 00 00 00 00 00 00 00 00 00 00 00 00  

 --- Tamper Check

2026/10/5 11:50:23.735 [TX] - 56 69 56 4F 74 65 63 68 32 00 90 13 00 02 16 01 9F B9 
2026/10/5 11:50:23.744 [RX] - 56 69 56 4F 74 65 63 68 32 00 90 00 00 12  
00 01 00 10 01 00 11 01 00 12 01 00 13 01 00  
1F 01 00 9A AF 00 00 00 00 00 00 00 00 00 00 00 00 00 00 00 00 00 00 00 00 00 00 00 00 00 00 00 00 00  

 --- 90-07_UMFG Start Secure Task

2026/10/5 11:50:23.770 [TX] - 56 69 56 4F 74 65 63 68 32 00 90 07 00 01 01 95 9F 
2026/10/5 11:50:23.785 [RX] - 56 69 56 4F 74 65 63 68 32 00 90 00 00 00  
A2 78 00 00 00 00 00 00 00 00 00 00 00 00 00 00 00 00 00 00 00 00 00 00 00 00 00 00 00 00 00 00 00 00 00 00 00 00 00 00 00 00 00 00 00 00 00 00 00  

 --- C7-3A

2026/10/5 11:50:23.806 [TX] - 56 69 56 4F 74 65 63 68 32 00 C7 3A 00 00 0A 84 
2026/10/5 11:50:23.817 [RX] - 56 69 56 4F 74 65 63 68 32 00 C7 00 00 15 00 01 FE 10 01 00 11 01 00 12 01 00 13 01 00 17 01 01 1F 01 FF 51 69 00 00 00 00 00 00 00 00 00 00 00 00 00 00 00 00 00 00 00 00 00 00 00 00 00 00  

 --- C7-3A w/ 01

2026/10/5 11:50:23.835 [TX] - 56 69 56 4F 74 65 63 68 32 00 C7 3A 00 01 01 1C F8 
2026/10/5 11:50:23.849 [RX] - 56 69 56 4F 74 65 63 68 32 00 C7 00 00 87 00 01 FE 10 01 00 11 01 00 12 01 00 13 01 00 17 01 01 18 04 00 00 00 00 1A 04 00 07 F0 FF 1F 01 FF 22 06 26 10 05 03 50 17 28 24 00 00 00 AA 00 00 00 AA 00 00 00 AA 00 00 00 AA 00 00 00 AA 00 00 00 AA 00 00 00 AA 00 00 00 AA 80 00 00 AA 29 08 00 00 00 AA 00 00 00 AA 2A 08 00 00 00 AA 00 00 00 AA 2B 04 00 44 B0 00 2C 08 53 53 05 53 00 00 00 24 2D 04 00 00 00 02 2E 0C 00 00 00 AA 00 00 00 AA 00 00 00 AA BA A5 00 00 00 00 00 00 00 00 00 00 00 00 00 00 00 00 00 00 00 00 00 00 00 00 00 00 00 00 00 00 00 00 00 00 00 00 00 00  

 ---------- END OF TEST ----------

 Result = PASSED


Docklight Log File (HEX) - Stopped 2026/10/5 11:50:23.963 

