Docklight Log File (HEX) - Started 2026/10/6 14:11:30.728 
 TEST CASE: EDC02-1

 --- Set POS COM PORT Settings
 Set POS COM PORT...
 POS operating on COM90 @ 115200 baud...
 Set POS COM PORT - COMPLETE

 

 --- Burst mode Off *** NEO2

2026/10/6 14:11:33.366 [TX] - 56 69 56 4F 74 65 63 68 32 00 04 00 00 05 DF EE 7E 01 00 60 1E 
2026/10/6 14:11:33.411 [RX] - 56 69 56 4F 74 65 63 68 32 00 04 00 00 00 AE 16 00 00 00 00 00 00 00 00 00 00 00 00 00 00 00 00 00 00 00 00 00 00 00 00 00 00 00 00 00 00 00 00 00 00 00 00 00 00 00 00 00 00 00 00 00 00 00  

 --- Disable Enc (00)

2026/10/6 14:11:33.937 [TX] - 56 69 56 4F 74 65 63 68 32 00 C7 36 00 01 00 0F A7 
2026/10/6 14:11:33.945 [RX] - 56 69 56 4F 74 65 63 68 32 00 C7 00 00 00 86 6E 00 00 00 00 00 00 00 00 00 00 00 00 00 00 00 00 00 00 00 00 00 00 00 00 00 00 00 00 00 00 00 00 00 00 00 00 00 00 00 00 00 00 00 00 00 00 00  

 --- 04-00-----DFEF4B = 24 T1+T1 Sentinel

2026/10/6 14:11:34.470 [TX] - 56 69 56 4F 74 65 63 68 32 00 04 00 00 07 DF EF 4B 03 24 00 00 0B 1E 
2026/10/6 14:11:34.578 [RX] - 56 69 56 4F 74 65 63 68 32 00 04 00 00 00 AE 16 00 00 00 00 00 00 00 00 00 00 00 00 00 00 00 00 00 00 00 00 00 00 00 00 00 00 00 00 00 00 00 00 00 00 00 00 00 00 00 00 00 00 00 00 00 00 00  

 --- Poll on Demand

2026/10/6 14:11:35.107 [TX] - 56 69 56 4F 74 65 63 68 32 00 01 01 00 01 01 D7 34 
2026/10/6 14:11:35.120 [RX] - 56 69 56 4F 74 65 63 68 32 00 01 00 00 00 12 53 00 00 00 00 00 00 00 00 00 00 00 00 00 00 00 00 00 00 00 00 00 00 00 00 00 00 00 00 00 00 00 00 00 00 00 00 00 00 00 00 00 00 00 00 00 00 00  

 --- 02-40 Activate Transaction

2026/10/6 14:11:36.754 [TX] - 56 69 56 4F 74 65 63 68 32 00 02 40 00 15 0A 9F 02 06 00 00 00 00 10 00 9A 03 07 11 21 9F 21 03 10 15 20 5E 34 
2026/10/6 14:11:37.643 [RX] - 56 69 56 4F 74 65 63 68 32 00 02 23 01 B4 21 DF EE 26 02 21 00 DF 81 16 16 17 04 00 00 0D 00 00 00 00 00 00 00 00 00 00 00 00 00 00 00 00 00 DF 81 29 08 30 F0 F0 F0 B0 F0 FF 00 FF 81 06 09 9F 5D 06 00 00 00 01 00 00 FF 81 05 82 01 12 4F 07 A0 00 00 00 03 10 10 50 0C 56 49 53 41 20 54 45 53 54 20 30 31 57 13 47 61 73 90 01 01 00 10 D2 01 21 20 00 12 33 99 00 03 1F 5A 08 47 61 73 90 01 01 00 10 82 02 20 20 84 07 A0 00 00 00 03 10 10 8F 01 51 95 05 00 00 00 00 00 9A 03 07 11 21 5F 24 03 20 12 31 5F 2A 02 08 40 5F 2D 04 65 73 65 6E 5F 34 01 01 5F 36 01 02 9F 02 06 00 00 00 00 10 00 9F 10 07 06 01 11 03 90 00 00 9F 11 01 01 9F 12 0C 50 72 65 66 20 4E 61 6D 65 20 30 31 9F 1A 02 08 40 9F 1B 04 00 00 1F 40 9F 1E 08 33 5A 30 30 31 30 35 35 9F 21 03 10 15 20 9F 26 08 AA BB CC DD EE FF 11 22 9F 27 01 40 9F 33 03 E0 08 40 9F 34 03 3F 00 00 9F 35 01 15 9F 36 02 00 03 9F 37 04 E7 93 92 55 9F 39 01 07 9F 40 05 80 00 00 00 00 9F 41 04 00 00 00 32 9F 66 04 30 00 C0 00 9F 69 07 01 11 22 33 44 20 00 9F 6C 02 20 00 DF 81 26 06 00 00 00 00 60 00 DF EE 5B 01 05 DF 81 16 16 1B FF 00 00 13 65 73 65 6E 00 00 00 00 20 00 00 00 01 00 00 08 40 96 08 03 00 00 00 00 00 00 00 DF EE 4C 01 06 DF EC 1C 1E 08 03 00 04 FF 00 1B 00 00 00 13 01 00 00 00 01 00 00 08 40 65 73 65 6E 00 00 00 00 FF 00 DF EF 4C 06 00 00 00 00 00 00 DF EF 4D 00 FF EE 01 05 DF EE 30 01 00 DE B9 00 00 00 00 00 00 00 00 00 00 00 00 00 00 00 00 00 00 00 00 00 00 00 00 00 00 00 00 00 00 00 00 00 00 00 00 00 00 00 00 00 00 00 00 00 00 00 00 00 00 00 00  

 --- 04-00-----DFEF4B = 12 T2+T2 Sentinel(Default)

2026/10/6 14:11:38.163 [TX] - 56 69 56 4F 74 65 63 68 32 00 04 00 00 07 DF EF 4B 03 12 00 00 0E 69 
2026/10/6 14:11:38.240 [RX] - 56 69 56 4F 74 65 63 68 32 00 04 00 00 00 AE 16 00 00 00 00 00 00 00 00 00 00 00 00 00 00 00 00 00 00 00 00 00 00 00 00 00 00 00 00 00 00 00 00 00 00 00 00 00 00 00 00 00 00 00 00 00 00 00  

 --- Poll on Demand

2026/10/6 14:11:38.773 [TX] - 56 69 56 4F 74 65 63 68 32 00 01 01 00 01 01 D7 34 
2026/10/6 14:11:38.785 [RX] - 56 69 56 4F 74 65 63 68 32 00 01 00 00 00 12 53 00 00 00 00 00 00 00 00 00 00 00 00 00 00 00 00 00 00 00 00 00 00 00 00 00 00 00 00 00 00 00 00 00 00 00 00 00 00 00 00 00 00 00 00 00 00 00  

 --- 02-40 Activate Transaction

2026/10/6 14:11:40.337 [TX] - 56 69 56 4F 74 65 63 68 32 00 02 40 00 15 0A 9F 02 06 00 00 00 00 10 00 9A 03 07 11 21 9F 21 03 10 15 20 5E 34 
2026/10/6 14:11:41.107 [RX] - 56 69 56 4F 74 65 63 68 32 00 02 23 01 DB 21 DF EE 26 02 21 00 DF 81 16 16 17 04 00 00 0D 00 00 00 00 00 00 00 00 00 00 00 00 00 00 00 00 00 DF 81 29 08 30 F0 F0 F0 B0 F0 FF 00 FF 81 06 09 9F 5D 06 00 00 00 01 00 00 FF 81 05 82 01 12 4F 07 A0 00 00 00 03 10 10 50 0C 56 49 53 41 20 54 45 53 54 20 30 31 57 13 47 61 73 90 01 01 00 10 D2 01 21 20 00 12 33 99 00 03 1F 5A 08 47 61 73 90 01 01 00 10 82 02 20 20 84 07 A0 00 00 00 03 10 10 8F 01 51 95 05 00 00 00 00 00 9A 03 07 11 21 5F 24 03 20 12 31 5F 2A 02 08 40 5F 2D 04 65 73 65 6E 5F 34 01 01 5F 36 01 02 9F 02 06 00 00 00 00 10 00 9F 10 07 06 01 11 03 90 00 00 9F 11 01 01 9F 12 0C 50 72 65 66 20 4E 61 6D 65 20 30 31 9F 1A 02 08 40 9F 1B 04 00 00 1F 40 9F 1E 08 33 5A 30 30 31 30 35 35 9F 21 03 10 15 20 9F 26 08 AA BB CC DD EE FF 11 22 9F 27 01 40 9F 33 03 E0 08 40 9F 34 03 3F 00 00 9F 35 01 15 9F 36 02 00 03 9F 37 04 24 74 AE B4 9F 39 01 07 9F 40 05 80 00 00 00 00 9F 41 04 00 00 00 33 9F 66 04 30 00 C0 00 9F 69 07 01 11 22 33 44 20 00 9F 6C 02 20 00 DF 81 26 06 00 00 00 00 60 00 DF EE 5B 01 05 DF 81 16 16 1B FF 00 00 13 65 73 65 6E 00 00 00 00 20 00 00 00 01 00 00 08 40 96 08 03 00 00 00 00 00 00 00 DF EE 4C 01 06 DF EC 1C 1E 08 03 00 04 FF 00 1B 00 00 00 13 01 00 00 00 01 00 00 08 40 65 73 65 6E 00 00 00 00 FF 00 DF EF 4C 06 00 27 00 00 00 00 DF EF 4D 27 3B 34 37 36 31 37 33 39 30 30 31 30 31 30 30 31 30 3D 32 30 31 32 31 32 30 30 30 31 32 33 33 39 39 30 30 30 33 31 3F FF EE 01 05 DF EE 30 01 00 9F 1F 00 00 00 00 00 00 00 00 00 00 00 00 00  

 --- 04-00-----DFEF4B = 09 T3+T3 Sentinel

2026/10/6 14:11:41.630 [TX] - 56 69 56 4F 74 65 63 68 32 00 04 00 00 07 DF EF 4B 03 09 00 00 9C DA 
2026/10/6 14:11:41.704 [RX] - 56 69 56 4F 74 65 63 68 32 00 04 00 00 00 AE 16 00 00 00 00 00 00 00 00 00 00 00 00 00 00 00 00 00 00 00 00 00 00 00 00 00 00 00 00 00 00 00 00 00 00 00 00 00 00 00 00 00 00 00 00 00 00 00  

 --- Poll on Demand

2026/10/6 14:11:42.239 [TX] - 56 69 56 4F 74 65 63 68 32 00 01 01 00 01 01 D7 34 
2026/10/6 14:11:42.252 [RX] - 56 69 56 4F 74 65 63 68 32 00 01 00 00 00 12 53 00 00 00 00 00 00 00 00 00 00 00 00 00 00 00 00 00 00 00 00 00 00 00 00 00 00 00 00 00 00 00 00 00 00 00 00 00 00 00 00 00 00 00 00 00 00 00  

 --- 02-40 Activate Transaction

2026/10/6 14:11:43.729 [TX] - 56 69 56 4F 74 65 63 68 32 00 02 40 00 15 0A 9F 02 06 00 00 00 00 10 00 9A 03 07 11 21 9F 21 03 10 15 20 5E 34 
2026/10/6 14:11:44.412 [RX] - 56 69 56 4F 74 65 63 68 32 00 02 23 01 B4 21 DF EE 26 02 21 00 DF 81 16 16 17 04 00 00 0D 00 00 00 00 00 00 00 00 00 00 00 00 00 00 00 00 00 DF 81 29 08 30 F0 F0 F0 B0 F0 FF 00 FF 81 06 09 9F 5D 06 00 00 00 01 00 00 FF 81 05 82 01 12 4F 07 A0 00 00 00 03 10 10 50 0C 56 49 53 41 20 54 45 53 54 20 30 31 57 13 47 61 73 90 01 01 00 10 D2 01 21 20 00 12 33 99 00 03 1F 5A 08 47 61 73 90 01 01 00 10 82 02 20 20 84 07 A0 00 00 00 03 10 10 8F 01 51 95 05 00 00 00 00 00 9A 03 07 11 21 5F 24 03 20 12 31 5F 2A 02 08 40 5F 2D 04 65 73 65 6E 5F 34 01 01 5F 36 01 02 9F 02 06 00 00 00 00 10 00 9F 10 07 06 01 11 03 90 00 00 9F 11 01 01 9F 12 0C 50 72 65 66 20 4E 61 6D 65 20 30 31 9F 1A 02 08 40 9F 1B 04 00 00 1F 40 9F 1E 08 33 5A 30 30 31 30 35 35 9F 21 03 10 15 20 9F 26 08 AA BB CC DD EE FF 11 22 9F 27 01 40 9F 33 03 E0 08 40 9F 34 03 3F 00 00 9F 35 01 15 9F 36 02 00 03 9F 37 04 A8 8D 55 8C 9F 39 01 07 9F 40 05 80 00 00 00 00 9F 41 04 00 00 00 34 9F 66 04 30 00 C0 00 9F 69 07 01 11 22 33 44 20 00 9F 6C 02 20 00 DF 81 26 06 00 00 00 00 60 00 DF EE 5B 01 05 DF 81 16 16 1B FF 00 00 13 65 73 65 6E 00 00 00 00 20 00 00 00 01 00 00 08 40 96 08 03 00 00 00 00 00 00 00 DF EE 4C 01 06 DF EC 1C 1E 08 03 00 04 FF 00 1B 00 00 00 13 01 00 00 00 01 00 00 08 40 65 73 65 6E 00 00 00 00 FF 00 DF EF 4C 06 00 00 00 00 00 00 DF EF 4D 00 FF EE 01 05 DF EE 30 01 00 5B C2 00 00 00 00 00 00 00 00 00 00 00 00 00 00 00 00 00 00 00 00 00 00 00 00 00 00 00 00 00 00 00 00 00 00 00 00 00 00 00 00 00 00 00 00 00 00 00 00 00 00 00 00  

 --- 04-00-----DFEF4B = 36 T1+T2+T1 Sentinel+T2 Sentinel

2026/10/6 14:11:44.933 [TX] - 56 69 56 4F 74 65 63 68 32 00 04 00 00 07 DF EF 4B 03 36 00 00 08 33 
2026/10/6 14:11:45.087 [RX] - 56 69 56 4F 74 65 63 68 32 00 04 00 00 00 AE 16 00 00 00 00 00 00 00 00 00 00 00 00 00 00 00 00 00 00 00 00 00 00 00 00 00 00 00 00 00 00 00 00 00 00 00 00 00 00 00 00 00 00 00 00 00 00 00  

 --- Poll on Demand

2026/10/6 14:11:45.620 [TX] - 56 69 56 4F 74 65 63 68 32 00 01 01 00 01 01 D7 34 
2026/10/6 14:11:45.632 [RX] - 56 69 56 4F 74 65 63 68 32 00 01 00 00 00 12 53 00 00 00 00 00 00 00 00 00 00 00 00 00 00 00 00 00 00 00 00 00 00 00 00 00 00 00 00 00 00 00 00 00 00 00 00 00 00 00 00 00 00 00 00 00 00 00  

 --- 02-40 Activate Transaction

2026/10/6 14:11:46.994 [TX] - 56 69 56 4F 74 65 63 68 32 00 02 40 00 15 0A 9F 02 06 00 00 00 00 10 00 9A 03 07 11 21 9F 21 03 10 15 20 5E 34 
2026/10/6 14:11:47.573 [RX] - 56 69 56 4F 74 65 63 68 32 00 02 23 01 DB 21 DF EE 26 02 21 00 DF 81 16 16 17 04 00 00 0D 00 00 00 00 00 00 00 00 00 00 00 00 00 00 00 00 00 DF 81 29 08 30 F0 F0 F0 B0 F0 FF 00 FF 81 06 09 9F 5D 06 00 00 00 01 00 00 FF 81 05 82 01 12 4F 07 A0 00 00 00 03 10 10 50 0C 56 49 53 41 20 54 45 53 54 20 30 31 57 13 47 61 73 90 01 01 00 10 D2 01 21 20 00 12 33 99 00 03 1F 5A 08 47 61 73 90 01 01 00 10 82 02 20 20 84 07 A0 00 00 00 03 10 10 8F 01 51 95 05 00 00 00 00 00 9A 03 07 11 21 5F 24 03 20 12 31 5F 2A 02 08 40 5F 2D 04 65 73 65 6E 5F 34 01 01 5F 36 01 02 9F 02 06 00 00 00 00 10 00 9F 10 07 06 01 11 03 90 00 00 9F 11 01 01 9F 12 0C 50 72 65 66 20 4E 61 6D 65 20 30 31 9F 1A 02 08 40 9F 1B 04 00 00 1F 40 9F 1E 08 33 5A 30 30 31 30 35 35 9F 21 03 10 15 20 9F 26 08 AA BB CC DD EE FF 11 22 9F 27 01 40 9F 33 03 E0 08 40 9F 34 03 3F 00 00 9F 35 01 15 9F 36 02 00 03 9F 37 04 25 99 CF F5 9F 39 01 07 9F 40 05 80 00 00 00 00 9F 41 04 00 00 00 35 9F 66 04 30 00 C0 00 9F 69 07 01 11 22 33 44 20 00 9F 6C 02 20 00 DF 81 26 06 00 00 00 00 60 00 DF EE 5B 01 05 DF 81 16 16 1B FF 00 00 13 65 73 65 6E 00 00 00 00 20 00 00 00 01 00 00 08 40 96 08 03 00 00 00 00 00 00 00 DF EE 4C 01 06 DF EC 1C 1E 08 03 00 04 FF 00 1B 00 00 00 13 01 00 00 00 01 00 00 08 40 65 73 65 6E 00 00 00 00 FF 00 DF EF 4C 06 00 27 00 00 00 00 DF EF 4D 27 3B 34 37 36 31 37 33 39 30 30 31 30 31 30 30 31 30 3D 32 30 31 32 31 32 30 30 30 31 32 33 33 39 39 30 30 30 33 31 3F FF EE 01 05 DF EE 30 01 00 05 04 00 00 00 00 00 00 00 00 00 00 00 00 00  

 --- 04-00-----DFEF4B = 2D T1+T3+T1 Sentinel+T3 Sentinel

2026/10/6 14:11:48.104 [TX] - 56 69 56 4F 74 65 63 68 32 00 04 00 00 07 DF EF 4B 03 2D 00 00 9A 80 
2026/10/6 14:11:48.179 [RX] - 56 69 56 4F 74 65 63 68 32 00 04 00 00 00 AE 16 00 00 00 00 00 00 00 00 00 00 00 00 00 00 00 00 00 00 00 00 00 00 00 00 00 00 00 00 00 00 00 00 00 00 00 00 00 00 00 00 00 00 00 00 00 00 00  

 --- Poll on Demand

2026/10/6 14:11:48.714 [TX] - 56 69 56 4F 74 65 63 68 32 00 01 01 00 01 01 D7 34 
2026/10/6 14:11:48.726 [RX] - 56 69 56 4F 74 65 63 68 32 00 01 00 00 00 12 53 00 00 00 00 00 00 00 00 00 00 00 00 00 00 00 00 00 00 00 00 00 00 00 00 00 00 00 00 00 00 00 00 00 00 00 00 00 00 00 00 00 00 00 00 00 00 00  

 --- 02-40 Activate Transaction

2026/10/6 14:11:50.513 [TX] - 56 69 56 4F 74 65 63 68 32 00 02 40 00 15 0A 9F 02 06 00 00 00 00 10 00 9A 03 07 11 21 9F 21 03 10 15 20 5E 34 
2026/10/6 14:11:51.606 [RX] - 56 69 56 4F 74 65 63 68 32 00 02 23 01 B4 21 DF EE 26 02 21 00 DF 81 16 16 17 04 00 00 0D 00 00 00 00 00 00 00 00 00 00 00 00 00 00 00 00 00 DF 81 29 08 30 F0 F0 F0 B0 F0 FF 00 FF 81 06 09 9F 5D 06 00 00 00 01 00 00 FF 81 05 82 01 12 4F 07 A0 00 00 00 03 10 10 50 0C 56 49 53 41 20 54 45 53 54 20 30 31 57 13 47 61 73 90 01 01 00 10 D2 01 21 20 00 12 33 99 00 03 1F 5A 08 47 61 73 90 01 01 00 10 82 02 20 20 84 07 A0 00 00 00 03 10 10 8F 01 51 95 05 00 00 00 00 00 9A 03 07 11 21 5F 24 03 20 12 31 5F 2A 02 08 40 5F 2D 04 65 73 65 6E 5F 34 01 01 5F 36 01 02 9F 02 06 00 00 00 00 10 00 9F 10 07 06 01 11 03 90 00 00 9F 11 01 01 9F 12 0C 50 72 65 66 20 4E 61 6D 65 20 30 31 9F 1A 02 08 40 9F 1B 04 00 00 1F 40 9F 1E 08 33 5A 30 30 31 30 35 35 9F 21 03 10 15 20 9F 26 08 AA BB CC DD EE FF 11 22 9F 27 01 40 9F 33 03 E0 08 40 9F 34 03 3F 00 00 9F 35 01 15 9F 36 02 00 03 9F 37 04 78 AD 22 AE 9F 39 01 07 9F 40 05 80 00 00 00 00 9F 41 04 00 00 00 36 9F 66 04 30 00 C0 00 9F 69 07 01 11 22 33 44 20 00 9F 6C 02 20 00 DF 81 26 06 00 00 00 00 60 00 DF EE 5B 01 05 DF 81 16 16 1B FF 00 00 13 65 73 65 6E 00 00 00 00 20 00 00 00 01 00 00 08 40 96 08 03 00 00 00 00 00 00 00 DF EE 4C 01 06 DF EC 1C 1E 08 03 00 04 FF 00 1B 00 00 00 13 01 00 00 00 01 00 00 08 40 65 73 65 6E 00 00 00 00 FF 00 DF EF 4C 06 00 00 00 00 00 00 DF EF 4D 00 FF EE 01 05 DF EE 30 01 00 F7 05 00 00 00 00 00 00 00 00 00 00 00 00 00 00 00 00 00 00 00 00 00 00 00 00 00 00 00 00 00 00 00 00 00 00 00 00 00 00 00 00 00 00 00 00 00 00 00 00 00 00 00 00  

 --- 04-00-----DFEF4B = 1B T2+T3+T2 Sentinel+T3 Sentinel

2026/10/6 14:11:52.134 [TX] - 56 69 56 4F 74 65 63 68 32 00 04 00 00 07 DF EF 4B 03 1B 00 00 9F F7 
2026/10/6 14:11:52.208 [RX] - 56 69 56 4F 74 65 63 68 32 00 04 00 00 00 AE 16 00 00 00 00 00 00 00 00 00 00 00 00 00 00 00 00 00 00 00 00 00 00 00 00 00 00 00 00 00 00 00 00 00 00 00 00 00 00 00 00 00 00 00 00 00 00 00  

 --- Poll on Demand

2026/10/6 14:11:52.740 [TX] - 56 69 56 4F 74 65 63 68 32 00 01 01 00 01 01 D7 34 
2026/10/6 14:11:52.752 [RX] - 56 69 56 4F 74 65 63 68 32 00 01 00 00 00 12 53 00 00 00 00 00 00 00 00 00 00 00 00 00 00 00 00 00 00 00 00 00 00 00 00 00 00 00 00 00 00 00 00 00 00 00 00 00 00 00 00 00 00 00 00 00 00 00  

 --- 02-40 Activate Transaction

2026/10/6 14:11:54.193 [TX] - 56 69 56 4F 74 65 63 68 32 00 02 40 00 15 0A 9F 02 06 00 00 00 00 10 00 9A 03 07 11 21 9F 21 03 10 15 20 5E 34 
2026/10/6 14:11:54.531 [RX] - 56 69 56 4F 74 65 63 68 32 00 02 23 01 DB 21 DF EE 26 02 21 00 DF 81 16 16 17 04 00 00 0D 00 00 00 00 00 00 00 00 00 00 00 00 00 00 00 00 00 DF 81 29 08 30 F0 F0 F0 B0 F0 FF 00 FF 81 06 09 9F 5D 06 00 00 00 01 00 00 FF 81 05 82 01 12 4F 07 A0 00 00 00 03 10 10 50 0C 56 49 53 41 20 54 45 53 54 20 30 31 57 13 47 61 73 90 01 01 00 10 D2 01 21 20 00 12 33 99 00 03 1F 5A 08 47 61 73 90 01 01 00 10 82 02 20 20 84 07 A0 00 00 00 03 10 10 8F 01 51 95 05 00 00 00 00 00 9A 03 07 11 21 5F 24 03 20 12 31 5F 2A 02 08 40 5F 2D 04 65 73 65 6E 5F 34 01 01 5F 36 01 02 9F 02 06 00 00 00 00 10 00 9F 10 07 06 01 11 03 90 00 00 9F 11 01 01 9F 12 0C 50 72 65 66 20 4E 61 6D 65 20 30 31 9F 1A 02 08 40 9F 1B 04 00 00 1F 40 9F 1E 08 33 5A 30 30 31 30 35 35 9F 21 03 10 15 20 9F 26 08 AA BB CC DD EE FF 11 22 9F 27 01 40 9F 33 03 E0 08 40 9F 34 03 3F 00 00 9F 35 01 15 9F 36 02 00 03 9F 37 04 56 D6 7E BE 9F 39 01 07 9F 40 05 80 00 00 00 00 9F 41 04 00 00 00 37 9F 66 04 30 00 C0 00 9F 69 07 01 11 22 33 44 20 00 9F 6C 02 20 00 DF 81 26 06 00 00 00 00 60 00 DF EE 5B 01 05 DF 81 16 16 1B FF 00 00 13 65 73 65 6E 00 00 00 00 20 00 00 00 01 00 00 08 40 96 08 03 00 00 00 00 00 00 00 DF EE 4C 01 06 DF EC 1C 1E 08 03 00 04 FF 00 1B 00 00 00 13 01 00 00 00 01 00 00 08 40 65 73 65 6E 00 00 00 00 FF 00 DF EF 4C 06 00 27 00 00 00 00 DF EF 4D 27 3B 34 37 36 31 37 33 39 30 30 31 30 31 30 30 31 30 3D 32 30 31 32 31 32 30 30 30 31 32 33 33 39 39 30 30 30 33 31 3F FF EE 01 05 DF EE 30 01 00 A8 80 00 00 00 00 00 00 00 00 00 00 00 00 00  

 --- 04-00-----DFEF4B = 3F T1+T2+T3+T1 Sentinel+T2 Sentinel+T3 Sentinel

2026/10/6 14:11:55.082 [TX] - 56 69 56 4F 74 65 63 68 32 00 04 00 00 07 DF EF 4B 03 3F 00 00 99 AD 
2026/10/6 14:11:55.241 [RX] - 56 69 56 4F 74 65 63 68 32 00 04 00 00 00 AE 16 00 00 00 00 00 00 00 00 00 00 00 00 00 00 00 00 00 00 00 00 00 00 00 00 00 00 00 00 00 00 00 00 00 00 00 00 00 00 00 00 00 00 00 00 00 00 00  

 --- Poll on Demand

2026/10/6 14:11:55.768 [TX] - 56 69 56 4F 74 65 63 68 32 00 01 01 00 01 01 D7 34 
2026/10/6 14:11:55.780 [RX] - 56 69 56 4F 74 65 63 68 32 00 01 00 00 00 12 53 00 00 00 00 00 00 00 00 00 00 00 00 00 00 00 00 00 00 00 00 00 00 00 00 00 00 00 00 00 00 00 00 00 00 00 00 00 00 00 00 00 00 00 00 00 00 00  

 --- 02-40 Activate Transaction

2026/10/6 14:11:57.186 [TX] - 56 69 56 4F 74 65 63 68 32 00 02 40 00 15 0A 9F 02 06 00 00 00 00 10 00 9A 03 07 11 21 9F 21 03 10 15 20 5E 34 
2026/10/6 14:11:57.545 [RX] - 56 69 56 4F 74 65 63 68 32 00 02 23 01 DB 21 DF EE 26 02 21 00 DF 81 16 16 17 04 00 00 0D 00 00 00 00 00 00 00 00 00 00 00 00 00 00 00 00 00 DF 81 29 08 30 F0 F0 F0 B0 F0 FF 00 FF 81 06 09 9F 5D 06 00 00 00 01 00 00 FF 81 05 82 01 12 4F 07 A0 00 00 00 03 10 10 50 0C 56 49 53 41 20 54 45 53 54 20 30 31 57 13 47 61 73 90 01 01 00 10 D2 01 21 20 00 12 33 99 00 03 1F 5A 08 47 61 73 90 01 01 00 10 82 02 20 20 84 07 A0 00 00 00 03 10 10 8F 01 51 95 05 00 00 00 00 00 9A 03 07 11 21 5F 24 03 20 12 31 5F 2A 02 08 40 5F 2D 04 65 73 65 6E 5F 34 01 01 5F 36 01 02 9F 02 06 00 00 00 00 10 00 9F 10 07 06 01 11 03 90 00 00 9F 11 01 01 9F 12 0C 50 72 65 66 20 4E 61 6D 65 20 30 31 9F 1A 02 08 40 9F 1B 04 00 00 1F 40 9F 1E 08 33 5A 30 30 31 30 35 35 9F 21 03 10 15 20 9F 26 08 AA BB CC DD EE FF 11 22 9F 27 01 40 9F 33 03 E0 08 40 9F 34 03 3F 00 00 9F 35 01 15 9F 36 02 00 03 9F 37 04 59 84 AB 83 9F 39 01 07 9F 40 05 80 00 00 00 00 9F 41 04 00 00 00 38 9F 66 04 30 00 C0 00 9F 69 07 01 11 22 33 44 20 00 9F 6C 02 20 00 DF 81 26 06 00 00 00 00 60 00 DF EE 5B 01 05 DF 81 16 16 1B FF 00 00 13 65 73 65 6E 00 00 00 00 20 00 00 00 01 00 00 08 40 96 08 03 00 00 00 00 00 00 00 DF EE 4C 01 06 DF EC 1C 1E 08 03 00 04 FF 00 1B 00 00 00 13 01 00 00 00 01 00 00 08 40 65 73 65 6E 00 00 00 00 FF 00 DF EF 4C 06 00 27 00 00 00 00 DF EF 4D 27 3B 34 37 36 31 37 33 39 30 30 31 30 31 30 30 31 30 3D 32 30 31 32 31 32 30 30 30 31 32 33 33 39 39 30 30 30 33 31 3F FF EE 01 05 DF EE 30 01 00 39 C7 00 00 00 00 00 00 00 00 00 00 00 00 00  
---------- END OF TEST ----------

 Result = PASSED
 

 MASTER RESULT = PASSED


Docklight Log File (HEX) - Stopped 2026/10/6 14:11:58.183 

