Docklight Log File (HEX) - Started 2026/9/15 16:21:51.863 
 TEST CASE: ST102-2

 --- Set POS COM PORT Settings
 Set POS COM PORT...
 POS operating on COM90 @ 115200 baud...
 Set POS COM PORT - COMPLETE

 

 --- Get FW ver (29-00)

2026/9/15 16:21:56.027 [TX] - 56 69 56 4F 74 65 63 68 32 00 29 00 00 00 DE A0 
2026/9/15 16:21:56.035 [RX] - 56 69 56 4F 74 65 63 68 32 00 29 00 00 1A 56 50 33 33 35 30 20 46 57 20 76 31 2E 30 30 2E 39 39 39 2E 32 36 33 34 2E 54 1B 4E 00 00 00 00 00 00 00 00 00 00 00 00 00 00 00 00 00 00 00 00 00  

 --- Poll on demand

2026/9/15 16:21:57.154 [TX] - 56 69 56 4F 74 65 63 68 32 00 01 01 00 01 01 D7 34 
2026/9/15 16:21:57.167 [RX] - 56 69 56 4F 74 65 63 68 32 00 01 00 00 00 12 53 00 00 00 00 00 00 00 00 00 00 00 00 00 00 00 00 00 00 00 00 00 00 00 00 00 00 00 00 00 00 00 00 00 00 00 00 00 00 00 00 00 00 00 00 00 00 00  

 --- Burst mode off

2026/9/15 16:21:57.510 [TX] - 56 69 56 4F 74 65 63 68 32 00 04 00 00 05 DF EE 7E 01 00 60 1E 
2026/9/15 16:21:57.575 [RX] - 56 69 56 4F 74 65 63 68 32 00 04 00 00 00 AE 16 00 00 00 00 00 00 00 00 00 00 00 00 00 00 00 00 00 00 00 00 00 00 00 00 00 00 00 00 00 00 00 00 00 00 00 00 00 00 00 00 00 00 00 00 00 00 00  

 --- Set AppleVAS config: Merchant 4

2026/9/15 16:21:57.913 [TX] - 56 69 56 4F 74 65 63 68 32 00 04 11 00 63 04 01 06 41 3B 95 7A 52 59 98 3B 60 8C FC 89 CF B1 DA B9 0C E7 05 AD 8E FF 78 E9 DE 12 2C CF 8D 2C BF 00 00 00 00 00 00 00 00 00 00 00 00 00 00 00 00 00 00 00 00 00 00 00 00 00 00 00 00 00 00 00 00 00 00 00 00 00 00 00 00 00 00 00 00 00 00 00 00 00 00 00 00 00 00 00 00 00 00 00 00 00 00 00 00 00 E7 6F 
2026/9/15 16:21:57.969 [RX] - 56 69 56 4F 74 65 63 68 32 00 04 00 00 00 AE 16 00 00 00 00 00 00 00 00 00 00 00 00 00 00 00 00 00 00 00 00 00 00 00 00 00 00 00 00 00 00 00 00 00 00 00 00 00 00 00 00 00 00 00 00 00 00 00  

 --- C7-65 set private key

2026/9/15 16:21:58.505 [TX] - 56 69 56 4F 74 65 63 68 32 00 C7 65 00 24 00 00 00 01 82 6D 17 E5 07 67 B1 65 B0 E4 D9 E3 32 F8 D1 D1 E2 02 24 28 4F B4 DA F1 E5 0A 03 24 6E 70 79 7D 71 B8 
2026/9/15 16:21:58.531 [RX] - 56 69 56 4F 74 65 63 68 32 00 C7 00 00 00 86 6E 00 00 00 00 00 00 00 00 00 00 00 00 00 00 00 00 00 00 00 00 00 00 00 00 00 00 00 00 00 00 00 00 00 00 00 00 00 00 00 00 00 00 00 00 00 00 00  

 --- Set SmartTap config: group 0

2026/9/15 16:21:59.057 [TX] - 56 69 56 4F 74 65 63 68 32 00 04 03 00 3F DF EE 2D 01 8E DF EE 3B 04 00 BC 61 4E DF EE 3C 00 DF EE 3D 00 DF EF 25 00 DF ED 01 00 DF ED 02 05 00 00 00 00 01 DF ED 03 01 00 DF ED 04 01 01 DF ED 05 01 01 DF ED 06 01 00 DF ED 07 01 00 5A F0 
2026/9/15 16:21:59.100 [RX] - 56 69 56 4F 74 65 63 68 32 00 04 00 00 00 AE 16 00 00 00 00 00 00 00 00 00 00 00 00 00 00 00 00 00 00 00 00 00 00 00 00 00 00 00 00 00 00 00 00 00 00 00 00 00 00 00 00 00 00 00 00 00 00 00  
>>>>>>>>>>>>>>>>>>>>>>>>>>>>>>> AT cmd 02-40 <<<<<<<<<<<<<<<<<<<<<<<<<<

 

 --- 02-40 Apple VAS Only + ST Get VAS Only (NEO2) >>>>> VISA qVSDC card

2026/9/15 16:22:00.412 [TX] - 56 69 56 4F 74 65 63 68 32 00 02 40 00 43 0A 9F 02 06 00 00 00 00 00 01 9A 03 07 11 21 9F 21 03 10 15 20 9C 01 00 FF EE 06 19 9F 22 02 01 00 9F 26 04 00 00 00 02 9F 2B 05 01 00 00 00 00 DF EE 01 01 01 FF EE 08 0A DF EF 1A 01 02 DF ED 28 01 00 06 DB 
2026/9/15 16:22:00.445 [RX] - 56 69 56 4F 74 65 63 68 32 00 02 63 00 00 4B B4 00 00 00 00 00 00 00 00 00 00 00 00 00 00 00 00 00 00 00 00 00 00 00 00 00 00 00 00 00 00 00 00 00 00 00 00 00 00 00 00 00 00 00 00 00 00 00 56 69 56 4F 74 65 63 68 32 00 61 01 00 10 03 00 00 02 00 45 4E 03 00 82 57 1C 02 00 00 60 FB 9A 00 00 00 00 00 00 00 00 00 00 00 00 00 00 00 00 00 00 00 00 00 00 00 00 00 00 00 00 00 00 00 56 69 56 4F 74 65 63 68 32 00 61 01 00 19 04 00 00 02 00 45 4E 0C 00 84 01 1C 04 24 1C 04 30 2E 30 31 1C 02 00 F4 21 62 DF 00 00 00 00 00 00 00 00 00 00 00 00 00 00 00 00 00 00 00 00 00 00 56 69 56 4F 74 65 63 68 32 00 61 01 00 10 03 00 00 02 00 45 4E 03 00 82 1A 1C 02 00 F4 21 58 29 00 00 00 00 00 00 00 00 00 00 00 00 00 00 00 00 00 00 00 00 00 00 00 00 00 00 00 00 00 00 00 56 69 56 4F 74 65 63 68 32 00 02 57 00 2B E1 DF EE 26 02 E1 00 FF EE 06 13 9A 03 07 11 21 9F 21 03 10 15 20 DF EE 02 04 20 6A 82 02 9F 39 01 07 FF EE 01 05 DF EE 30 01 00 6E 05 00 00 00 00 56 69 56 4F 74 65 63 68 32 00 61 01 00 10 03 00 00 02 00 45 4E 03 00 82 23 1C 02 00 00 20 F0 63 00 00 00 00 00 00 00 00 00 00 00 00 00 00 00 00 00 00 00 00 00 00 00 00 00 00 00 00 00 00 00  

 --- 02-40 Apple VAS Only + ST Get VAS Only (NEO2) >>>>> MasterCard MChip card

2026/9/15 16:22:05.167 [TX] - 56 69 56 4F 74 65 63 68 32 00 02 40 00 43 0A 9F 02 06 00 00 00 00 00 01 9A 03 07 11 21 9F 21 03 10 15 20 9C 01 00 FF EE 06 19 9F 22 02 01 00 9F 26 04 00 00 00 02 9F 2B 05 01 00 00 00 00 DF EE 01 01 01 FF EE 08 0A DF EF 1A 01 02 DF ED 28 01 00 06 DB 
2026/9/15 16:22:05.200 [RX] - 56 69 56 4F 74 65 63 68 32 00 02 63 00 00 4B B4 00 00 00 00 00 00 00 00 00 00 00 00 00 00 00 00 00 00 00 00 00 00 00 00 00 00 00 00 00 00 00 00 00 00 00 00 00 00 00 00 00 00 00 00 00 00 00 56 69 56 4F 74 65 63 68 32 00 61 01 00 10 03 00 00 02 00 45 4E 03 00 82 57 1C 02 00 00 60 FB 9A 00 00 00 00 00 00 00 00 00 00 00 00 00 00 00 00 00 00 00 00 00 00 00 00 00 00 00 00 00 00 00 56 69 56 4F 74 65 63 68 32 00 61 01 00 19 04 00 00 02 00 45 4E 0C 00 84 01 1C 04 24 1C 04 30 2E 30 31 1C 02 00 F4 21 62 DF 00 00 00 00 00 00 00 00 00 00 00 00 00 00 00 00 00 00 00 00 00 00 56 69 56 4F 74 65 63 68 32 00 61 01 00 10 03 00 00 02 00 45 4E 03 00 82 1A 1C 02 00 F4 21 58 29 00 00 00 00 00 00 00 00 00 00 00 00 00 00 00 00 00 00 00 00 00 00 00 00 00 00 00 00 00 00 00 56 69 56 4F 74 65 63 68 32 00 02 57 00 2B E1 DF EE 26 02 E1 00 FF EE 06 13 9A 03 07 11 21 9F 21 03 10 15 20 DF EE 02 04 20 6A 82 02 9F 39 01 07 FF EE 01 05 DF EE 30 01 00 6E 05 00 00 00 00 56 69 56 4F 74 65 63 68 32 00 61 01 00 10 03 00 00 02 00 45 4E 03 00 82 23 1C 02 00 00 20 F0 63 00 00 00 00 00 00 00 00 00 00 00 00 00 00 00 00 00 00 00 00 00 00 00 00 00 00 00 00 00 00 00  

 --- 02-40 Apple VAS Only + ST Secure Get VAS Only (NEO2) >>>>> VISA qVSDC card

2026/9/15 16:22:08.628 [TX] - 56 69 56 4F 74 65 63 68 32 00 02 40 00 43 0A 9F 02 06 00 00 00 00 00 01 9A 03 07 11 21 9F 21 03 10 15 20 9C 01 00 FF EE 06 19 9F 22 02 01 00 9F 26 04 00 00 00 02 9F 2B 05 01 00 00 00 00 DF EE 01 01 01 FF EE 08 0A DF EF 1A 01 0A DF ED 28 01 00 44 D6 
2026/9/15 16:22:08.661 [RX] - 56 69 56 4F 74 65 63 68 32 00 02 63 00 00 4B B4 00 00 00 00 00 00 00 00 00 00 00 00 00 00 00 00 00 00 00 00 00 00 00 00 00 00 00 00 00 00 00 00 00 00 00 00 00 00 00 00 00 00 00 00 00 00 00 56 69 56 4F 74 65 63 68 32 00 61 01 00 10 03 00 00 02 00 45 4E 03 00 82 57 1C 02 00 00 60 FB 9A 00 00 00 00 00 00 00 00 00 00 00 00 00 00 00 00 00 00 00 00 00 00 00 00 00 00 00 00 00 00 00 56 69 56 4F 74 65 63 68 32 00 61 01 00 19 04 00 00 02 00 45 4E 0C 00 84 01 1C 04 24 1C 04 30 2E 30 31 1C 02 00 F4 21 62 DF 00 00 00 00 00 00 00 00 00 00 00 00 00 00 00 00 00 00 00 00 00 00 56 69 56 4F 74 65 63 68 32 00 61 01 00 10 03 00 00 02 00 45 4E 03 00 82 1A 1C 02 00 F4 21 58 29 00 00 00 00 00 00 00 00 00 00 00 00 00 00 00 00 00 00 00 00 00 00 00 00 00 00 00 00 00 00 00 56 69 56 4F 74 65 63 68 32 00 02 57 00 2B E1 DF EE 26 02 E1 00 FF EE 06 13 9A 03 07 11 21 9F 21 03 10 15 20 DF EE 02 04 20 6A 82 02 9F 39 01 07 FF EE 01 05 DF EE 30 01 00 6E 05 00 00 00 00 56 69 56 4F 74 65 63 68 32 00 61 01 00 10 03 00 00 02 00 45 4E 03 00 82 23 1C 02 00 00 20 F0 63 00 00 00 00 00 00 00 00 00 00 00 00 00 00 00 00 00 00 00 00 00 00 00 00 00 00 00 00 00 00 00  

 --- 02-40 Apple VAS Only + ST Secure Get VAS Only (NEO2) >>>>> MasterCard MChip card

2026/9/15 16:22:11.773 [TX] - 56 69 56 4F 74 65 63 68 32 00 02 40 00 43 0A 9F 02 06 00 00 00 00 00 01 9A 03 07 11 21 9F 21 03 10 15 20 9C 01 00 FF EE 06 19 9F 22 02 01 00 9F 26 04 00 00 00 02 9F 2B 05 01 00 00 00 00 DF EE 01 01 01 FF EE 08 0A DF EF 1A 01 0A DF ED 28 01 00 44 D6 
2026/9/15 16:22:11.806 [RX] - 56 69 56 4F 74 65 63 68 32 00 02 63 00 00 4B B4 00 00 00 00 00 00 00 00 00 00 00 00 00 00 00 00 00 00 00 00 00 00 00 00 00 00 00 00 00 00 00 00 00 00 00 00 00 00 00 00 00 00 00 00 00 00 00 56 69 56 4F 74 65 63 68 32 00 61 01 00 10 03 00 00 02 00 45 4E 03 00 82 57 1C 02 00 00 60 FB 9A 00 00 00 00 00 00 00 00 00 00 00 00 00 00 00 00 00 00 00 00 00 00 00 00 00 00 00 00 00 00 00 56 69 56 4F 74 65 63 68 32 00 61 01 00 19 04 00 00 02 00 45 4E 0C 00 84 01 1C 04 24 1C 04 30 2E 30 31 1C 02 00 F4 21 62 DF 00 00 00 00 00 00 00 00 00 00 00 00 00 00 00 00 00 00 00 00 00 00 56 69 56 4F 74 65 63 68 32 00 61 01 00 10 03 00 00 02 00 45 4E 03 00 82 1A 1C 02 00 F4 21 58 29 00 00 00 00 00 00 00 00 00 00 00 00 00 00 00 00 00 00 00 00 00 00 00 00 00 00 00 00 00 00 00 56 69 56 4F 74 65 63 68 32 00 02 57 00 2B E1 DF EE 26 02 E1 00 FF EE 06 13 9A 03 07 11 21 9F 21 03 10 15 20 DF EE 02 04 20 6A 82 02 9F 39 01 07 FF EE 01 05 DF EE 30 01 00 6E 05 00 00 00 00 56 69 56 4F 74 65 63 68 32 00 61 01 00 10 03 00 00 02 00 45 4E 03 00 82 23 1C 02 00 00 20 F0 63 00 00 00 00 00 00 00 00 00 00 00 00 00 00 00 00 00 00 00 00 00 00 00 00 00 00 00 00 00 00 00  

 --- 02-40 Apple Pay Only + ST Pay Only (NEO2) >>>>> VISA qVSDC card

2026/9/15 16:22:14.614 [TX] - 56 69 56 4F 74 65 63 68 32 00 02 40 00 3E 0A 9F 02 06 00 00 00 00 00 01 9A 03 07 11 21 9F 21 03 10 15 20 9C 01 00 FF EE 06 19 9F 22 02 01 00 9F 26 04 00 00 00 03 9F 2B 05 01 00 00 00 00 DF EE 01 01 01 FF EE 08 05 DF EF 1A 01 03 54 B9 
2026/9/15 16:22:14.647 [RX] - 56 69 56 4F 74 65 63 68 32 00 02 63 00 00 4B B4 00 00 00 00 00 00 00 00 00 00 00 00 00 00 00 00 00 00 00 00 00 00 00 00 00 00 00 00 00 00 00 00 00 00 00 00 00 00 00 00 00 00 00 00 00 00 00 56 69 56 4F 74 65 63 68 32 00 61 01 00 10 03 00 00 02 00 45 4E 03 00 82 57 1C 02 00 00 60 FB 9A 00 00 00 00 00 00 00 00 00 00 00 00 00 00 00 00 00 00 00 00 00 00 00 00 00 00 00 00 00 00 00 56 69 56 4F 74 65 63 68 32 00 61 01 00 19 04 00 00 02 00 45 4E 0C 00 84 01 1C 04 24 1C 04 30 2E 30 31 1C 02 00 F4 21 62 DF 00 00 00 00 00 00 00 00 00 00 00 00 00 00 00 00 00 00 00 00 00 00 56 69 56 4F 74 65 63 68 32 00 61 01 00 10 03 00 00 02 00 45 4E 03 00 82 1A 1C 02 00 F4 21 58 29 00 00 00 00 00 00 00 00 00 00 00 00 00 00 00 00 00 00 00 00 00 00 00 00 00 00 00 00 00 00 00 56 69 56 4F 74 65 63 68 32 00 61 01 00 10 03 00 00 02 00 45 4E 03 00 82 68 1C 02 00 F4 21 96 F5 00 00 00 00 00 00 00 00 00 00 00 00 00 00 00 00 00 00 00 00 00 00 00 00 00 00 00 00 00 00 00 56 69 56 4F 74 65 63 68 32 00 61 01 00 10 03 00 00 02 00 45 4E 03 00 82 15 1C 02 00 F4 21 9D 2A 00 00 00 00 00 00 00 00 00 00 00 00 00 00 00 00 00 00 00 00 00 00 00 00 00 00 00 00 00 00 00 56 69 56 4F 74 65 63 68 32 00 02 23 02 12 E1 DF EE 26 02 E1 00 DF EE 12 0A FF FF 98 76 54 32 11 00 00 56 DF EF 4C 06 00 00 00 00 00 00 DF EF 4D 00 DF 81 29 08 30 F0 F0 F0 B0 F0 FF 00 DF 81 16 16 1B FF 00 00 13 00 00 00 00 00 00 00 00 20 00 00 00 01 00 00 08 40 FF 81 05 82 01 86 4F 07 A0 00 00 00 03 10 10 50 0C 56 49 53 41 20 54 45 53 54 20 30 31 57 A1 13 47 61 CC CC CC CC 00 10 D2 01 2C CC CC CC CC CC CC CC CC 57 C1 18 EB 8B BB 0E F3 F0 DA DA 05 B4 37 B7 CA 45 05 84 0C 9F CD 8A 7D F4 11 FF 5A A1 08 47 61 CC CC CC CC 00 10 5A C1 10 EB 27 A0 5E 3F 30 AE B8 0F B1 D4 9E E3 9A FA 3D 82 02 20 20 84 07 A0 00 00 00 03 10 10 8F 01 51 95 05 00 00 00 00 00 96 01 03 9A 03 07 11 21 9C 01 00 5F 24 03 20 12 31 5F 2A 02 08 40 5F 2D 04 65 73 65 6E 5F 34 01 01 5F 36 01 02 9F 02 06 00 00 00 00 00 01 9F 03 06 00 00 00 00 00 00 9F 06 07 A0 00 00 00 03 10 10 9F 09 02 00 02 9F 10 07 06 01 11 03 90 00 00 9F 11 01 01 9F 12 0C 50 72 65 66 20 4E 61 6D 65 20 30 31 9F 15 02 00 00 9F 1A 02 08 40 9F 1B 04 00 00 1F 40 9F 1E 08 35 54 31 37 30 36 30 35 9F 21 03 10 15 20 9F 26 08 AA BB CC DD EE FF 11 22 9F 27 01 40 9F 33 03 E0 08 40 9F 34 03 3F 00 00 9F 35 01 15 9F 36 02 00 03 9F 37 04 B0 DF D7 3F 9F 39 01 07 9F 40 05 80 00 00 00 00 9F 41 04 00 00 00 18 9F 4E 1E 00 00 00 00 00 00 00 00 00 00 00 00 00 00 00 00 00 00 00 00 00 00 00 00 00 00 00 00 00 00 9F 66 04 30 00 C0 00 9F 69 07 01 11 22 33 44 20 00 9F 6C 02 20 00 DF 81 26 06 00 00 00 00 60 00 DF EE 4C 01 06 FF 81 06 09 9F 5D 06 00 00 00 01 00 00 FF EE 01 0A DF EE 30 01 00 DF EE 5B 01 05 DF EC 1C 1E 08 03 00 04 FF 00 1B 00 00 00 13 01 00 00 00 01 00 00 08 40 00 00 00 00 00 00 00 00 FF 00 BC 0D 00 00 00 00 00 00 00 00 00 00 00 00 00 00 00 00 00 00 00 00 00  

 --- 02-40 Apple Pay Only + ST Pay Only (NEO2) >>>>> MasterCard MChip card

2026/9/15 16:22:17.812 [TX] - 56 69 56 4F 74 65 63 68 32 00 02 40 00 3E 0A 9F 02 06 00 00 00 00 00 01 9A 03 07 11 21 9F 21 03 10 15 20 9C 01 00 FF EE 06 19 9F 22 02 01 00 9F 26 04 00 00 00 03 9F 2B 05 01 00 00 00 00 DF EE 01 01 01 FF EE 08 05 DF EF 1A 01 03 54 B9 
2026/9/15 16:22:17.845 [RX] - 56 69 56 4F 74 65 63 68 32 00 02 63 00 00 4B B4 00 00 00 00 00 00 00 00 00 00 00 00 00 00 00 00 00 00 00 00 00 00 00 00 00 00 00 00 00 00 00 00 00 00 00 00 00 00 00 00 00 00 00 00 00 00 00 56 69 56 4F 74 65 63 68 32 00 61 01 00 10 03 00 00 02 00 45 4E 03 00 82 57 1C 02 00 00 60 FB 9A 00 00 00 00 00 00 00 00 00 00 00 00 00 00 00 00 00 00 00 00 00 00 00 00 00 00 00 00 00 00 00 56 69 56 4F 74 65 63 68 32 00 61 01 00 19 04 00 00 02 00 45 4E 0C 00 84 01 1C 04 24 1C 04 30 2E 30 31 1C 02 00 F4 21 62 DF 00 00 00 00 00 00 00 00 00 00 00 00 00 00 00 00 00 00 00 00 00 00 56 69 56 4F 74 65 63 68 32 00 61 01 00 10 03 00 00 02 00 45 4E 03 00 82 1A 1C 02 00 F4 21 58 29 00 00 00 00 00 00 00 00 00 00 00 00 00 00 00 00 00 00 00 00 00 00 00 00 00 00 00 00 00 00 00 56 69 56 4F 74 65 63 68 32 00 61 01 00 10 03 00 00 02 00 45 4E 03 00 82 68 1C 02 00 F4 21 96 F5 00 00 00 00 00 00 00 00 00 00 00 00 00 00 00 00 00 00 00 00 00 00 00 00 00 00 00 00 00 00 00 56 69 56 4F 74 65 63 68 32 00 61 01 00 10 03 00 00 02 00 45 4E 03 00 82 15 1C 02 00 F4 21 9D 2A 00 00 00 00 00 00 00 00 00 00 00 00 00 00 00 00 00 00 00 00 00 00 00 00 00 00 00 00 00 00 00 56 69 56 4F 74 65 63 68 32 00 02 23 02 33 E1 DF EE 26 02 E1 00 DF EE 12 0A FF FF 98 76 54 32 11 00 00 57 DF EF 4C 06 00 00 00 00 00 00 DF EF 4D 00 DF 81 16 16 1E 04 00 00 00 00 00 00 00 00 00 00 00 00 00 00 00 00 00 00 00 00 DF 81 29 08 30 F0 F0 00 B0 F0 FF 00 FF 81 06 1E DF 81 15 06 00 00 00 00 00 FF 9F 42 02 09 78 DF 81 0B 01 00 DF 81 0E 01 00 DF 81 0F 01 00 FF 81 05 82 01 78 4F 07 A0 00 00 00 04 10 10 50 0F 50 50 43 20 4D 43 44 20 30 31 20 20 76 32 30 57 A1 11 54 13 CC CC CC CC 00 10 D1 41 2C CC CC CC CC CC CC 57 C1 18 83 95 7D 4D AA C1 8C 8A AA 9F 07 2D B6 FA 54 36 96 5B 89 D3 0E BA 03 55 5A A1 08 54 13 CC CC CC CC 00 10 5A C1 10 D1 95 58 5B 9D 1C 45 E2 FA CF EF 6E DD 3D 3F 10 5F 24 03 14 12 31 5F 25 03 04 01 01 5F 28 02 00 56 5F 34 01 01 82 02 59 80 84 07 A0 00 00 00 04 10 10 8E 0E 00 00 00 00 00 00 00 00 42 03 5E 03 1F 03 95 05 24 00 00 00 01 9A 03 07 11 21 9B 02 00 00 9C 01 00 9F 01 00 9F 02 06 00 00 00 00 00 01 9F 06 07 A0 00 00 00 04 10 10 9F 07 02 FF 00 9F 09 02 00 02 9F 0D 05 00 00 00 00 00 9F 0E 05 00 00 00 00 00 9F 0F 05 00 00 00 00 00 9F 10 12 01 10 A0 00 09 22 80 00 00 00 00 00 00 00 00 00 00 FF 9F 15 02 11 11 9F 16 00 9F 1A 02 08 40 9F 1C 00 9F 1D 08 6C FF 00 00 00 00 00 00 9F 1E 08 35 54 31 37 30 36 30 35 9F 21 03 10 15 20 9F 26 08 0B A5 8F 01 30 9B 36 8B 9F 27 01 80 9F 2A 01 02 9F 33 03 00 08 08 9F 34 03 1F 03 02 9F 35 01 22 9F 36 02 5F 6B 9F 37 04 21 4F 1C 00 9F 39 01 07 9F 40 05 00 00 00 00 00 9F 41 04 00 00 00 19 9F 4E 00 9F 6D 02 00 01 DF EE 76 05 24 00 00 00 01 DF 81 16 16 1B 00 00 00 00 00 00 00 00 00 00 00 00 00 00 00 00 00 00 00 00 00 FF EE 01 05 DF EE 30 01 00 DF EE 4C 01 03 DF EC 1C 1E 08 03 00 03 FF 00 1B 00 00 00 00 FF 00 00 00 00 00 00 00 00 00 00 00 00 00 00 00 00 FF 00 0B 7E 00 00 00 00 00 00 00 00 00 00 00 00 00 00 00 00 00 00 00 00 00 00 00 00 00 00 00 00 00 00 00 00 00 00 00 00 00 00 00 00 00 00 00 00 00 00 00 00 00 00 00  

 --- 02-40 Apple VAS & Pay + ST Get VAS & Pay (NEO2) >>>>> VISA qVSDC card

2026/9/15 16:22:20.885 [TX] - 56 69 56 4F 74 65 63 68 32 00 02 40 00 43 0A 9F 02 06 00 00 00 00 00 01 9A 03 07 11 21 9F 21 03 10 15 20 9C 01 00 FF EE 06 19 9F 22 02 01 00 9F 26 04 00 00 00 01 9F 2B 05 01 00 00 00 00 DF EE 01 01 01 FF EE 08 0A DF EF 1A 01 01 DF ED 28 01 00 5A 78 
2026/9/15 16:22:20.918 [RX] - 56 69 56 4F 74 65 63 68 32 00 02 63 00 00 4B B4 00 00 00 00 00 00 00 00 00 00 00 00 00 00 00 00 00 00 00 00 00 00 00 00 00 00 00 00 00 00 00 00 00 00 00 00 00 00 00 00 00 00 00 00 00 00 00 56 69 56 4F 74 65 63 68 32 00 61 01 00 10 03 00 00 02 00 45 4E 03 00 82 57 1C 02 00 00 60 FB 9A 00 00 00 00 00 00 00 00 00 00 00 00 00 00 00 00 00 00 00 00 00 00 00 00 00 00 00 00 00 00 00 56 69 56 4F 74 65 63 68 32 00 61 01 00 19 04 00 00 02 00 45 4E 0C 00 84 01 1C 04 24 1C 04 30 2E 30 31 1C 02 00 F4 21 62 DF 00 00 00 00 00 00 00 00 00 00 00 00 00 00 00 00 00 00 00 00 00 00 56 69 56 4F 74 65 63 68 32 00 61 01 00 10 03 00 00 02 00 45 4E 03 00 82 1A 1C 02 00 F4 21 58 29 00 00 00 00 00 00 00 00 00 00 00 00 00 00 00 00 00 00 00 00 00 00 00 00 00 00 00 00 00 00 00 56 69 56 4F 74 65 63 68 32 00 61 01 00 10 03 00 00 02 00 45 4E 03 00 82 68 1C 02 00 F4 21 96 F5 00 00 00 00 00 00 00 00 00 00 00 00 00 00 00 00 00 00 00 00 00 00 00 00 00 00 00 00 00 00 00 56 69 56 4F 74 65 63 68 32 00 61 01 00 10 03 00 00 02 00 45 4E 03 00 82 15 1C 02 00 F4 21 9D 2A 00 00 00 00 00 00 00 00 00 00 00 00 00 00 00 00 00 00 00 00 00 00 00 00 00 00 00 00 00 00 00 56 69 56 4F 74 65 63 68 32 00 02 23 02 29 E1 DF EE 26 02 E1 00 DF EE 12 0A FF FF 98 76 54 32 11 00 00 58 DF EF 4C 06 00 00 00 00 00 00 DF EF 4D 00 DF 81 29 08 30 F0 F0 F0 B0 F0 FF 00 DF 81 16 16 1B FF 00 00 13 00 00 00 00 00 00 00 00 20 00 00 00 01 00 00 08 40 FF 81 05 82 01 86 4F 07 A0 00 00 00 03 10 10 50 0C 56 49 53 41 20 54 45 53 54 20 30 31 57 A1 13 47 61 CC CC CC CC 00 10 D2 01 2C CC CC CC CC CC CC CC CC 57 C1 18 72 36 B1 75 D3 69 CB 33 1D A6 51 46 8C F1 74 A2 CA 2E 55 F4 3B ED 4B 6E 5A A1 08 47 61 CC CC CC CC 00 10 5A C1 10 71 9B EA 65 E0 EC 1A B9 1E A1 54 CE 7B 8C 93 F2 82 02 20 20 84 07 A0 00 00 00 03 10 10 8F 01 51 95 05 00 00 00 00 00 96 01 03 9A 03 07 11 21 9C 01 00 5F 24 03 20 12 31 5F 2A 02 08 40 5F 2D 04 65 73 65 6E 5F 34 01 01 5F 36 01 02 9F 02 06 00 00 00 00 00 01 9F 03 06 00 00 00 00 00 00 9F 06 07 A0 00 00 00 03 10 10 9F 09 02 00 02 9F 10 07 06 01 11 03 90 00 00 9F 11 01 01 9F 12 0C 50 72 65 66 20 4E 61 6D 65 20 30 31 9F 15 02 00 00 9F 1A 02 08 40 9F 1B 04 00 00 1F 40 9F 1E 08 35 54 31 37 30 36 30 35 9F 21 03 10 15 20 9F 26 08 AA BB CC DD EE FF 11 22 9F 27 01 40 9F 33 03 E0 08 40 9F 34 03 3F 00 00 9F 35 01 15 9F 36 02 00 03 9F 37 04 4B EC E0 B3 9F 39 01 07 9F 40 05 80 00 00 00 00 9F 41 04 00 00 00 20 9F 4E 1E 00 00 00 00 00 00 00 00 00 00 00 00 00 00 00 00 00 00 00 00 00 00 00 00 00 00 00 00 00 00 9F 66 04 30 00 C0 00 9F 69 07 01 11 22 33 44 20 00 9F 6C 02 20 00 DF 81 26 06 00 00 00 00 60 00 DF EE 4C 01 06 FF 81 06 09 9F 5D 06 00 00 00 01 00 00 FF EE 01 0A DF EE 30 01 00 DF EE 5B 01 05 DF EC 1C 1E 08 03 00 04 FF 00 1B 00 00 00 13 01 00 00 00 01 00 00 08 40 00 00 00 00 00 00 00 00 FF 00 FF EE 06 13 9A 03 07 11 21 9F 21 03 10 15 20 DF EE 02 04 20 6A 82 02 F5 CE 00 00 00 00 00 00 00 00 00 00 00 00 00 00 00 00 00 00 00 00 00 00 00 00 00 00 00 00 00 00 00 00 00 00 00 00 00 00 00 00 00 00 00 00 00 00 00 00 00 00 00 00 00 00 00 00 00 00 00 00 00  

 --- 02-40 Apple VAS & Pay + ST Get VAS & Pay (NEO2) >>>>> MasterCard MChip card

2026/9/15 16:22:24.213 [TX] - 56 69 56 4F 74 65 63 68 32 00 02 40 00 43 0A 9F 02 06 00 00 00 00 00 01 9A 03 07 11 21 9F 21 03 10 15 20 9C 01 00 FF EE 06 19 9F 22 02 01 00 9F 26 04 00 00 00 01 9F 2B 05 01 00 00 00 00 DF EE 01 01 01 FF EE 08 0A DF EF 1A 01 01 DF ED 28 01 00 5A 78 
2026/9/15 16:22:24.246 [RX] - 56 69 56 4F 74 65 63 68 32 00 02 63 00 00 4B B4 00 00 00 00 00 00 00 00 00 00 00 00 00 00 00 00 00 00 00 00 00 00 00 00 00 00 00 00 00 00 00 00 00 00 00 00 00 00 00 00 00 00 00 00 00 00 00 56 69 56 4F 74 65 63 68 32 00 61 01 00 10 03 00 00 02 00 45 4E 03 00 82 57 1C 02 00 00 60 FB 9A 00 00 00 00 00 00 00 00 00 00 00 00 00 00 00 00 00 00 00 00 00 00 00 00 00 00 00 00 00 00 00 56 69 56 4F 74 65 63 68 32 00 61 01 00 19 04 00 00 02 00 45 4E 0C 00 84 01 1C 04 24 1C 04 30 2E 30 31 1C 02 00 F4 21 62 DF 00 00 00 00 00 00 00 00 00 00 00 00 00 00 00 00 00 00 00 00 00 00 56 69 56 4F 74 65 63 68 32 00 61 01 00 10 03 00 00 02 00 45 4E 03 00 82 1A 1C 02 00 F4 21 58 29 00 00 00 00 00 00 00 00 00 00 00 00 00 00 00 00 00 00 00 00 00 00 00 00 00 00 00 00 00 00 00 56 69 56 4F 74 65 63 68 32 00 61 01 00 10 03 00 00 02 00 45 4E 03 00 82 68 1C 02 00 F4 21 96 F5 00 00 00 00 00 00 00 00 00 00 00 00 00 00 00 00 00 00 00 00 00 00 00 00 00 00 00 00 00 00 00 56 69 56 4F 74 65 63 68 32 00 61 01 00 10 03 00 00 02 00 45 4E 03 00 82 15 1C 02 00 F4 21 9D 2A 00 00 00 00 00 00 00 00 00 00 00 00 00 00 00 00 00 00 00 00 00 00 00 00 00 00 00 00 00 00 00 56 69 56 4F 74 65 63 68 32 00 02 23 02 4A E1 DF EE 26 02 E1 00 DF EE 12 0A FF FF 98 76 54 32 11 00 00 59 DF EF 4C 06 00 00 00 00 00 00 DF EF 4D 00 DF 81 16 16 1E 04 00 00 00 00 00 00 00 00 00 00 00 00 00 00 00 00 00 00 00 00 DF 81 29 08 30 F0 F0 00 B0 F0 FF 00 FF 81 06 1E DF 81 15 06 00 00 00 00 00 FF 9F 42 02 09 78 DF 81 0B 01 00 DF 81 0E 01 00 DF 81 0F 01 00 FF 81 05 82 01 78 4F 07 A0 00 00 00 04 10 10 50 0F 50 50 43 20 4D 43 44 20 30 31 20 20 76 32 30 57 A1 11 54 13 CC CC CC CC 00 10 D1 41 2C CC CC CC CC CC CC 57 C1 18 6D FC DA 8F CB 5E 5E 21 41 82 10 93 AC 95 7F 7D 27 43 F2 09 19 DA D0 63 5A A1 08 54 13 CC CC CC CC 00 10 5A C1 10 1A C2 84 01 14 4B F8 74 6A F8 19 CA 40 3E 58 A5 5F 24 03 14 12 31 5F 25 03 04 01 01 5F 28 02 00 56 5F 34 01 01 82 02 59 80 84 07 A0 00 00 00 04 10 10 8E 0E 00 00 00 00 00 00 00 00 42 03 5E 03 1F 03 95 05 24 00 00 00 01 9A 03 07 11 21 9B 02 00 00 9C 01 00 9F 01 00 9F 02 06 00 00 00 00 00 01 9F 06 07 A0 00 00 00 04 10 10 9F 07 02 FF 00 9F 09 02 00 02 9F 0D 05 00 00 00 00 00 9F 0E 05 00 00 00 00 00 9F 0F 05 00 00 00 00 00 9F 10 12 01 10 A0 00 09 22 80 00 00 00 00 00 00 00 00 00 00 FF 9F 15 02 11 11 9F 16 00 9F 1A 02 08 40 9F 1C 00 9F 1D 08 6C FF 00 00 00 00 00 00 9F 1E 08 35 54 31 37 30 36 30 35 9F 21 03 10 15 20 9F 26 08 0B A5 8F 01 30 9B 36 8B 9F 27 01 80 9F 2A 01 02 9F 33 03 00 08 08 9F 34 03 1F 03 02 9F 35 01 22 9F 36 02 5F 6B 9F 37 04 A7 F2 95 B2 9F 39 01 07 9F 40 05 00 00 00 00 00 9F 41 04 00 00 00 21 9F 4E 00 9F 6D 02 00 01 DF EE 76 05 24 00 00 00 01 DF 81 16 16 1B 00 00 00 00 00 00 00 00 00 00 00 00 00 00 00 00 00 00 00 00 00 FF EE 01 05 DF EE 30 01 00 DF EE 4C 01 03 DF EC 1C 1E 08 03 00 03 FF 00 1B 00 00 00 00 FF 00 00 00 00 00 00 00 00 00 00 00 00 00 00 00 00 FF 00 FF EE 06 13 9A 03 07 11 21 9F 21 03 10 15 20 DF EE 02 04 20 6A 82 02 24 EA 00 00 00 00 00 00 00 00 00 00 00 00 00 00 00 00 00 00 00 00 00 00 00 00 00 00 00 00  

 --- 02-40 Apple VAS & Pay + ST Secure Get VAS & Pay (NEO2) >>>>> VISA qVSDC card

2026/9/15 16:22:27.557 [TX] - 56 69 56 4F 74 65 63 68 32 00 02 40 00 43 0A 9F 02 06 00 00 00 00 00 01 9A 03 07 11 21 9F 21 03 10 15 20 9C 01 00 FF EE 06 19 9F 22 02 01 00 9F 26 04 00 00 00 01 9F 2B 05 01 00 00 00 00 DF EE 01 01 01 FF EE 08 0A DF EF 1A 01 09 DF ED 28 01 00 18 75 
2026/9/15 16:22:27.590 [RX] - 56 69 56 4F 74 65 63 68 32 00 02 63 00 00 4B B4 00 00 00 00 00 00 00 00 00 00 00 00 00 00 00 00 00 00 00 00 00 00 00 00 00 00 00 00 00 00 00 00 00 00 00 00 00 00 00 00 00 00 00 00 00 00 00 56 69 56 4F 74 65 63 68 32 00 61 01 00 10 03 00 00 02 00 45 4E 03 00 82 57 1C 02 00 00 60 FB 9A 00 00 00 00 00 00 00 00 00 00 00 00 00 00 00 00 00 00 00 00 00 00 00 00 00 00 00 00 00 00 00 56 69 56 4F 74 65 63 68 32 00 61 01 00 19 04 00 00 02 00 45 4E 0C 00 84 01 1C 04 24 1C 04 30 2E 30 31 1C 02 00 F4 21 62 DF 00 00 00 00 00 00 00 00 00 00 00 00 00 00 00 00 00 00 00 00 00 00 56 69 56 4F 74 65 63 68 32 00 61 01 00 10 03 00 00 02 00 45 4E 03 00 82 1A 1C 02 00 F4 21 58 29 00 00 00 00 00 00 00 00 00 00 00 00 00 00 00 00 00 00 00 00 00 00 00 00 00 00 00 00 00 00 00 56 69 56 4F 74 65 63 68 32 00 61 01 00 10 03 00 00 02 00 45 4E 03 00 82 68 1C 02 00 F4 21 96 F5 00 00 00 00 00 00 00 00 00 00 00 00 00 00 00 00 00 00 00 00 00 00 00 00 00 00 00 00 00 00 00 56 69 56 4F 74 65 63 68 32 00 61 01 00 10 03 00 00 02 00 45 4E 03 00 82 15 1C 02 00 F4 21 9D 2A 00 00 00 00 00 00 00 00 00 00 00 00 00 00 00 00 00 00 00 00 00 00 00 00 00 00 00 00 00 00 00 56 69 56 4F 74 65 63 68 32 00 02 23 02 29 E1 DF EE 26 02 E1 00 DF EE 12 0A FF FF 98 76 54 32 11 00 00 5A DF EF 4C 06 00 00 00 00 00 00 DF EF 4D 00 DF 81 29 08 30 F0 F0 F0 B0 F0 FF 00 DF 81 16 16 1B FF 00 00 13 00 00 00 00 00 00 00 00 20 00 00 00 01 00 00 08 40 FF 81 05 82 01 86 4F 07 A0 00 00 00 03 10 10 50 0C 56 49 53 41 20 54 45 53 54 20 30 31 57 A1 13 47 61 CC CC CC CC 00 10 D2 01 2C CC CC CC CC CC CC CC CC 57 C1 18 46 D5 01 0E F3 FE B2 72 DE 3E D8 71 37 E8 D1 39 DF A4 BD 6A 3B F8 23 EA 5A A1 08 47 61 CC CC CC CC 00 10 5A C1 10 B3 D1 FF 91 DF 36 2A C6 86 C5 33 31 83 A3 C7 E8 82 02 20 20 84 07 A0 00 00 00 03 10 10 8F 01 51 95 05 00 00 00 00 00 96 01 03 9A 03 07 11 21 9C 01 00 5F 24 03 20 12 31 5F 2A 02 08 40 5F 2D 04 65 73 65 6E 5F 34 01 01 5F 36 01 02 9F 02 06 00 00 00 00 00 01 9F 03 06 00 00 00 00 00 00 9F 06 07 A0 00 00 00 03 10 10 9F 09 02 00 02 9F 10 07 06 01 11 03 90 00 00 9F 11 01 01 9F 12 0C 50 72 65 66 20 4E 61 6D 65 20 30 31 9F 15 02 00 00 9F 1A 02 08 40 9F 1B 04 00 00 1F 40 9F 1E 08 35 54 31 37 30 36 30 35 9F 21 03 10 15 20 9F 26 08 AA BB CC DD EE FF 11 22 9F 27 01 40 9F 33 03 E0 08 40 9F 34 03 3F 00 00 9F 35 01 15 9F 36 02 00 03 9F 37 04 7E FD 48 DF 9F 39 01 07 9F 40 05 80 00 00 00 00 9F 41 04 00 00 00 22 9F 4E 1E 00 00 00 00 00 00 00 00 00 00 00 00 00 00 00 00 00 00 00 00 00 00 00 00 00 00 00 00 00 00 9F 66 04 30 00 C0 00 9F 69 07 01 11 22 33 44 20 00 9F 6C 02 20 00 DF 81 26 06 00 00 00 00 60 00 DF EE 4C 01 06 FF 81 06 09 9F 5D 06 00 00 00 01 00 00 FF EE 01 0A DF EE 30 01 00 DF EE 5B 01 05 DF EC 1C 1E 08 03 00 04 FF 00 1B 00 00 00 13 01 00 00 00 01 00 00 08 40 00 00 00 00 00 00 00 00 FF 00 FF EE 06 13 9A 03 07 11 21 9F 21 03 10 15 20 DF EE 02 04 20 6A 82 02 9D 7B 00 00 00 00 00 00 00 00 00 00 00 00 00 00 00 00 00 00 00 00 00 00 00 00 00 00 00 00 00 00 00 00 00 00 00 00 00 00 00 00 00 00 00 00 00 00 00 00 00 00 00 00 00 00 00 00 00 00 00 00 00  

 --- 02-40 Apple VAS & Pay + ST Secure Get VAS & Pay (NEO2) >>>>> MasterCard MChip card

2026/9/15 16:22:30.918 [TX] - 56 69 56 4F 74 65 63 68 32 00 02 40 00 43 0A 9F 02 06 00 00 00 00 00 01 9A 03 07 11 21 9F 21 03 10 15 20 9C 01 00 FF EE 06 19 9F 22 02 01 00 9F 26 04 00 00 00 01 9F 2B 05 01 00 00 00 00 DF EE 01 01 01 FF EE 08 0A DF EF 1A 01 09 DF ED 28 01 00 18 75 
2026/9/15 16:22:30.951 [RX] - 56 69 56 4F 74 65 63 68 32 00 02 63 00 00 4B B4 00 00 00 00 00 00 00 00 00 00 00 00 00 00 00 00 00 00 00 00 00 00 00 00 00 00 00 00 00 00 00 00 00 00 00 00 00 00 00 00 00 00 00 00 00 00 00 56 69 56 4F 74 65 63 68 32 00 61 01 00 10 03 00 00 02 00 45 4E 03 00 82 57 1C 02 00 00 60 FB 9A 00 00 00 00 00 00 00 00 00 00 00 00 00 00 00 00 00 00 00 00 00 00 00 00 00 00 00 00 00 00 00 56 69 56 4F 74 65 63 68 32 00 61 01 00 19 04 00 00 02 00 45 4E 0C 00 84 01 1C 04 24 1C 04 30 2E 30 31 1C 02 00 F4 21 62 DF 00 00 00 00 00 00 00 00 00 00 00 00 00 00 00 00 00 00 00 00 00 00 56 69 56 4F 74 65 63 68 32 00 61 01 00 10 03 00 00 02 00 45 4E 03 00 82 1A 1C 02 00 F4 21 58 29 00 00 00 00 00 00 00 00 00 00 00 00 00 00 00 00 00 00 00 00 00 00 00 00 00 00 00 00 00 00 00 56 69 56 4F 74 65 63 68 32 00 61 01 00 10 03 00 00 02 00 45 4E 03 00 82 68 1C 02 00 F4 21 96 F5 00 00 00 00 00 00 00 00 00 00 00 00 00 00 00 00 00 00 00 00 00 00 00 00 00 00 00 00 00 00 00 56 69 56 4F 74 65 63 68 32 00 61 01 00 10 03 00 00 02 00 45 4E 03 00 82 15 1C 02 00 F4 21 9D 2A 00 00 00 00 00 00 00 00 00 00 00 00 00 00 00 00 00 00 00 00 00 00 00 00 00 00 00 00 00 00 00 56 69 56 4F 74 65 63 68 32 00 02 23 02 4A E1 DF EE 26 02 E1 00 DF EE 12 0A FF FF 98 76 54 32 11 00 00 5B DF EF 4C 06 00 00 00 00 00 00 DF EF 4D 00 DF 81 16 16 1E 04 00 00 00 00 00 00 00 00 00 00 00 00 00 00 00 00 00 00 00 00 DF 81 29 08 30 F0 F0 00 B0 F0 FF 00 FF 81 06 1E DF 81 15 06 00 00 00 00 00 FF 9F 42 02 09 78 DF 81 0B 01 00 DF 81 0E 01 00 DF 81 0F 01 00 FF 81 05 82 01 78 4F 07 A0 00 00 00 04 10 10 50 0F 50 50 43 20 4D 43 44 20 30 31 20 20 76 32 30 57 A1 11 54 13 CC CC CC CC 00 10 D1 41 2C CC CC CC CC CC CC 57 C1 18 C8 D1 FE 43 CF 88 1B E9 8D 88 0D 04 D0 0D 26 82 8D 70 27 E6 15 07 65 B4 5A A1 08 54 13 CC CC CC CC 00 10 5A C1 10 71 C1 D3 49 D7 7C DB 1B F1 5D 6B 52 9F 97 F2 4C 5F 24 03 14 12 31 5F 25 03 04 01 01 5F 28 02 00 56 5F 34 01 01 82 02 59 80 84 07 A0 00 00 00 04 10 10 8E 0E 00 00 00 00 00 00 00 00 42 03 5E 03 1F 03 95 05 24 00 00 00 01 9A 03 07 11 21 9B 02 00 00 9C 01 00 9F 01 00 9F 02 06 00 00 00 00 00 01 9F 06 07 A0 00 00 00 04 10 10 9F 07 02 FF 00 9F 09 02 00 02 9F 0D 05 00 00 00 00 00 9F 0E 05 00 00 00 00 00 9F 0F 05 00 00 00 00 00 9F 10 12 01 10 A0 00 09 22 80 00 00 00 00 00 00 00 00 00 00 FF 9F 15 02 11 11 9F 16 00 9F 1A 02 08 40 9F 1C 00 9F 1D 08 6C FF 00 00 00 00 00 00 9F 1E 08 35 54 31 37 30 36 30 35 9F 21 03 10 15 20 9F 26 08 0B A5 8F 01 30 9B 36 8B 9F 27 01 80 9F 2A 01 02 9F 33 03 00 08 08 9F 34 03 1F 03 02 9F 35 01 22 9F 36 02 5F 6B 9F 37 04 42 9D A8 3D 9F 39 01 07 9F 40 05 00 00 00 00 00 9F 41 04 00 00 00 23 9F 4E 00 9F 6D 02 00 01 DF EE 76 05 24 00 00 00 01 DF 81 16 16 1B 00 00 00 00 00 00 00 00 00 00 00 00 00 00 00 00 00 00 00 00 00 FF EE 01 05 DF EE 30 01 00 DF EE 4C 01 03 DF EC 1C 1E 08 03 00 03 FF 00 1B 00 00 00 00 FF 00 00 00 00 00 00 00 00 00 00 00 00 00 00 00 00 FF 00 FF EE 06 13 9A 03 07 11 21 9F 21 03 10 15 20 DF EE 02 04 20 6A 82 02 56 A3 00 00 00 00 00 00 00 00 00 00 00 00 00 00 00 00 00 00 00 00 00 00 00 00 00 00 00 00  

 --- 02-40 Apple VAS or Pay + ST Get VAS or Pay (NEO2) >>>>> VISA qVSDC card

2026/9/15 16:22:34.276 [TX] - 56 69 56 4F 74 65 63 68 32 00 02 40 00 43 0A 9F 02 06 00 00 00 00 00 01 9A 03 07 11 21 9F 21 03 10 15 20 9C 01 00 FF EE 06 19 9F 22 02 01 00 9F 26 04 00 00 00 00 9F 2B 05 01 00 00 00 00 DF EE 01 01 01 FF EE 08 0A DF EF 1A 01 00 DF ED 28 01 00 6E 19 
2026/9/15 16:22:34.309 [RX] - 56 69 56 4F 74 65 63 68 32 00 02 63 00 00 4B B4 00 00 00 00 00 00 00 00 00 00 00 00 00 00 00 00 00 00 00 00 00 00 00 00 00 00 00 00 00 00 00 00 00 00 00 00 00 00 00 00 00 00 00 00 00 00 00 56 69 56 4F 74 65 63 68 32 00 61 01 00 10 03 00 00 02 00 45 4E 03 00 82 57 1C 02 00 00 60 FB 9A 00 00 00 00 00 00 00 00 00 00 00 00 00 00 00 00 00 00 00 00 00 00 00 00 00 00 00 00 00 00 00 56 69 56 4F 74 65 63 68 32 00 61 01 00 19 04 00 00 02 00 45 4E 0C 00 84 01 1C 04 24 1C 04 30 2E 30 31 1C 02 00 F4 21 62 DF 00 00 00 00 00 00 00 00 00 00 00 00 00 00 00 00 00 00 00 00 00 00 56 69 56 4F 74 65 63 68 32 00 61 01 00 10 03 00 00 02 00 45 4E 03 00 82 1A 1C 02 00 F4 21 58 29 00 00 00 00 00 00 00 00 00 00 00 00 00 00 00 00 00 00 00 00 00 00 00 00 00 00 00 00 00 00 00 56 69 56 4F 74 65 63 68 32 00 61 01 00 10 03 00 00 02 00 45 4E 03 00 82 68 1C 02 00 F4 21 96 F5 00 00 00 00 00 00 00 00 00 00 00 00 00 00 00 00 00 00 00 00 00 00 00 00 00 00 00 00 00 00 00 56 69 56 4F 74 65 63 68 32 00 61 01 00 10 03 00 00 02 00 45 4E 03 00 82 15 1C 02 00 F4 21 9D 2A 00 00 00 00 00 00 00 00 00 00 00 00 00 00 00 00 00 00 00 00 00 00 00 00 00 00 00 00 00 00 00 56 69 56 4F 74 65 63 68 32 00 02 23 02 29 E1 DF EE 26 02 E1 00 DF EE 12 0A FF FF 98 76 54 32 11 00 00 5C DF EF 4C 06 00 00 00 00 00 00 DF EF 4D 00 DF 81 29 08 30 F0 F0 F0 B0 F0 FF 00 DF 81 16 16 1B FF 00 00 13 00 00 00 00 00 00 00 00 20 00 00 00 01 00 00 08 40 FF 81 05 82 01 86 4F 07 A0 00 00 00 03 10 10 50 0C 56 49 53 41 20 54 45 53 54 20 30 31 57 A1 13 47 61 CC CC CC CC 00 10 D2 01 2C CC CC CC CC CC CC CC CC 57 C1 18 B5 E5 59 2D 2F 1D 03 B6 0C EE A6 F0 5A 51 FE 0E 80 8C 8D 31 4C C5 07 E4 5A A1 08 47 61 CC CC CC CC 00 10 5A C1 10 CF A1 2F 1E 1A 99 11 96 5E D3 7D A4 30 25 60 F5 82 02 20 20 84 07 A0 00 00 00 03 10 10 8F 01 51 95 05 00 00 00 00 00 96 01 03 9A 03 07 11 21 9C 01 00 5F 24 03 20 12 31 5F 2A 02 08 40 5F 2D 04 65 73 65 6E 5F 34 01 01 5F 36 01 02 9F 02 06 00 00 00 00 00 01 9F 03 06 00 00 00 00 00 00 9F 06 07 A0 00 00 00 03 10 10 9F 09 02 00 02 9F 10 07 06 01 11 03 90 00 00 9F 11 01 01 9F 12 0C 50 72 65 66 20 4E 61 6D 65 20 30 31 9F 15 02 00 00 9F 1A 02 08 40 9F 1B 04 00 00 1F 40 9F 1E 08 35 54 31 37 30 36 30 35 9F 21 03 10 15 20 9F 26 08 AA BB CC DD EE FF 11 22 9F 27 01 40 9F 33 03 E0 08 40 9F 34 03 3F 00 00 9F 35 01 15 9F 36 02 00 03 9F 37 04 65 88 B2 9F 9F 39 01 07 9F 40 05 80 00 00 00 00 9F 41 04 00 00 00 24 9F 4E 1E 00 00 00 00 00 00 00 00 00 00 00 00 00 00 00 00 00 00 00 00 00 00 00 00 00 00 00 00 00 00 9F 66 04 30 00 C0 00 9F 69 07 01 11 22 33 44 20 00 9F 6C 02 20 00 DF 81 26 06 00 00 00 00 60 00 DF EE 4C 01 06 FF 81 06 09 9F 5D 06 00 00 00 01 00 00 FF EE 01 0A DF EE 30 01 00 DF EE 5B 01 05 DF EC 1C 1E 08 03 00 04 FF 00 1B 00 00 00 13 01 00 00 00 01 00 00 08 40 00 00 00 00 00 00 00 00 FF 00 FF EE 06 13 9A 03 07 11 21 9F 21 03 10 15 20 DF EE 02 04 20 6A 82 02 3C EF 00 00 00 00 00 00 00 00 00 00 00 00 00 00 00 00 00 00 00 00 00 00 00 00 00 00 00 00 00 00 00 00 00 00 00 00 00 00 00 00 00 00 00 00 00 00 00 00 00 00 00 00 00 00 00 00 00 00 00 00 00  

 --- 02-40 Apple VAS or Pay + ST Get VAS or Pay (NEO2) >>>>> MasterCard MChip card

2026/9/15 16:22:37.413 [TX] - 56 69 56 4F 74 65 63 68 32 00 02 40 00 43 0A 9F 02 06 00 00 00 00 00 01 9A 03 07 11 21 9F 21 03 10 15 20 9C 01 00 FF EE 06 19 9F 22 02 01 00 9F 26 04 00 00 00 00 9F 2B 05 01 00 00 00 00 DF EE 01 01 01 FF EE 08 0A DF EF 1A 01 00 DF ED 28 01 00 6E 19 
2026/9/15 16:22:37.447 [RX] - 56 69 56 4F 74 65 63 68 32 00 02 63 00 00 4B B4 00 00 00 00 00 00 00 00 00 00 00 00 00 00 00 00 00 00 00 00 00 00 00 00 00 00 00 00 00 00 00 00 00 00 00 00 00 00 00 00 00 00 00 00 00 00 00 56 69 56 4F 74 65 63 68 32 00 61 01 00 10 03 00 00 02 00 45 4E 03 00 82 57 1C 02 00 00 60 FB 9A 00 00 00 00 00 00 00 00 00 00 00 00 00 00 00 00 00 00 00 00 00 00 00 00 00 00 00 00 00 00 00 56 69 56 4F 74 65 63 68 32 00 61 01 00 19 04 00 00 02 00 45 4E 0C 00 84 01 1C 04 24 1C 04 30 2E 30 31 1C 02 00 F4 21 62 DF 00 00 00 00 00 00 00 00 00 00 00 00 00 00 00 00 00 00 00 00 00 00 56 69 56 4F 74 65 63 68 32 00 61 01 00 10 03 00 00 02 00 45 4E 03 00 82 1A 1C 02 00 F4 21 58 29 00 00 00 00 00 00 00 00 00 00 00 00 00 00 00 00 00 00 00 00 00 00 00 00 00 00 00 00 00 00 00 56 69 56 4F 74 65 63 68 32 00 61 01 00 10 03 00 00 02 00 45 4E 03 00 82 68 1C 02 00 F4 21 96 F5 00 00 00 00 00 00 00 00 00 00 00 00 00 00 00 00 00 00 00 00 00 00 00 00 00 00 00 00 00 00 00 56 69 56 4F 74 65 63 68 32 00 61 01 00 10 03 00 00 02 00 45 4E 03 00 82 15 1C 02 00 F4 21 9D 2A 00 00 00 00 00 00 00 00 00 00 00 00 00 00 00 00 00 00 00 00 00 00 00 00 00 00 00 00 00 00 00 56 69 56 4F 74 65 63 68 32 00 02 23 02 4A E1 DF EE 26 02 E1 00 DF EE 12 0A FF FF 98 76 54 32 11 00 00 5D DF EF 4C 06 00 00 00 00 00 00 DF EF 4D 00 DF 81 16 16 1E 04 00 00 00 00 00 00 00 00 00 00 00 00 00 00 00 00 00 00 00 00 DF 81 29 08 30 F0 F0 00 B0 F0 FF 00 FF 81 06 1E DF 81 15 06 00 00 00 00 00 FF 9F 42 02 09 78 DF 81 0B 01 00 DF 81 0E 01 00 DF 81 0F 01 00 FF 81 05 82 01 78 4F 07 A0 00 00 00 04 10 10 50 0F 50 50 43 20 4D 43 44 20 30 31 20 20 76 32 30 57 A1 11 54 13 CC CC CC CC 00 10 D1 41 2C CC CC CC CC CC CC 57 C1 18 CC AE E3 07 7C AD 48 B1 E0 CE D2 54 13 8B D0 6F 1A 44 FE 87 E9 95 D2 D4 5A A1 08 54 13 CC CC CC CC 00 10 5A C1 10 62 54 8E F7 9B B7 0A AD 7A 0A 07 B8 CF C1 78 AE 5F 24 03 14 12 31 5F 25 03 04 01 01 5F 28 02 00 56 5F 34 01 01 82 02 59 80 84 07 A0 00 00 00 04 10 10 8E 0E 00 00 00 00 00 00 00 00 42 03 5E 03 1F 03 95 05 24 00 00 00 01 9A 03 07 11 21 9B 02 00 00 9C 01 00 9F 01 00 9F 02 06 00 00 00 00 00 01 9F 06 07 A0 00 00 00 04 10 10 9F 07 02 FF 00 9F 09 02 00 02 9F 0D 05 00 00 00 00 00 9F 0E 05 00 00 00 00 00 9F 0F 05 00 00 00 00 00 9F 10 12 01 10 A0 00 09 22 80 00 00 00 00 00 00 00 00 00 00 FF 9F 15 02 11 11 9F 16 00 9F 1A 02 08 40 9F 1C 00 9F 1D 08 6C FF 00 00 00 00 00 00 9F 1E 08 35 54 31 37 30 36 30 35 9F 21 03 10 15 20 9F 26 08 0B A5 8F 01 30 9B 36 8B 9F 27 01 80 9F 2A 01 02 9F 33 03 00 08 08 9F 34 03 1F 03 02 9F 35 01 22 9F 36 02 5F 6B 9F 37 04 E3 68 A5 9F 9F 39 01 07 9F 40 05 00 00 00 00 00 9F 41 04 00 00 00 25 9F 4E 00 9F 6D 02 00 01 DF EE 76 05 24 00 00 00 01 DF 81 16 16 1B 00 00 00 00 00 00 00 00 00 00 00 00 00 00 00 00 00 00 00 00 00 FF EE 01 05 DF EE 30 01 00 DF EE 4C 01 03 DF EC 1C 1E 08 03 00 03 FF 00 1B 00 00 00 00 FF 00 00 00 00 00 00 00 00 00 00 00 00 00 00 00 00 FF 00 FF EE 06 13 9A 03 07 11 21 9F 21 03 10 15 20 DF EE 02 04 20 6A 82 02 86 4D 00 00 00 00 00 00 00 00 00 00 00 00 00 00 00 00 00 00 00 00 00 00 00 00 00 00 00 00  

 --- 02-40 Apple VAS or Pay + ST Secure Get VAS or Pay (NEO2) >>>>> VISA qVSDC card

2026/9/15 16:22:40.597 [TX] - 56 69 56 4F 74 65 63 68 32 00 02 40 00 43 0A 9F 02 06 00 00 00 00 00 01 9A 03 07 11 21 9F 21 03 10 15 20 9C 01 00 FF EE 06 19 9F 22 02 01 00 9F 26 04 00 00 00 00 9F 2B 05 01 00 00 00 00 DF EE 01 01 01 FF EE 08 0A DF EF 1A 01 08 DF ED 28 01 00 2C 14 
2026/9/15 16:22:40.630 [RX] - 56 69 56 4F 74 65 63 68 32 00 02 63 00 00 4B B4 00 00 00 00 00 00 00 00 00 00 00 00 00 00 00 00 00 00 00 00 00 00 00 00 00 00 00 00 00 00 00 00 00 00 00 00 00 00 00 00 00 00 00 00 00 00 00 56 69 56 4F 74 65 63 68 32 00 61 01 00 10 03 00 00 02 00 45 4E 03 00 82 57 1C 02 00 00 60 FB 9A 00 00 00 00 00 00 00 00 00 00 00 00 00 00 00 00 00 00 00 00 00 00 00 00 00 00 00 00 00 00 00 56 69 56 4F 74 65 63 68 32 00 61 01 00 19 04 00 00 02 00 45 4E 0C 00 84 01 1C 04 24 1C 04 30 2E 30 31 1C 02 00 F4 21 62 DF 00 00 00 00 00 00 00 00 00 00 00 00 00 00 00 00 00 00 00 00 00 00 56 69 56 4F 74 65 63 68 32 00 61 01 00 10 03 00 00 02 00 45 4E 03 00 82 1A 1C 02 00 F4 21 58 29 00 00 00 00 00 00 00 00 00 00 00 00 00 00 00 00 00 00 00 00 00 00 00 00 00 00 00 00 00 00 00 56 69 56 4F 74 65 63 68 32 00 61 01 00 10 03 00 00 02 00 45 4E 03 00 82 68 1C 02 00 F4 21 96 F5 00 00 00 00 00 00 00 00 00 00 00 00 00 00 00 00 00 00 00 00 00 00 00 00 00 00 00 00 00 00 00 56 69 56 4F 74 65 63 68 32 00 61 01 00 10 03 00 00 02 00 45 4E 03 00 82 15 1C 02 00 F4 21 9D 2A 00 00 00 00 00 00 00 00 00 00 00 00 00 00 00 00 00 00 00 00 00 00 00 00 00 00 00 00 00 00 00 56 69 56 4F 74 65 63 68 32 00 02 23 02 29 E1 DF EE 26 02 E1 00 DF EE 12 0A FF FF 98 76 54 32 11 00 00 5E DF EF 4C 06 00 00 00 00 00 00 DF EF 4D 00 DF 81 29 08 30 F0 F0 F0 B0 F0 FF 00 DF 81 16 16 1B FF 00 00 13 00 00 00 00 00 00 00 00 20 00 00 00 01 00 00 08 40 FF 81 05 82 01 86 4F 07 A0 00 00 00 03 10 10 50 0C 56 49 53 41 20 54 45 53 54 20 30 31 57 A1 13 47 61 CC CC CC CC 00 10 D2 01 2C CC CC CC CC CC CC CC CC 57 C1 18 DF 78 47 C1 7A 62 75 64 E4 13 B6 81 D8 0E CD 2B 87 6A 8A CE EB 7B EA BA 5A A1 08 47 61 CC CC CC CC 00 10 5A C1 10 5C 68 C5 A6 F2 83 B6 31 6C 4D 6D B3 C7 F4 09 6E 82 02 20 20 84 07 A0 00 00 00 03 10 10 8F 01 51 95 05 00 00 00 00 00 96 01 03 9A 03 07 11 21 9C 01 00 5F 24 03 20 12 31 5F 2A 02 08 40 5F 2D 04 65 73 65 6E 5F 34 01 01 5F 36 01 02 9F 02 06 00 00 00 00 00 01 9F 03 06 00 00 00 00 00 00 9F 06 07 A0 00 00 00 03 10 10 9F 09 02 00 02 9F 10 07 06 01 11 03 90 00 00 9F 11 01 01 9F 12 0C 50 72 65 66 20 4E 61 6D 65 20 30 31 9F 15 02 00 00 9F 1A 02 08 40 9F 1B 04 00 00 1F 40 9F 1E 08 35 54 31 37 30 36 30 35 9F 21 03 10 15 20 9F 26 08 AA BB CC DD EE FF 11 22 9F 27 01 40 9F 33 03 E0 08 40 9F 34 03 3F 00 00 9F 35 01 15 9F 36 02 00 03 9F 37 04 AA 70 9D EB 9F 39 01 07 9F 40 05 80 00 00 00 00 9F 41 04 00 00 00 26 9F 4E 1E 00 00 00 00 00 00 00 00 00 00 00 00 00 00 00 00 00 00 00 00 00 00 00 00 00 00 00 00 00 00 9F 66 04 30 00 C0 00 9F 69 07 01 11 22 33 44 20 00 9F 6C 02 20 00 DF 81 26 06 00 00 00 00 60 00 DF EE 4C 01 06 FF 81 06 09 9F 5D 06 00 00 00 01 00 00 FF EE 01 0A DF EE 30 01 00 DF EE 5B 01 05 DF EC 1C 1E 08 03 00 04 FF 00 1B 00 00 00 13 01 00 00 00 01 00 00 08 40 00 00 00 00 00 00 00 00 FF 00 FF EE 06 13 9A 03 07 11 21 9F 21 03 10 15 20 DF EE 02 04 20 6A 82 02 3C 55 00 00 00 00 00 00 00 00 00 00 00 00 00 00 00 00 00 00 00 00 00 00 00 00 00 00 00 00 00 00 00 00 00 00 00 00 00 00 00 00 00 00 00 00 00 00 00 00 00 00 00 00 00 00 00 00 00 00 00 00 00  

 --- 02-40 Apple VAS or Pay + ST Secure Get VAS or Pay (NEO2) >>>>> MasterCard MChip card

2026/9/15 16:22:43.734 [TX] - 56 69 56 4F 74 65 63 68 32 00 02 40 00 43 0A 9F 02 06 00 00 00 00 00 01 9A 03 07 11 21 9F 21 03 10 15 20 9C 01 00 FF EE 06 19 9F 22 02 01 00 9F 26 04 00 00 00 00 9F 2B 05 01 00 00 00 00 DF EE 01 01 01 FF EE 08 0A DF EF 1A 01 08 DF ED 28 01 00 2C 14 
2026/9/15 16:22:43.768 [RX] - 56 69 56 4F 74 65 63 68 32 00 02 63 00 00 4B B4 00 00 00 00 00 00 00 00 00 00 00 00 00 00 00 00 00 00 00 00 00 00 00 00 00 00 00 00 00 00 00 00 00 00 00 00 00 00 00 00 00 00 00 00 00 00 00 56 69 56 4F 74 65 63 68 32 00 61 01 00 10 03 00 00 02 00 45 4E 03 00 82 57 1C 02 00 00 60 FB 9A 00 00 00 00 00 00 00 00 00 00 00 00 00 00 00 00 00 00 00 00 00 00 00 00 00 00 00 00 00 00 00 56 69 56 4F 74 65 63 68 32 00 61 01 00 19 04 00 00 02 00 45 4E 0C 00 84 01 1C 04 24 1C 04 30 2E 30 31 1C 02 00 F4 21 62 DF 00 00 00 00 00 00 00 00 00 00 00 00 00 00 00 00 00 00 00 00 00 00 56 69 56 4F 74 65 63 68 32 00 61 01 00 10 03 00 00 02 00 45 4E 03 00 82 1A 1C 02 00 F4 21 58 29 00 00 00 00 00 00 00 00 00 00 00 00 00 00 00 00 00 00 00 00 00 00 00 00 00 00 00 00 00 00 00 56 69 56 4F 74 65 63 68 32 00 61 01 00 10 03 00 00 02 00 45 4E 03 00 82 68 1C 02 00 F4 21 96 F5 00 00 00 00 00 00 00 00 00 00 00 00 00 00 00 00 00 00 00 00 00 00 00 00 00 00 00 00 00 00 00 56 69 56 4F 74 65 63 68 32 00 61 01 00 10 03 00 00 02 00 45 4E 03 00 82 15 1C 02 00 F4 21 9D 2A 00 00 00 00 00 00 00 00 00 00 00 00 00 00 00 00 00 00 00 00 00 00 00 00 00 00 00 00 00 00 00 56 69 56 4F 74 65 63 68 32 00 02 23 02 4A E1 DF EE 26 02 E1 00 DF EE 12 0A FF FF 98 76 54 32 11 00 00 5F DF EF 4C 06 00 00 00 00 00 00 DF EF 4D 00 DF 81 16 16 1E 04 00 00 00 00 00 00 00 00 00 00 00 00 00 00 00 00 00 00 00 00 DF 81 29 08 30 F0 F0 00 B0 F0 FF 00 FF 81 06 1E DF 81 15 06 00 00 00 00 00 FF 9F 42 02 09 78 DF 81 0B 01 00 DF 81 0E 01 00 DF 81 0F 01 00 FF 81 05 82 01 78 4F 07 A0 00 00 00 04 10 10 50 0F 50 50 43 20 4D 43 44 20 30 31 20 20 76 32 30 57 A1 11 54 13 CC CC CC CC 00 10 D1 41 2C CC CC CC CC CC CC 57 C1 18 1E 22 CF 73 E8 11 38 6B 39 37 2C BB 78 03 F3 F5 D3 D8 90 EB FC 56 7D 30 5A A1 08 54 13 CC CC CC CC 00 10 5A C1 10 F5 E1 01 62 39 E8 91 9F 17 37 AB B4 54 ED FA 87 5F 24 03 14 12 31 5F 25 03 04 01 01 5F 28 02 00 56 5F 34 01 01 82 02 59 80 84 07 A0 00 00 00 04 10 10 8E 0E 00 00 00 00 00 00 00 00 42 03 5E 03 1F 03 95 05 24 00 00 00 01 9A 03 07 11 21 9B 02 00 00 9C 01 00 9F 01 00 9F 02 06 00 00 00 00 00 01 9F 06 07 A0 00 00 00 04 10 10 9F 07 02 FF 00 9F 09 02 00 02 9F 0D 05 00 00 00 00 00 9F 0E 05 00 00 00 00 00 9F 0F 05 00 00 00 00 00 9F 10 12 01 10 A0 00 09 22 80 00 00 00 00 00 00 00 00 00 00 FF 9F 15 02 11 11 9F 16 00 9F 1A 02 08 40 9F 1C 00 9F 1D 08 6C FF 00 00 00 00 00 00 9F 1E 08 35 54 31 37 30 36 30 35 9F 21 03 10 15 20 9F 26 08 0B A5 8F 01 30 9B 36 8B 9F 27 01 80 9F 2A 01 02 9F 33 03 00 08 08 9F 34 03 1F 03 02 9F 35 01 22 9F 36 02 5F 6B 9F 37 04 16 18 53 13 9F 39 01 07 9F 40 05 00 00 00 00 00 9F 41 04 00 00 00 27 9F 4E 00 9F 6D 02 00 01 DF EE 76 05 24 00 00 00 01 DF 81 16 16 1B 00 00 00 00 00 00 00 00 00 00 00 00 00 00 00 00 00 00 00 00 00 FF EE 01 05 DF EE 30 01 00 DF EE 4C 01 03 DF EC 1C 1E 08 03 00 03 FF 00 1B 00 00 00 00 FF 00 00 00 00 00 00 00 00 00 00 00 00 00 00 00 00 FF 00 FF EE 06 13 9A 03 07 11 21 9F 21 03 10 15 20 DF EE 02 04 20 6A 82 02 FE 69 00 00 00 00 00 00 00 00 00 00 00 00 00 00 00 00 00 00 00 00 00 00 00 00 00 00 00 00  

 ---------- END OF TEST ----------

 Result = PASSED


Docklight Log File (HEX) - Stopped 2026/9/15 16:22:46.522 

