Docklight Log File (HEX) - Started 2026/8/12 09:43:46.954 
 TEST CASE: LO001-6

 


 //////////////    Set config test # 1  //////////////
 

 --- Change DFEE1D

2026/8/12 09:43:48.986 [TX] - 56 69 56 4F 74 65 63 68 32 00 C7 D7 00 09 DF EE 1D 05 03 03 7E 0B 32 BC 12 
2026/8/12 09:43:49.030 [RX] - 01 56 69 56 4F 74 65 63 68 32 00 C7 00 00 00 86 6E 00 00 00 00 00 00 00 00 00 00 00 00 00 00 00 00 00 00 00 00 00 00 00 00 00 00 00 00 00 00 00 00 00 00 00 00 00 00 00 00 00 00 00 00 00 00 00  

 --- 04-09

2026/8/12 09:43:49.554 [TX] - 56 69 56 4F 74 65 63 68 32 00 04 09 00 00 87 30 
2026/8/12 09:43:50.161 [RX] - 01 56 69 56 4F 74 65 63 68 32 00 04 00 00 00 AE 16 00 00 00 00 00 00 00 00 00 00 00 00 00 00 00 00 00 00 00 00 00 00 00 00 00 00 00 00 00 00 00 00 00 00 00 00 00 00 00 00 00 00 00 00 00 00 00  

 --- C7-D7 to check config

2026/8/12 09:43:50.687 [TX] - 56 69 56 4F 74 65 63 68 32 00 C7 D7 00 00 66 6A 
2026/8/12 09:43:50.704 [RX] - 01 56 69 56 4F 74 65 63 68 32 00 C7 00 00 05 DF EC 60 01 00 66 45 00 00 00 00 00 00 00 00 00 00 00 00 00 00 00 00 00 00 00 00 00 00 00 00 00 00 00 00 00 00 00 00 00 00 00 00 00 00 00 00 00 00  


 //////////////    Set config test # 2  //////////////
 

 --- Change DFEE1D

2026/8/12 09:43:52.319 [TX] - 56 69 56 4F 74 65 63 68 32 00 C7 D7 00 09 DF EE 1D 05 03 03 7E 0B 32 BC 12 
2026/8/12 09:43:52.339 [RX] - 01 56 69 56 4F 74 65 63 68 32 00 C7 00 00 00 86 6E 00 00 00 00 00 00 00 00 00 00 00 00 00 00 00 00 00 00 00 00 00 00 00 00 00 00 00 00 00 00 00 00 00 00 00 00 00 00 00 00 00 00 00 00 00 00 00  

 --- 04-09

2026/8/12 09:43:52.861 [TX] - 56 69 56 4F 74 65 63 68 32 00 04 09 00 00 87 30 
2026/8/12 09:43:53.465 [RX] - 01 56 69 56 4F 74 65 63 68 32 00 04 00 00 00 AE 16 00 00 00 00 00 00 00 00 00 00 00 00 00 00 00 00 00 00 00 00 00 00 00 00 00 00 00 00 00 00 00 00 00 00 00 00 00 00 00 00 00 00 00 00 00 00 00  

 --- C7-D7 to check config

2026/8/12 09:43:53.999 [TX] - 56 69 56 4F 74 65 63 68 32 00 C7 D7 00 00 66 6A 
2026/8/12 09:43:54.035 [RX] - 01 56 69 56 4F 74 65 63 68 32 00 C7 00 00 05 DF EC 60 01 00 66 45 00 00 00 00 00 00 00 00 00 00 00 00 00 00 00 00 00 00 00 00 00 00 00 00 00 00 00 00 00 00 00 00 00 00 00 00 00 00 00 00 00 00 

Docklight Log File (HEX) - Stopped 2026/8/12 09:43:54.887 

