Docklight Log File (HEX) - Started 2026/9/15 16:08:13.377 
 TEST CASE: ST107-3

 --- Set POS COM PORT Settings
 Set POS COM PORT...
 POS operating on COM90 @ 115200 baud...
 Set POS COM PORT - COMPLETE

 --- 04-09

2026/9/15 16:08:14.670 [TX] - 56 69 56 4F 74 65 63 68 32 00 04 09 00 00 87 30 
2026/9/15 16:08:15.704 [RX] - 56 69 56 4F 74 65 63 68 32 00 04 00 00 00 AE 16 00 00 00 00 00 00 00 00 00 00 00 00 00 00 00 00 00 00 00 00 00 00 00 00 00 00 00 00 00 00 00 00 00 00 00 00 00 00 00 00 00 00 00 00 00 00 00  

 --- 04-03 set group 8E config (case 0.1)

2026/9/15 16:08:16.724 [TX] - 56 69 56 4F 74 65 63 68 32 00 04 03 00 3F DF EE 2D 01 8E DF EE 3B 04 00 BC 61 4E DF EE 3C 00 DF EE 3D 00 DF EF 25 00 DF ED 01 00 DF ED 02 05 00 00 00 00 01 DF ED 03 01 00 DF ED 04 01 01 DF ED 05 01 01 DF ED 06 01 00 DF ED 07 01 00 5A F0 
2026/9/15 16:08:16.819 [RX] - 56 69 56 4F 74 65 63 68 32 00 04 00 00 00 AE 16 00 00 00 00 00 00 00 00 00 00 00 00 00 00 00 00 00 00 00 00 00 00 00 00 00 00 00 00 00 00 00 00 00 00 00 00 00 00 00 00 00 00 00 00 00 00 00  

 --- 04-04 delete SmartTap AID

2026/9/15 16:08:17.351 [TX] - 56 69 56 4F 74 65 63 68 32 00 04 04 00 0C 9F 06 09 A0 00 00 04 76 D0 00 01 11 3D E8 
2026/9/15 16:08:17.480 [RX] - 56 69 56 4F 74 65 63 68 32 00 04 00 00 00 AE 16 00 00 00 00 00 00 00 00 00 00 00 00 00 00 00 00 00 00 00 00 00 00 00 00 00 00 00 00 00 00 00 00 00 00 00 00 00 00 00 00 00 00 00 00 00 00 00  

 --- 03-05-----Get all AIDs

2026/9/15 16:08:18.008 [TX] - 56 69 56 4F 74 65 63 68 32 00 03 05 00 00 CB 14 
2026/9/15 16:08:18.025 [RX] - 56 69 56 4F 74 65 63 68 32 00 03 F9 00 00 82 F8 00 00 00 00 00 00 00 00 00 00 00 00 00 00 00 00 00 00 00 00 00 00 00 00 00 00 00 00 00 00 00 00 00 00 00 00 00 00 00 00 00 00 00 00 00 00 00 

Docklight Log File (HEX) - Stopped 2026/9/15 16:08:20.595 

