Docklight Log File (HEX) - Started 2026/9/14 15:17:33.237 
 TEST CASE: PCD006

 --- Set POS COM PORT Settings
 Set POS COM PORT...
 POS operating on COM90 @ 115200 baud...
 Set POS COM PORT - COMPLETE


2026/9/14 15:17:37.914 [TX] - 56 69 56 4F 74 65 63 68 32 00 2C 01 00 01 00 38 0D 
2026/9/14 15:17:37.924 [RX] - 56 69 56 4F 74 65 63 68 32 00 2C 0C 00 00 69 FA 00 00 00 00 00 00 00 00 00 00 00 00 00 00 00 00 00 00 00 00 00 00 00 00 00 00 00 00 00 00 00 00 00 00 00 00 00 00 00 00 00 00 00 00 00 00 00  --- Start PT Mode

2026/9/14 15:17:42.327 [TX] - 56 69 56 4F 74 65 63 68 32 00 2C 01 00 01 01 19 1D 
2026/9/14 15:17:42.340 [RX] - 56 69 56 4F 74 65 63 68 32 00 2C 00 00 00 1C 9B 00 00 00 00 00 00 00 00 00 00 00 00 00 00 00 00 00 00 00 00 00 00 00 00 00 00 00 00 00 00 00 00 00 00 00 00 00 00 00 00 00 00 00 00 00 00 00  ---Turn On Antenna

2026/9/14 15:17:42.766 [TX] - 56 69 56 4F 74 65 63 68 32 00 28 01 00 01 01 1F 94 
2026/9/14 15:17:42.776 [RX] - 56 69 56 4F 74 65 63 68 32 00 28 00 00 00 D6 6A 00 00 00 00 00 00 00 00 00 00 00 00 00 00 00 00 00 00 00 00 00 00 00 00 00 00 00 00 00 00 00 00 00 00 00 00 00 00 00 00 00 00 00 00 00 00 00  ---Poll For Token

2026/9/14 15:17:43.192 [TX] - 56 69 56 4F 74 65 63 68 32 00 2C 02 00 02 00 C8 6B 06 
2026/9/14 15:17:43.251 [RX] - 56 69 56 4F 74 65 63 68 32 00 2C 00 00 05 03 7E BD BA E5 FA EE 00 00 00 00 00 00 00 00 00 00 00 00 00 00 00 00 00 00 00 00 00 00 00 00 00 00 00 00 00 00 00 00 00 00 00 00 00 00 00 00 00 00  --- PCD Load Key 0F0F0F0F

2026/9/14 15:17:43.678 [TX] - 56 69 56 4F 74 65 63 68 32 00 2C 04 00 13 19 00 00 29 68 01 0F 0F 0F 0F 0F 0F 0F 0F 0F 0F 0F 0F 0F 0E 89 
2026/9/14 15:17:43.687 [RX] - 56 69 56 4F 74 65 63 68 32 00 2C 00 00 05 00 00 00 00 00 14 F0 00 00 00 00 00 00 00 00 00 00 00 00 00 00 00 00 00 00 00 00 00 00 00 00 00 00 00 00 00 00 00 00 00 00 00 00 00 00 00 00 00 00  --- PCD Auth Sector 0 - add card snr

2026/9/14 15:17:44.114 [TX] - 56 69 56 4F 74 65 63 68 32 00 2C 04 00 0D 0C 00 00 29 68 01 0F 60 03 7E BD BA E5 EA C9 
2026/9/14 15:17:44.123 [RX] - 56 69 56 4F 74 65 63 68 32 00 2C 00 00 05 00 00 00 00 00 14 F0 00 00 00 00 00 00 00 00 00 00 00 00 00 00 00 00 00 00 00 00 00 00 00 00 00 00 00 00 00 00 00 00 00 00 00 00 00 00 00 00 00 00  --- PCD Read Block 4

2026/9/14 15:17:44.540 [TX] - 56 69 56 4F 74 65 63 68 32 00 2C 04 00 09 1E 00 00 29 68 01 0F 30 04 A8 81 
2026/9/14 15:17:44.548 [RX] - 56 69 56 4F 74 65 63 68 32 00 2C 00 00 06 00 00 00 00 08 04 B3 1A 00 00 00 00 00 00 00 00 00 00 00 00 00 00 00 00 00 00 00 00 00 00 00 00 00 00 00 00 00 00 00 00 00 00 00 00 00 00 00 00 00  --- PCD Read Block 5

2026/9/14 15:17:44.975 [TX] - 56 69 56 4F 74 65 63 68 32 00 2C 04 00 09 1E 00 00 29 68 01 0F 30 05 89 91 
2026/9/14 15:17:45.196 [RX] - 56 69 56 4F 74 65 63 68 32 00 2C 08 00 05 E5 00 00 00 00 12 71 00 00 00 00 00 00 00 00 00 00 00 00 00 00 00 00 00 00 00 00 00 00 00 00 00 00 00 00 00 00 00 00 00 00 00 00 00 00 00 00 00 00  --- PCD Read Block 6

2026/9/14 15:17:46.396 [TX] - 56 69 56 4F 74 65 63 68 32 00 2C 04 00 09 1E 00 00 29 68 01 0F 30 06 EA A1 
2026/9/14 15:17:46.618 [RX] - 56 69 56 4F 74 65 63 68 32 00 2C 08 00 05 E5 00 00 00 00 12 71 00 00 00 00 00 00 00 00 00 00 00 00 00 00 00 00 00 00 00 00 00 00 00 00 00 00 00 00 00 00 00 00 00 00 00 00 00 00 00 00 00 00  --- PCD Read Block 7

2026/9/14 15:17:47.826 [TX] - 56 69 56 4F 74 65 63 68 32 00 2C 04 00 09 1E 00 00 29 68 01 0F 30 07 CB B1 
2026/9/14 15:17:48.047 [RX] - 56 69 56 4F 74 65 63 68 32 00 2C 08 00 05 E5 00 00 00 00 12 71 00 00 00 00 00 00 00 00 00 00 00 00 00 00 00 00 00 00 00 00 00 00 00 00 00 00 00 00 00 00 00 00 00 00 00 00 00 00 00 00 00 00 
2026/9/14 15:17:48.841 [TX] - 56 69 56 4F 74 65 63 68 32 00 2C 01 00 01 00 38 0D 
2026/9/14 15:17:48.855 [RX] - 56 69 56 4F 74 65 63 68 32 00 2C 00 00 00 1C 9B 00 00 00 00 00 00 00 00 00 00 00 00 00 00 00 00 00 00 00 00 00 00 00 00 00 00 00 00 00 00 00 00 00 00 00 00 00 00 00 00 00 00 00 00 00 00 00  

 Result = PASSED
 ---------- END OF TEST ----------

 

 MASTER RESULT = PASSED


Docklight Log File (HEX) - Stopped 2026/9/14 15:17:49.965 

