Docklight Log File (HEX) - Started 2026/9/10 10:00:50.057 
 TEST CASE: BTS005

 --- Set POS COM PORT Settings
 Set POS COM PORT...
 POS operating on COM90 @ 115200 baud...
 Set POS COM PORT - COMPLETE

 --- Data Encrypt disable

2026/9/10 10:00:51.238 [TX] - 56 69 56 4F 74 65 63 68 32 00 C7 36 00 01 00 0F A7 
2026/9/10 10:00:51.254 [RX] - 56 69 56 4F 74 65 63 68 32 00 C7 00 00 00 86 6E 00 00 00 00 00 00 00 00 00 00 00 00 00 00 00 00 00 00 00 00 00 00 00 00 00 00 00 00 00 00 00 00 00 00 00 00 00 00 00 00 00 00 00 00 00 00 00  

 --- (04-00) DFED3F disable VAS Encryption

2026/9/10 10:00:51.777 [TX] - 56 69 56 4F 74 65 63 68 32 00 04 00 00 05 DF ED 3F 01 00 21 AF 
2026/9/10 10:00:51.789 [RX] - 56 69 56 4F 74 65 63 68 32 00 04 00 00 00 AE 16 00 00 00 00 00 00 00 00 00 00 00 00 00 00 00 00 00 00 00 00 00 00 00 00 00 00 00 00 00 00 00 00 00 00 00 00 00 00 00 00 00 00 00 00 00 00 00  

 --- (04-00) DFEF4B Enable Transact Output

2026/9/10 10:00:52.325 [TX] - 56 69 56 4F 74 65 63 68 32 00 04 00 00 07 DF EF 4B 03 12 00 02 4C 49 
2026/9/10 10:00:52.337 [RX] - 56 69 56 4F 74 65 63 68 32 00 04 00 00 00 AE 16 00 00 00 00 00 00 00 00 00 00 00 00 00 00 00 00 00 00 00 00 00 00 00 00 00 00 00 00 00 00 00 00 00 00 00 00 00 00 00 00 00 00 00 00 00 00 00  

 --- Poll on demand

2026/9/10 10:00:52.874 [TX] - 56 69 56 4F 74 65 63 68 32 00 01 01 00 01 01 D7 34 
2026/9/10 10:00:52.884 [RX] - 56 69 56 4F 74 65 63 68 32 00 01 00 00 00 12 53 00 00 00 00 00 00 00 00 00 00 00 00 00 00 00 00 00 00 00 00 00 00 00 00 00 00 00 00 00 00 00 00 00 00 00 00 00 00 00 00 00 00 00 00 00 00 00  

 --- Burst mode off

2026/9/10 10:00:53.419 [TX] - 56 69 56 4F 74 65 63 68 32 00 04 00 00 05 DF EE 7E 01 00 60 1E 
2026/9/10 10:00:53.429 [RX] - 56 69 56 4F 74 65 63 68 32 00 04 00 00 00 AE 16 00 00 00 00 00 00 00 00 00 00 00 00 00 00 00 00 00 00 00 00 00 00 00 00 00 00 00 00 00 00 00 00 00 00 00 00 00 00 00 00 00 00 00 00 00 00 00  

 --- (C7-6D) Del Campus Card Key Block

2026/9/10 10:00:53.965 [TX] - 56 69 56 4F 74 65 63 68 32 00 C7 6D 00 02 FF FF 9F 77 
2026/9/10 10:00:54.012 [RX] - 56 69 56 4F 74 65 63 68 32 00 C7 0A 00 00 41 AF 00 00 00 00 00 00 00 00 00 00 00 00 00 00 00 00 00 00 00 00 00 00 00 00 00 00 00 00 00 00 00 00 00 00 00 00 00 00 00 00 00 00 00 00 00 00 00  

 --- (C7-69) Del BlackBoard Private Key

2026/9/10 10:00:54.578 [TX] - 56 69 56 4F 74 65 63 68 32 00 C7 69 00 01 01 FB 16 
2026/9/10 10:00:54.660 [RX] - 56 69 56 4F 74 65 63 68 32 00 C7 00 00 00 86 6E 00 00 00 00 00 00 00 00 00 00 00 00 00 00 00 00 00 00 00 00 00 00 00 00 00 00 00 00 00 00 00 00 00 00 00 00 00 00 00 00 00 00 00 00 00 00 00  

 --- (C7-69) Del BlackBoard LTPK

2026/9/10 10:00:55.202 [TX] - 56 69 56 4F 74 65 63 68 32 00 C7 69 00 01 00 DA 06 
2026/9/10 10:00:55.411 [RX] - 56 69 56 4F 74 65 63 68 32 00 C7 00 00 00 86 6E 00 00 00 00 00 00 00 00 00 00 00 00 00 00 00 00 00 00 00 00 00 00 00 00 00 00 00 00 00 00 00 00 00 00 00 00 00 00 00 00 00 00 00 00 00 00 00  
========== Tap Blackboard Mifare Classic card (226200599)
 

 --- (02-40) Apple VAS

2026/9/10 10:00:57.061 [TX] - 56 69 56 4F 74 65 63 68 32 00 02 40 00 29 30 9F 02 06 00 00 00 00 00 01 FF EE 06 1B 9F 22 02 02 00 9F 26 04 00 00 00 02 DF ED 57 06 C3 02 00 02 00 01 DF EE 01 01 03 5E DD 
2026/9/10 10:00:58.119 [RX] - 56 69 56 4F 74 65 63 68 32 00 02 0A 00 28 23 DF EE 02 04 27 00 00 00 9F 1E 08 38 54 38 30 33 36 38 37 DF EF 4C 06 00 00 00 00 00 00 DF EF 4D 00 DF EE 26 02 23 01 58 86 00 00 00 00 00 00 00 

Docklight Log File (HEX) - Stopped 2026/9/10 10:00:59.792 

