Docklight Log File (HEX) - Started 2026/8/20 15:06:48.948 
 TEST CASE: VL012-1

 --- Set POS COM PORT Settings
 Set POS COM PORT...
 POS operating on COM90 @ 9600 baud...
 Set POS COM PORT - COMPLETE

 --- Enable Blue LEDs

2026/8/20 15:06:50.120 [TX] - 56 69 56 4F 74 65 63 68 32 00 F0 F7 00 00 68 9D 
2026/8/20 15:06:50.132 [RX] - 56 69 56 4F 74 65 63 68 32 00 F0 00 00 00 FB AA 00 00 00 00 00 00 00 00 00 00 00 00 00 00 00 00 00 00 00 00 00 00 00 00 00 00 00 00 00 00 00 00 00 00 00 00 00 00 00 00 00 00 00 00 00 00 00  

 --- 02-40

2026/8/20 15:06:51.234 [TX] - 56 69 56 4F 74 65 63 68 32 00 02 40 00 15 0A 9F 02 06 00 00 00 00 10 00 9A 03 07 11 21 9F 21 03 10 15 20 34 5E 
2026/8/20 15:06:52.745 [RX] - 56 69 56 4F 74 65 63 68 32 00 02 00 00 AB 08 DF EE 25 02 00 11 DF EE 23 81 8E 02 88 00 83 1F 4F 28 00 83 00 25 54 52 41 43 4B 31 37 36 37 36 37 36 30 37 30 37 30 37 37 36 37 36 37 36 30 37 30 37 30 37 37 36 37 36 37 36 30 37 30 37 30 37 37 36 37 36 37 36 30 37 30 37 30 37 37 36 37 36 37 36 30 37 30 37 30 37 37 36 37 36 37 36 30 37 30 37 3F 43 3B 32 31 32 31 32 31 32 31 32 31 37 36 37 36 37 36 30 37 30 37 30 37 37 36 37 36 37 36 37 36 32 31 32 31 32 31 32 3F 30 36 30 36 54 31 32 33 34 35 36 3B B3 03 9F 39 01 90 FF EE 01 04 DF 30 01 0C DF EE 26 01 08 93 D8 00 00  

 --- Disable Blue LEDs-data 01 = Turn off all LED only

2026/8/20 15:06:53.278 [TX] - 56 69 56 4F 74 65 63 68 32 00 F0 F6 00 01 01 6F B0 
2026/8/20 15:06:53.348 [RX] - 56 69 56 4F 74 65 63 68 32 00 F0 00 00 00 FB AA 00 00 00 00 00 00 00 00 00 00 00 00 00 00 00 00 00 00 00 00 00 00 00 00 00 00 00 00 00 00 00 00 00 00 00 00 00 00 00 00 00 00 00 00 00 00 00  

 --- 02-40

2026/8/20 15:06:54.388 [TX] - 56 69 56 4F 74 65 63 68 32 00 02 40 00 15 0A 9F 02 06 00 00 00 00 10 00 9A 03 07 11 21 9F 21 03 10 15 20 34 5E 
2026/8/20 15:06:56.128 [RX] - 56 69 56 4F 74 65 63 68 32 00 02 00 00 AB 08 DF EE 25 02 00 11 DF EE 23 81 8E 02 88 00 83 1F 4F 28 00 83 00 25 54 52 41 43 4B 31 37 36 37 36 37 36 30 37 30 37 30 37 37 36 37 36 37 36 30 37 30 37 30 37 37 36 37 36 37 36 30 37 30 37 30 37 37 36 37 36 37 36 30 37 30 37 30 37 37 36 37 36 37 36 30 37 30 37 30 37 37 36 37 36 37 36 30 37 30 37 3F 43 3B 32 31 32 31 32 31 32 31 32 31 37 36 37 36 37 36 30 37 30 37 30 37 37 36 37 36 37 36 37 36 32 31 32 31 32 31 32 3F 30 36 30 36 54 31 32 33 34 35 36 3B B3 03 9F 39 01 90 FF EE 01 04 DF 30 01 0C DF EE 26 01 08 93 D8 00 00  

 --- Disable Blue LEDs-no data = Turn off all LED and disable transaction

2026/8/20 15:06:56.652 [TX] - 56 69 56 4F 74 65 63 68 32 00 F0 F6 00 00 58 AA 
2026/8/20 15:06:56.659 [RX] - 56 69 56 4F 74 65 63 68 32 00 F0 00 00 00 FB AA 00 00 00 00 00 00 00 00 00 00 00 00 00 00 00 00 00 00 00 00 00 00 00 00 00 00 00 00 00 00 00 00 00 00 00 00 00 00 00 00 00 00 00 00 00 00 00  

 --- 02-40

2026/8/20 15:06:57.591 [TX] - 56 69 56 4F 74 65 63 68 32 00 02 40 00 15 0A 9F 02 06 00 00 00 00 10 00 9A 03 07 11 21 9F 21 03 10 15 20 34 5E 
2026/8/20 15:06:58.561 [RX] - 02 01 6B 4C 00 00 00 00 00 00 00 00 00 00 00 00 00 00 00 00 00 00 00 00 00 00 00 00 00 00 00 00 00 00 00 00 00 00 00 00 00 00 00 00 00 00 00 00 00 00 00 00 00 00 00 00 00 00 00 00 00 00 00  

 --- Disable Blue LEDs-data 01 = Turn off all LED only

2026/8/20 15:06:59.079 [TX] - 56 69 56 4F 74 65 63 68 32 00 F0 F6 00 01 01 6F B0 
2026/8/20 15:06:59.083 [RX] - 56 69 56 4F 74 65 63 68 32 00 F0 00 00 00 FB AA 00 00 00 00 00 00 00 00 00 00 00 00 00 00 00 00 00 00 00 00 00 00 00 00 00 00 00 00 00 00 00 00 00 00 00 00 00 00 00 00 00 00 00 00 00 00 00  

 --- 02-40

2026/8/20 15:07:00.214 [TX] - 56 69 56 4F 74 65 63 68 32 00 02 40 00 15 0A 9F 02 06 00 00 00 00 10 00 9A 03 07 11 21 9F 21 03 10 15 20 34 5E 
2026/8/20 15:07:01.210 [RX] - 02 01 6B 4C 00 00 00 00 00 00 00 00 00 00 00 00 00 00 00 00 00 00 00 00 00 00 00 00 00 00 00 00 00 00 00 00 00 00 00 00 00 00 00 00 00 00 00 00 00 00 00 00 00 00 00 00 00 00 00 00 00 00 00  

 --- Enable Blue LEDs

2026/8/20 15:07:01.753 [TX] - 56 69 56 4F 74 65 63 68 32 00 F0 F7 00 00 68 9D 
2026/8/20 15:07:01.757 [RX] - 56 69 56 4F 74 65 63 68 32 00 F0 00 00 00 FB AA 00 00 00 00 00 00 00 00 00 00 00 00 00 00 00 00 00 00 00 00 00 00 00 00 00 00 00 00 00 00 00 00 00 00 00 00 00 00 00 00 00 00 00 00 00 00 00  

 --- Disable Blue LEDs-data 01 = Turn off all LED only

2026/8/20 15:07:02.284 [TX] - 56 69 56 4F 74 65 63 68 32 00 F0 F6 00 01 01 6F B0 
2026/8/20 15:07:02.528 [RX] - 56 69 56 4F 74 65 63 68 32 00 F0 00 00 00 FB AA 00 00 00 00 00 00 00 00 00 00 00 00 00 00 00 00 00 00 00 00 00 00 00 00 00 00 00 00 00 00 00 00 00 00 00 00 00 00 00 00 00 00 00 00 00 00 00  

 --- 02-40 timeout 5 sec

2026/8/20 15:07:03.053 [TX] - 56 69 56 4F 74 65 63 68 32 00 02 40 00 15 05 9F 02 06 00 00 00 00 10 00 9A 03 07 11 21 9F 21 03 10 15 20 F2 A8 
2026/8/20 15:07:08.892 [RX] - 56 69 56 4F 74 65 63 68 32 00 02 08 00 00 20 2E 00 00 00 00 00 00 00 00 00 00 00 00 00 00 00 00 00 00 00 00 00 00 00 00 00 00 00 00 00 00 00 00 00 00 00 00 00 00 00 00 00 00 00 00 00 00 00  

 --- Disable Blue LEDs-no data = Turn off all LED and disable transaction

2026/8/20 15:07:09.434 [TX] - 56 69 56 4F 74 65 63 68 32 00 F0 F6 00 00 58 AA 
2026/8/20 15:07:09.437 [RX] - 56 69 56 4F 74 65 63 68 32 00 F0 00 00 00 FB AA 00 00 00 00 00 00 00 00 00 00 00 00 00 00 00 00 00 00 00 00 00 00 00 00 00 00 00 00 00 00 00 00 00 00 00 00 00 00 00 00 00 00 00 00 00 00 00  

 --- 02-40 timeout 5 sec

2026/8/20 15:07:09.984 [TX] - 56 69 56 4F 74 65 63 68 32 00 02 40 00 15 05 9F 02 06 00 00 00 00 10 00 9A 03 07 11 21 9F 21 03 10 15 20 F2 A8  

 --- Enable Blue LEDs

2026/8/20 15:07:16.005 [TX] - 56 69 56 4F 74 65 63 68 32 00 F0 F7 00 00 68 9D 
2026/8/20 15:07:16.007 [RX] - 56 69 56 4F 74 65 63 68 32 00 F0 00 00 00 FB AA 00 00 00 00 00 00 00 00 00 00 00 00 00 00 00 00 00 00 00 00 00 00 00 00 00 00 00 00 00 00 00 00 00 00 00 00 00 00 00 00 00 00 00 00 00 00 00  

 --- 02-40

2026/8/20 15:07:17.319 [TX] - 56 69 56 4F 74 65 63 68 32 00 02 40 00 15 0A 9F 02 06 00 00 00 00 10 00 9A 03 07 11 21 9F 21 03 10 15 20 34 5E 
2026/8/20 15:07:18.624 [RX] - 56 69 56 4F 74 65 63 68 32 00 02 00 00 AB 08 DF EE 25 02 00 11 DF EE 23 81 8E 02 88 00 83 1F 4F 28 00 83 00 25 54 52 41 43 4B 31 37 36 37 36 37 36 30 37 30 37 30 37 37 36 37 36 37 36 30 37 30 37 30 37 37 36 37 36 37 36 30 37 30 37 30 37 37 36 37 36 37 36 30 37 30 37 30 37 37 36 37 36 37 36 30 37 30 37 30 37 37 36 37 36 37 36 30 37 30 37 3F 43 3B 32 31 32 31 32 31 32 31 32 31 37 36 37 36 37 36 30 37 30 37 30 37 37 36 37 36 37 36 37 36 32 31 32 31 32 31 32 3F 30 36 30 36 54 31 32 33 34 35 36 3B B3 03 9F 39 01 90 FF EE 01 04 DF 30 01 0C DF EE 26 01 08 93 D8 00 00  

 ---------- END OF TEST ----------

 

 Result = PASSED


Docklight Log File (HEX) - Stopped 2026/8/20 15:07:19.251 

