Docklight Log File (HEX) - Started 2026/9/14 13:45:28.679 
 TEST CASE: CR079

 --- Set POS COM PORT Settings
 Set POS COM PORT...
 POS operating on COM90 @ 115200 baud...
 Set POS COM PORT - COMPLETE

 --- First response control = Send First Response 0x63

2026/9/14 13:45:29.831 [TX] - 56 69 56 4F 74 65 63 68 32 00 04 00 00 05 DF ED 59 01 00 EA 86 
2026/9/14 13:45:29.891 [RX] - 56 69 56 4F 74 65 63 68 32 00 04 00 00 00 AE 16 00 00 00 00 00 00 00 00 00 00 00 00 00 00 00 00 00 00 00 00 00 00 00 00 00 00 00 00 00 00 00 00 00 00 00 00 00 00 00 00 00 00 00 00 00 00 00  

 --- 02-40

2026/9/14 13:45:30.725 [TX] - 56 69 56 4F 74 65 63 68 32 00 02 40 00 1E B4 9C 01 00 9F 02 06 00 00 00 00 00 11 DF ED 46 01 0F DF EF 37 01 07 DF EF 3C 03 01 00 60 07 16 
2026/9/14 13:45:30.761 [RX] - 56 69 56 4F 74 65 63 68 32 00 02 63 00 00 4B B4 00 00 00 00 00 00 00 00 00 00 00 00 00 00 00 00 00 00 00 00 00 00 00 00 00 00 00 00 00 00 00 00 00 00 00 00 00 00 00 00 00 00 00 00 00 00 00 56 69 56 4F 74 65 63 68 32 00 61 01 00 10 03 00 00 02 00 45 4E 03 00 82 57 1C 02 00 00 60 FB 9A 00 00 00 00 00 00 00 00 00 00 00 00 00 00 00 00 00 00 00 00 00 00 00 00 00 00 00 00 00 00 00 56 69 56 4F 74 65 63 68 32 00 61 01 00 19 04 00 00 02 00 45 4E 0C 00 84 01 1C 04 24 1C 04 30 2E 31 31 1C 02 00 F4 21 DA BE 00 00 00 00 00 00 00 00 00 00 00 00 00 00 00 00 00 00 00 00 00 00 56 69 56 4F 74 65 63 68 32 00 61 01 00 10 03 00 00 02 00 45 4E 03 00 82 1A 1C 02 00 F4 21 58 29 00 00 00 00 00 00 00 00 00 00 00 00 00 00 00 00 00 00 00 00 00 00 00 00 00 00 00 00 00 00 00 56 69 56 4F 74 65 63 68 32 00 61 01 00 10 03 00 00 02 00 45 4E 03 00 82 8A 1C 02 00 F4 21 96 8D 00 00 00 00 00 00 00 00 00 00 00 00 00 00 00 00 00 00 00 00 00 00 00 00 00 00 00 00 00 00 00 56 69 56 4F 74 65 63 68 32 00 61 01 00 10 03 00 00 02 00 45 4E 03 00 82 11 1C 02 00 F4 21 9B 8B 00 00 00 00 00 00 00 00 00 00 00 00 00 00 00 00 00 00 00 00 00 00 00 00 00 00 00 00 00 00 00 56 69 56 4F 74 65 63 68 32 00 61 01 00 10 03 00 00 02 00 45 4E 03 00 82 1A 1C 02 00 F4 21 58 29 00 00 00 00 00 00 00 00 00 00 00 00 00 00 00 00 00 00 00 00 00 00 00 00 00 00 00 00 00 00 00 56 69 56 4F 74 65 63 68 32 00 61 01 00 10 03 00 00 02 00 45 4E 03 00 82 03 1C 02 00 F4 21 0A 4F 00 00 00 00 00 00 00 00 00 00 00 00 00 00 00 00 00 00 00 00 00 00 00 00 00 00 00 00 00 00 00 56 69 56 4F 74 65 63 68 32 00 02 00 01 CC E0 DF EE 26 02 E0 00 DF EE 12 0A FF FF 98 76 54 32 11 00 01 2B DF EE 25 02 00 03 4F 07 A0 00 00 00 03 10 10 5A A1 08 47 61 CC CC CC CC 00 10 5A C1 10 B7 EB 3B 80 85 33 B1 A1 1B F8 C6 13 5E A6 DE F2 50 0A 56 49 53 41 43 52 45 44 49 54 57 A1 11 47 61 CC CC CC CC 00 10 D2 01 2C CC CC CC CC CC CC 57 C1 18 DB 42 3D AB 22 E3 74 7E 69 C1 E3 0E 4B 2D 64 29 1C 81 8F FD C8 34 4D FC 82 02 5C 00 84 07 A0 00 00 00 03 10 10 8A 02 5A 33 8E 0C 00 00 00 00 00 00 00 00 5F 03 00 00 95 05 42 C0 00 00 00 9A 03 22 12 15 9B 02 E0 00 9C 01 00 99 00 5F 20 0F 46 55 4C 4C 20 46 55 4E 43 54 49 4F 4E 41 4C 5F 24 03 20 12 31 5F 25 03 95 07 01 5F 28 02 08 40 5F 2A 02 08 40 5F 2D 08 65 73 65 6E 66 72 64 65 5F 34 01 01 9F 02 06 00 00 00 00 00 11 9F 03 06 00 00 00 00 00 00 9F 07 02 FF C0 9F 08 02 00 8C 9F 09 02 00 96 9F 0B 00 9F 0D 05 00 00 00 00 00 9F 0E 05 00 00 00 00 00 9F 0F 05 00 00 00 00 00 9F 10 07 06 01 1A 03 90 00 00 9F 11 01 01 9F 12 0D 43 52 45 44 49 54 4F 44 45 56 49 53 41 9F 13 00 9F 15 02 12 34 9F 16 0F 30 30 30 30 30 30 30 30 30 30 30 30 30 30 30 9F 1A 02 08 40 9F 1C 08 38 37 36 35 34 33 32 31 9F 1E 08 35 54 31 37 30 36 30 35 9F 20 00 9F 21 03 05 44 43 9F 24 00 9F 26 08 4C 31 FC AE 89 B8 60 A4 9F 27 01 80 9F 33 03 60 28 C8 9F 34 03 5F 03 02 9F 35 01 21 9F 36 02 00 01 9F 37 04 6B 7C 71 7D 9F 53 00 9F 5B 00 9F 39 01 05 DF 21 00 DF EE 23 00 DF EE 51 00 FF EE 01 05 DF EE 30 01 01 75 C8 00 00 00 00 00 00 00 00 00 00 00 00 00 00 00 00 00 00 00 00 00 00 00 00 00 00 00 00 56 69 56 4F 74 65 63 68 32 00 61 01 00 10 03 00 00 02 00 45 4E 03 00 82 27 1C 02 00 F4 21 39 E6 00 00 00 00 00 00 00 00 00 00 00 00 00 00 00 00 00 00 00 00 00 00 00 00 00 00 00 00 00 00 00  

 --- 60-13

2026/9/14 13:45:35.175 [TX] - 56 69 56 4F 74 65 63 68 32 00 60 13 00 5C 4F 50 57 5A 5F 20 5F 24 5F 2A 5F 30 5F 34 82 84 8A 95 9A 9B 9C 9F 02 9F 03 9F 06 9F 07 9F 09 9F 0D 9F 0E 9F 0F 9F 10 9F 12 9F 1A 9F 1E 9F 21 9F 26 9F 27 9F 33 9F 34 9F 35 9F 36 9F 37 9F 39 9F 40 9F 41 9F 53 9F 7C DF EE 12 DF EE 25 DF EE 26 DF EF 57 DF EF 5B DF EF 5D DF EE 23 1F 8C 
2026/9/14 13:45:35.229 [RX] - 56 69 56 4F 74 65 63 68 32 00 60 00 01 87 E0 DF EE 26 02 E0 00 DF EE 12 0A FF FF 98 76 54 32 11 00 01 2B 4F 07 A0 00 00 00 03 10 10 50 0A 56 49 53 41 43 52 45 44 49 54 57 A1 11 47 61 CC CC CC CC 00 10 D2 01 2C CC CC CC CC CC CC 57 C1 18 DB 42 3D AB 22 E3 74 7E 69 C1 E3 0E 4B 2D 64 29 1C 81 8F FD C8 34 4D FC 5A A1 08 47 61 CC CC CC CC 00 10 5A C1 10 B7 EB 3B 80 85 33 B1 A1 1B F8 C6 13 5E A6 DE F2 5F 20 0F 46 55 4C 4C 20 46 55 4E 43 54 49 4F 4E 41 4C 5F 24 03 20 12 31 5F 2A 00 5F 30 02 02 01 5F 34 01 01 82 02 5C 00 84 07 A0 00 00 00 03 10 10 8A 02 5A 33 95 05 42 C0 00 00 00 9A 03 22 12 15 9B 02 E0 00 9C 01 00 9F 02 06 00 00 00 00 00 11 9F 03 06 00 00 00 00 00 00 9F 06 07 A0 00 00 00 03 10 10 9F 07 02 FF C0 9F 09 02 00 96 9F 0D 05 00 00 00 00 00 9F 0E 05 00 00 00 00 00 9F 0F 05 00 00 00 00 00 9F 10 07 06 01 1A 03 90 00 00 9F 12 0D 43 52 45 44 49 54 4F 44 45 56 49 53 41 9F 1A 02 08 40 9F 1E 08 35 54 31 37 30 36 30 35 9F 21 03 05 44 43 9F 26 08 4C 31 FC AE 89 B8 60 A4 9F 27 01 80 9F 33 03 60 28 C8 9F 34 03 5F 03 02 9F 35 01 21 9F 36 02 00 01 9F 37 04 6B 7C 71 7D 9F 39 01 05 9F 40 05 F0 00 F0 A0 01 9F 41 04 00 00 00 36 9F 53 00 9F 7C 00 DF EE 25 02 00 03 DF EF 57 00 DF EF 5B 00 DF EF 5D 00 DF EE 23 00 69 2E 00 00 00 00 00 00 00 00 00 00 00 00 00 00 00 00 00 00 00 00 00 00 00 00 00 00 00 00 00 00 00 00 00 00  

 --- 03-03

2026/9/14 13:45:35.261 [TX] - 56 69 56 4F 74 65 63 68 32 00 03 03 00 01 00 1D 8D 
2026/9/14 13:45:37.270 [RX] - 56 69 56 4F 74 65 63 68 32 00 03 0B 00 00 0F CA 00 00 00 00 00 00 00 00 00 00 00 00 00 00 00 00 00 00 00 00 00 00 00 00 00 00 00 00 00 00 00 00 00 00 00 00 00 00 00 00 00 00 00 00 00 00 00 56 69 56 4F 74 65 63 68 32 00 61 01 00 10 03 00 00 02 00 45 4E 03 00 82 23 1C 02 00 00 20 F0 63 00 00 00 00 00 00 00 00 00 00 00 00 00 00 00 00 00 00 00 00 00 00 00 00 00 00 00 00 00 00 00  

 --- 02-40

2026/9/14 13:45:41.500 [TX] - 56 69 56 4F 74 65 63 68 32 00 02 40 00 1E B4 9C 01 00 9F 02 06 00 00 00 00 00 11 DF ED 46 01 0F DF EF 37 01 07 DF EF 3C 03 01 00 60 07 16 
2026/9/14 13:45:41.536 [RX] - 56 69 56 4F 74 65 63 68 32 00 02 63 00 00 4B B4 00 00 00 00 00 00 00 00 00 00 00 00 00 00 00 00 00 00 00 00 00 00 00 00 00 00 00 00 00 00 00 00 00 00 00 00 00 00 00 00 00 00 00 00 00 00 00 56 69 56 4F 74 65 63 68 32 00 61 01 00 10 03 00 00 02 00 45 4E 03 00 82 57 1C 02 00 00 60 FB 9A 00 00 00 00 00 00 00 00 00 00 00 00 00 00 00 00 00 00 00 00 00 00 00 00 00 00 00 00 00 00 00 56 69 56 4F 74 65 63 68 32 00 61 01 00 19 04 00 00 02 00 45 4E 0C 00 84 01 1C 04 24 1C 04 30 2E 31 31 1C 02 00 F4 21 DA BE 00 00 00 00 00 00 00 00 00 00 00 00 00 00 00 00 00 00 00 00 00 00 56 69 56 4F 74 65 63 68 32 00 61 01 00 10 03 00 00 02 00 45 4E 03 00 82 1A 1C 02 00 F4 21 58 29 00 00 00 00 00 00 00 00 00 00 00 00 00 00 00 00 00 00 00 00 00 00 00 00 00 00 00 00 00 00 00 56 69 56 4F 74 65 63 68 32 00 61 01 00 10 03 00 00 02 00 45 4E 03 00 82 68 1C 02 00 F4 21 96 F5 00 00 00 00 00 00 00 00 00 00 00 00 00 00 00 00 00 00 00 00 00 00 00 00 00 00 00 00 00 00 00 56 69 56 4F 74 65 63 68 32 00 61 01 00 10 03 00 00 02 00 45 4E 03 00 82 15 1C 02 00 F4 21 9D 2A 00 00 00 00 00 00 00 00 00 00 00 00 00 00 00 00 00 00 00 00 00 00 00 00 00 00 00 00 00 00 00 56 69 56 4F 74 65 63 68 32 00 02 23 03 3D F1 DF EE 26 02 F1 00 DF EE 12 0A FF FF 98 76 54 32 11 00 01 2C DF EF 17 A1 3E 2A 35 32 35 36 2A 2A 2A 2A 2A 2A 2A 2A 30 30 30 30 5E 53 75 70 70 6C 69 65 64 2F 4E 6F 74 5E 31 32 31 32 2A 2A 2A 2A 2A 2A 2A 2A 2A 2A 2A 2A 2A 2A 2A 2A 2A 2A 2A 2A 2A 2A 2A 2A 2A 2A 2A DF EF 17 C1 48 0F C1 9B 57 9D 8E 20 8C F6 88 5C 4B 8D 92 1F 11 A9 B0 E8 B8 D3 15 D3 F2 92 31 B2 BC FB C3 54 CD CC 1D C1 58 58 70 33 74 F2 BA 8A 5F 9F 68 C9 D3 19 20 11 8A 49 89 B4 65 85 3A 29 06 48 81 8F D5 3D 6C FC C7 62 B3 4E 4E DF EF 18 A1 25 35 32 35 36 2A 2A 2A 2A 2A 2A 2A 2A 30 30 30 30 3D 31 32 31 32 2A 2A 2A 2A 2A 2A 2A 2A 2A 2A 2A 2A 2A 2A 2A 2A DF EF 18 C1 30 70 CA CA 48 60 EB 21 DF 61 07 16 8F 34 74 68 B5 28 C6 CA F7 64 FB 0D 62 86 44 0F A5 AF EA D4 DF DB A4 1C 65 78 EE 23 A2 DD 44 F3 11 96 54 6A 44 DF EF 4C 06 00 00 00 00 00 00 DF EF 4D 00 DF 81 16 16 1E 04 00 00 00 00 00 00 00 00 00 00 00 00 00 00 00 00 00 00 00 00 DF 81 29 08 30 F0 F0 00 30 F0 FF 00 FF 81 06 44 DF 81 15 06 00 00 00 00 00 FF DF 81 2A C1 20 B8 8C D7 F8 7F 24 38 55 0C AE D8 AE 4F 37 54 57 42 77 5E 9A 47 53 36 44 38 0D 9A BC D9 A9 D1 DE DF 81 2B C1 10 2E 0D 5C 67 10 6B 2C 75 53 BF 78 96 27 D7 BC 0F FF 81 05 82 01 7E 4F 07 A0 00 00 00 04 10 10 50 0A 4D 61 73 74 65 72 43 61 72 64 56 A1 3E 2A 35 32 35 36 2A 2A 2A 2A 2A 2A 2A 2A 30 30 30 30 5E 53 75 70 70 6C 69 65 64 2F 4E 6F 74 5E 31 32 31 32 2A 2A 2A 2A 2A 2A 2A 2A 2A 2A 2A 2A 2A 2A 2A 2A 2A 2A 2A 2A 2A 2A 2A 2A 2A 2A 2A 56 C1 40 95 90 17 28 D7 52 15 5E 00 A5 23 63 F3 9A ED 5D 7A 09 A1 6A 92 AD 0E D1 58 19 77 55 4A CD F1 7A AF 22 30 FE 77 DD FD 56 1F 1B E1 E2 EF AD 78 BA 72 78 2A 15 B6 47 54 59 F9 0B F0 7E 1E 42 13 58 82 02 00 00 84 07 A0 00 00 00 04 10 10 95 05 00 00 00 00 00 9A 03 22 12 15 9B 02 00 00 9C 01 00 9F 01 00 9F 02 06 00 00 00 00 00 11 9F 06 07 A0 00 00 00 04 10 10 9F 09 02 00 02 9F 15 02 11 11 9F 16 00 9F 1A 02 08 40 9F 1C 00 9F 1D 08 6C FF 00 00 00 00 00 00 9F 1E 08 35 54 31 37 30 36 30 35 9F 21 03 05 44 53 9F 2A 01 02 9F 33 03 00 00 08 9F 34 03 00 00 00 9F 35 01 22 9F 36 02 33 4F 9F 37 04 0D 4F 41 4E 9F 39 01 91 9F 40 05 00 00 00 00 00 9F 41 04 00 00 00 37 9F 4E 00 9F 53 01 00 9F 66 02 01 F6 9F 6A 04 00 00 00 88 9F 6B A1 13 52 56 CC CC CC CC 00 00 D1 21 2C CC CC CC CC CC CC CC CC 9F 6B C1 18 9B 40 10 B8 A3 97 83 4E 35 68 D9 81 D8 FB 9D BC 64 CD 3E 90 3F 51 34 5F 9F 6D 02 00 01 FF EE 01 05 DF EE 30 01 00 DF EE 4C 01 03 DF EC 1C 1E 08 03 00 03 FF 00 1E 04 00 00 00 FF 00 00 00 00 00 00 00 00 00 00 00 00 00 00 00 00 FF 00 FF EE 01 05 DF EE 30 01 00 1E 73 00 00 00 00 00 00 00 00 00 00 00 00 00 00 00 00 00 00 00 00 00 00 00 00 00 00 00 00 00 00 00 00 00 00 00 00 00  

 --- 60-13

2026/9/14 13:45:43.483 [TX] - 56 69 56 4F 74 65 63 68 32 00 60 13 00 5C 4F 50 57 5A 5F 20 5F 24 5F 2A 5F 30 5F 34 82 84 8A 95 9A 9B 9C 9F 02 9F 03 9F 06 9F 07 9F 09 9F 0D 9F 0E 9F 0F 9F 10 9F 12 9F 1A 9F 1E 9F 21 9F 26 9F 27 9F 33 9F 34 9F 35 9F 36 9F 37 9F 39 9F 40 9F 41 9F 53 9F 7C DF EE 12 DF EE 25 DF EE 26 DF EF 57 DF EF 5B DF EF 5D DF EE 23 1F 8C 
2026/9/14 13:45:43.603 [RX] - 56 69 56 4F 74 65 63 68 32 00 60 00 00 8D E0 DF EE 26 02 E0 00 4F 00 50 00 57 00 5A 00 5F 20 00 5F 24 00 5F 2A 00 5F 30 00 5F 34 00 82 00 84 00 8A 00 95 00 9A 00 9B 00 9C 00 9F 02 00 9F 03 00 9F 06 00 9F 07 00 9F 09 00 9F 0D 00 9F 0E 00 9F 0F 00 9F 10 00 9F 12 00 9F 1A 00 9F 1E 00 9F 21 00 9F 26 00 9F 27 00 9F 33 00 9F 34 00 9F 35 00 9F 36 00 9F 37 00 9F 39 00 9F 40 00 9F 41 00 9F 53 00 9F 7C 00 DF EE 25 02 00 03 DF EF 57 00 DF EF 5B 00 DF EF 5D 00 DF EE 23 00 20 E9 00 00 00 00 00 00 00 00 00 00 00 00 00 00 00 00 00 00 00 00 00 00 00 00 00 00 00 00 00 00 00 00  

 --- 03-03

2026/9/14 13:45:43.635 [TX] - 56 69 56 4F 74 65 63 68 32 00 03 03 00 01 00 1D 8D 
2026/9/14 13:45:43.643 [RX] - 56 69 56 4F 74 65 63 68 32 00 61 01 00 10 03 00 00 02 00 45 4E 03 00 82 03 1C 02 00 20 23 F3 EE 00 00 00 00 00 00 00 00 00 00 00 00 00 00 00 00 00 00 00 00 00 00 00 00 00 00 00 00 00 00 00 56 69 56 4F 74 65 63 68 32 00 03 00 00 00 FF 3B 00 00 00 00 00 00 00 00 00 00 00 00 00 00 00 00 00 00 00 00 00 00 00 00 00 00 00 00 00 00 00 00 00 00 00 00 00 00 00 00 00 00 00 00 00 00 00 56 69 56 4F 74 65 63 68 32 00 61 01 00 10 03 00 00 02 00 45 4E 03 00 82 23 1C 02 00 00 20 F0 63 00 00 00 00 00 00 00 00 00 00 00 00 00 00 00 00 00 00 00 00 00 00 00 00 00 00 00 00 00 00 00  

 --- 02-40

2026/9/14 13:45:44.377 [TX] - 56 69 56 4F 74 65 63 68 32 00 02 40 00 1E B4 9C 01 00 9F 02 06 00 00 00 00 00 11 DF ED 46 01 0F DF EF 37 01 07 DF EF 3C 03 01 00 60 07 16 
2026/9/14 13:45:44.414 [RX] - 56 69 56 4F 74 65 63 68 32 00 02 63 00 00 4B B4 00 00 00 00 00 00 00 00 00 00 00 00 00 00 00 00 00 00 00 00 00 00 00 00 00 00 00 00 00 00 00 00 00 00 00 00 00 00 00 00 00 00 00 00 00 00 00 56 69 56 4F 74 65 63 68 32 00 61 01 00 10 03 00 00 02 00 45 4E 03 00 82 57 1C 02 00 00 60 FB 9A 00 00 00 00 00 00 00 00 00 00 00 00 00 00 00 00 00 00 00 00 00 00 00 00 00 00 00 00 00 00 00 56 69 56 4F 74 65 63 68 32 00 61 01 00 19 04 00 00 02 00 45 4E 0C 00 84 01 1C 04 24 1C 04 30 2E 31 31 1C 02 00 F4 21 DA BE 00 00 00 00 00 00 00 00 00 00 00 00 00 00 00 00 00 00 00 00 00 00 56 69 56 4F 74 65 63 68 32 00 61 01 00 10 03 00 00 02 00 45 4E 03 00 82 1A 1C 02 00 F4 21 58 29 00 00 00 00 00 00 00 00 00 00 00 00 00 00 00 00 00 00 00 00 00 00 00 00 00 00 00 00 00 00 00 56 69 56 4F 74 65 63 68 32 00 61 01 00 10 03 00 00 02 00 45 4E 03 00 82 82 1C 02 00 F4 21 9B CF 00 00 00 00 00 00 00 00 00 00 00 00 00 00 00 00 00 00 00 00 00 00 00 00 00 00 00 00 00 00 00 56 69 56 4F 74 65 63 68 32 00 61 01 00 10 03 00 00 02 00 45 4E 03 00 82 0F 1C 02 00 F4 21 01 AC 00 00 00 00 00 00 00 00 00 00 00 00 00 00 00 00 00 00 00 00 00 00 00 00 00 00 00 00 00 00 00 56 69 56 4F 74 65 63 68 32 00 61 01 00 10 03 00 00 02 00 45 4E 03 00 82 8A 1C 02 00 F4 21 96 8D 00 00 00 00 00 00 00 00 00 00 00 00 00 00 00 00 00 00 00 00 00 00 00 00 00 00 00 00 00 00 00 56 69 56 4F 74 65 63 68 32 00 61 01 00 10 03 00 00 02 00 45 4E 03 00 82 11 1C 02 00 F4 21 9B 8B 00 00 00 00 00 00 00 00 00 00 00 00 00 00 00 00 00 00 00 00 00 00 00 00 00 00 00 00 00 00 00 56 69 56 4F 74 65 63 68 32 00 61 01 00 10 03 00 00 02 00 45 4E 03 00 82 1A 1C 02 00 F4 21 58 29 00 00 00 00 00 00 00 00 00 00 00 00 00 00 00 00 00 00 00 00 00 00 00 00 00 00 00 00 00 00 00 56 69 56 4F 74 65 63 68 32 00 61 01 00 10 03 00 00 02 00 45 4E 03 00 82 03 1C 02 00 F4 21 0A 4F 00 00 00 00 00 00 00 00 00 00 00 00 00 00 00 00 00 00 00 00 00 00 00 00 00 00 00 00 00 00 00 56 69 56 4F 74 65 63 68 32 00 02 00 01 CC E0 DF EE 26 02 E0 00 DF EE 12 0A FF FF 98 76 54 32 11 00 01 2D DF EE 25 02 00 03 4F 07 A0 00 00 00 03 10 10 5A A1 08 47 61 CC CC CC CC 00 10 5A C1 10 31 D2 0E D2 52 1E B2 73 CC DB 2D 0C B1 1B 9B 46 50 0A 56 49 53 41 43 52 45 44 49 54 57 A1 11 47 61 CC CC CC CC 00 10 D2 01 2C CC CC CC CC CC CC 57 C1 18 E0 92 D1 BB 88 04 FA CB 85 35 1C 5F C2 9B FE DF 7D DB 7F A3 BD C5 AF 43 82 02 5C 00 84 07 A0 00 00 00 03 10 10 8A 02 5A 33 8E 0C 00 00 00 00 00 00 00 00 5F 03 00 00 95 05 42 C0 00 00 00 9A 03 22 12 15 9B 02 E0 00 9C 01 00 99 00 5F 20 0F 46 55 4C 4C 20 46 55 4E 43 54 49 4F 4E 41 4C 5F 24 03 20 12 31 5F 25 03 95 07 01 5F 28 02 08 40 5F 2A 02 08 40 5F 2D 08 65 73 65 6E 66 72 64 65 5F 34 01 01 9F 02 06 00 00 00 00 00 11 9F 03 06 00 00 00 00 00 00 9F 07 02 FF C0 9F 08 02 00 8C 9F 09 02 00 96 9F 0B 00 9F 0D 05 00 00 00 00 00 9F 0E 05 00 00 00 00 00 9F 0F 05 00 00 00 00 00 9F 10 07 06 01 1A 03 90 00 00 9F 11 01 01 9F 12 0D 43 52 45 44 49 54 4F 44 45 56 49 53 41 9F 13 00 9F 15 02 12 34 9F 16 0F 30 30 30 30 30 30 30 30 30 30 30 30 30 30 30 9F 1A 02 08 40 9F 1C 08 38 37 36 35 34 33 32 31 9F 1E 08 35 54 31 37 30 36 30 35 9F 20 00 9F 21 03 05 44 58 9F 24 00 9F 26 08 55 E1 C7 7C 24 06 FE 82 9F 27 01 80 9F 33 03 60 28 C8 9F 34 03 5F 03 02 9F 35 01 21 9F 36 02 00 01 9F 37 04 F9 74 9F ED 9F 53 00 9F 5B 00 9F 39 01 05 DF 21 00 DF EE 23 00 DF EE 51 00 FF EE 01 05 DF EE 30 01 01 A3 2A 00 00 00 00 00 00 00 00 00 00 00 00 00 00 00 00 00 00 00 00 00 00 00 00 00 00 00 00 56 69 56 4F 74 65 63 68 32 00 61 01 00 10 03 00 00 02 00 45 4E 03 00 82 27 1C 02 00 F4 21 39 E6 00 00 00 00 00 00 00 00 00 00 00 00 00 00 00 00 00 00 00 00 00 00 00 00 00 00 00 00 00 00 00  

 --- 60-13

2026/9/14 13:45:49.367 [TX] - 56 69 56 4F 74 65 63 68 32 00 60 13 00 5C 4F 50 57 5A 5F 20 5F 24 5F 2A 5F 30 5F 34 82 84 8A 95 9A 9B 9C 9F 02 9F 03 9F 06 9F 07 9F 09 9F 0D 9F 0E 9F 0F 9F 10 9F 12 9F 1A 9F 1E 9F 21 9F 26 9F 27 9F 33 9F 34 9F 35 9F 36 9F 37 9F 39 9F 40 9F 41 9F 53 9F 7C DF EE 12 DF EE 25 DF EE 26 DF EF 57 DF EF 5B DF EF 5D DF EE 23 1F 8C 
2026/9/14 13:45:49.421 [RX] - 56 69 56 4F 74 65 63 68 32 00 60 00 01 87 E0 DF EE 26 02 E0 00 DF EE 12 0A FF FF 98 76 54 32 11 00 01 2D 4F 07 A0 00 00 00 03 10 10 50 0A 56 49 53 41 43 52 45 44 49 54 57 A1 11 47 61 CC CC CC CC 00 10 D2 01 2C CC CC CC CC CC CC 57 C1 18 E0 92 D1 BB 88 04 FA CB 85 35 1C 5F C2 9B FE DF 7D DB 7F A3 BD C5 AF 43 5A A1 08 47 61 CC CC CC CC 00 10 5A C1 10 31 D2 0E D2 52 1E B2 73 CC DB 2D 0C B1 1B 9B 46 5F 20 0F 46 55 4C 4C 20 46 55 4E 43 54 49 4F 4E 41 4C 5F 24 03 20 12 31 5F 2A 00 5F 30 02 02 01 5F 34 01 01 82 02 5C 00 84 07 A0 00 00 00 03 10 10 8A 02 5A 33 95 05 42 C0 00 00 00 9A 03 22 12 15 9B 02 E0 00 9C 01 00 9F 02 06 00 00 00 00 00 11 9F 03 06 00 00 00 00 00 00 9F 06 07 A0 00 00 00 03 10 10 9F 07 02 FF C0 9F 09 02 00 96 9F 0D 05 00 00 00 00 00 9F 0E 05 00 00 00 00 00 9F 0F 05 00 00 00 00 00 9F 10 07 06 01 1A 03 90 00 00 9F 12 0D 43 52 45 44 49 54 4F 44 45 56 49 53 41 9F 1A 02 08 40 9F 1E 08 35 54 31 37 30 36 30 35 9F 21 03 05 44 58 9F 26 08 55 E1 C7 7C 24 06 FE 82 9F 27 01 80 9F 33 03 60 28 C8 9F 34 03 5F 03 02 9F 35 01 21 9F 36 02 00 01 9F 37 04 F9 74 9F ED 9F 39 01 05 9F 40 05 F0 00 F0 A0 01 9F 41 04 00 00 00 37 9F 53 00 9F 7C 00 DF EE 25 02 00 03 DF EF 57 00 DF EF 5B 00 DF EF 5D 00 DF EE 23 00 39 F0 00 00 00 00 00 00 00 00 00 00 00 00 00 00 00 00 00 00 00 00 00 00 00 00 00 00 00 00 00 00 00 00 00 00  

 --- 03-03

2026/9/14 13:45:49.455 [TX] - 56 69 56 4F 74 65 63 68 32 00 03 03 00 01 00 1D 8D 
2026/9/14 13:45:51.466 [RX] - 56 69 56 4F 74 65 63 68 32 00 03 0B 00 00 0F CA 00 00 00 00 00 00 00 00 00 00 00 00 00 00 00 00 00 00 00 00 00 00 00 00 00 00 00 00 00 00 00 00 00 00 00 00 00 00 00 00 00 00 00 00 00 00 00 56 69 56 4F 74 65 63 68 32 00 61 01 00 10 03 00 00 02 00 45 4E 03 00 82 23 1C 02 00 00 20 F0 63 00 00 00 00 00 00 00 00 00 00 00 00 00 00 00 00 00 00 00 00 00 00 00 00 00 00 00 00 00 00 00  

 --- 02-40

2026/9/14 13:45:55.496 [TX] - 56 69 56 4F 74 65 63 68 32 00 02 40 00 1E B4 9C 01 00 9F 02 06 00 00 00 00 00 11 DF ED 46 01 0F DF EF 37 01 07 DF EF 3C 03 01 00 60 07 16 
2026/9/14 13:45:55.534 [RX] - 56 69 56 4F 74 65 63 68 32 00 02 63 00 00 4B B4 00 00 00 00 00 00 00 00 00 00 00 00 00 00 00 00 00 00 00 00 00 00 00 00 00 00 00 00 00 00 00 00 00 00 00 00 00 00 00 00 00 00 00 00 00 00 00 56 69 56 4F 74 65 63 68 32 00 61 01 00 10 03 00 00 02 00 45 4E 03 00 82 57 1C 02 00 00 60 FB 9A 00 00 00 00 00 00 00 00 00 00 00 00 00 00 00 00 00 00 00 00 00 00 00 00 00 00 00 00 00 00 00 56 69 56 4F 74 65 63 68 32 00 61 01 00 19 04 00 00 02 00 45 4E 0C 00 84 01 1C 04 24 1C 04 30 2E 31 31 1C 02 00 F4 21 DA BE 00 00 00 00 00 00 00 00 00 00 00 00 00 00 00 00 00 00 00 00 00 00 56 69 56 4F 74 65 63 68 32 00 61 01 00 10 03 00 00 02 00 45 4E 03 00 82 1A 1C 02 00 F4 21 58 29 00 00 00 00 00 00 00 00 00 00 00 00 00 00 00 00 00 00 00 00 00 00 00 00 00 00 00 00 00 00 00 56 69 56 4F 74 65 63 68 32 00 61 01 00 10 03 00 00 02 00 45 4E 03 00 82 68 1C 02 00 F4 21 96 F5 00 00 00 00 00 00 00 00 00 00 00 00 00 00 00 00 00 00 00 00 00 00 00 00 00 00 00 00 00 00 00 56 69 56 4F 74 65 63 68 32 00 61 01 00 10 03 00 00 02 00 45 4E 03 00 82 15 1C 02 00 F4 21 9D 2A 00 00 00 00 00 00 00 00 00 00 00 00 00 00 00 00 00 00 00 00 00 00 00 00 00 00 00 00 00 00 00 56 69 56 4F 74 65 63 68 32 00 02 23 03 3D F1 DF EE 26 02 F1 00 DF EE 12 0A FF FF 98 76 54 32 11 00 01 2E DF EF 17 A1 3E 2A 35 32 35 36 2A 2A 2A 2A 2A 2A 2A 2A 30 30 30 30 5E 53 75 70 70 6C 69 65 64 2F 4E 6F 74 5E 31 32 31 32 2A 2A 2A 2A 2A 2A 2A 2A 2A 2A 2A 2A 2A 2A 2A 2A 2A 2A 2A 2A 2A 2A 2A 2A 2A 2A 2A DF EF 17 C1 48 83 B6 E0 E3 81 D1 2A A9 2B 20 75 2A 3A 77 52 FF DB CA CE F2 AD 4D 09 42 3A A9 C1 DD C0 A3 1C 84 7E F3 AC FA BE 52 A6 27 51 12 E5 F8 38 2B 3C 25 F7 5D BA 95 7C 1E FB 4C 5C 71 05 AA CC D2 C9 50 D7 7B 2C FB 11 4F C6 96 DF EF 18 A1 25 35 32 35 36 2A 2A 2A 2A 2A 2A 2A 2A 30 30 30 30 3D 31 32 31 32 2A 2A 2A 2A 2A 2A 2A 2A 2A 2A 2A 2A 2A 2A 2A 2A DF EF 18 C1 30 BF 20 89 38 45 46 20 D5 79 4C 42 0C EB 91 8F 9B 45 5D AB 52 F3 58 E9 C2 0B C5 C5 15 F3 F5 5C 8A 7B 6E 30 73 C6 52 66 2C 5F E4 41 B7 4F C0 CF 13 DF EF 4C 06 00 00 00 00 00 00 DF EF 4D 00 DF 81 16 16 1E 04 00 00 00 00 00 00 00 00 00 00 00 00 00 00 00 00 00 00 00 00 DF 81 29 08 30 F0 F0 00 30 F0 FF 00 FF 81 06 44 DF 81 15 06 00 00 00 00 00 FF DF 81 2A C1 20 D6 B9 3F 7E 61 61 68 62 83 25 B3 83 33 2C 34 06 36 54 7B 6F 8B 15 15 0D C7 E6 62 38 F5 77 F8 8C DF 81 2B C1 10 98 A1 71 D0 87 56 3F 3C 47 9F C3 75 7B 52 25 2F FF 81 05 82 01 7E 4F 07 A0 00 00 00 04 10 10 50 0A 4D 61 73 74 65 72 43 61 72 64 56 A1 3E 2A 35 32 35 36 2A 2A 2A 2A 2A 2A 2A 2A 30 30 30 30 5E 53 75 70 70 6C 69 65 64 2F 4E 6F 74 5E 31 32 31 32 2A 2A 2A 2A 2A 2A 2A 2A 2A 2A 2A 2A 2A 2A 2A 2A 2A 2A 2A 2A 2A 2A 2A 2A 2A 2A 2A 56 C1 40 1E FA EE 2C 5F F7 C2 7D 80 F9 E0 84 65 E8 35 39 6E 3A 75 A9 96 DF 26 0F F4 35 DF 60 F4 40 6E 92 79 7A C1 D2 D1 62 4C F8 BE 31 AF AE C6 40 DE 9C 4D BE 4E 2F FD 7A 67 D2 30 85 53 54 47 1E 92 1A 82 02 00 00 84 07 A0 00 00 00 04 10 10 95 05 00 00 00 00 00 9A 03 22 12 15 9B 02 00 00 9C 01 00 9F 01 00 9F 02 06 00 00 00 00 00 11 9F 06 07 A0 00 00 00 04 10 10 9F 09 02 00 02 9F 15 02 11 11 9F 16 00 9F 1A 02 08 40 9F 1C 00 9F 1D 08 6C FF 00 00 00 00 00 00 9F 1E 08 35 54 31 37 30 36 30 35 9F 21 03 05 45 07 9F 2A 01 02 9F 33 03 00 00 08 9F 34 03 00 00 00 9F 35 01 22 9F 36 02 33 50 9F 37 04 39 8B 17 69 9F 39 01 91 9F 40 05 00 00 00 00 00 9F 41 04 00 00 00 38 9F 4E 00 9F 53 01 00 9F 66 02 01 F6 9F 6A 04 00 00 00 09 9F 6B A1 13 52 56 CC CC CC CC 00 00 D1 21 2C CC CC CC CC CC CC CC CC 9F 6B C1 18 DB 3D C8 A7 8D 93 94 A4 3C 12 56 87 24 F5 AB D4 60 4C 62 73 C6 30 DF 84 9F 6D 02 00 01 FF EE 01 05 DF EE 30 01 00 DF EE 4C 01 03 DF EC 1C 1E 08 03 00 03 FF 00 1E 04 00 00 00 FF 00 00 00 00 00 00 00 00 00 00 00 00 00 00 00 00 FF 00 FF EE 01 05 DF EE 30 01 00 42 09 00 00 00 00 00 00 00 00 00 00 00 00 00 00 00 00 00 00 00 00 00 00 00 00 00 00 00 00 00 00 00 00 00 00 00 00 00  

 --- 60-13

2026/9/14 13:45:57.176 [TX] - 56 69 56 4F 74 65 63 68 32 00 60 13 00 5C 4F 50 57 5A 5F 20 5F 24 5F 2A 5F 30 5F 34 82 84 8A 95 9A 9B 9C 9F 02 9F 03 9F 06 9F 07 9F 09 9F 0D 9F 0E 9F 0F 9F 10 9F 12 9F 1A 9F 1E 9F 21 9F 26 9F 27 9F 33 9F 34 9F 35 9F 36 9F 37 9F 39 9F 40 9F 41 9F 53 9F 7C DF EE 12 DF EE 25 DF EE 26 DF EF 57 DF EF 5B DF EF 5D DF EE 23 1F 8C 
2026/9/14 13:45:57.199 [RX] - 56 69 56 4F 74 65 63 68 32 00 60 00 00 8D E0 DF EE 26 02 E0 00 4F 00 50 00 57 00 5A 00 5F 20 00 5F 24 00 5F 2A 00 5F 30 00 5F 34 00 82 00 84 00 8A 00 95 00 9A 00 9B 00 9C 00 9F 02 00 9F 03 00 9F 06 00 9F 07 00 9F 09 00 9F 0D 00 9F 0E 00 9F 0F 00 9F 10 00 9F 12 00 9F 1A 00 9F 1E 00 9F 21 00 9F 26 00 9F 27 00 9F 33 00 9F 34 00 9F 35 00 9F 36 00 9F 37 00 9F 39 00 9F 40 00 9F 41 00 9F 53 00 9F 7C 00 DF EE 25 02 00 03 DF EF 57 00 DF EF 5B 00 DF EF 5D 00 DF EE 23 00 20 E9 00 00 00 00 00 00 00 00 00 00 00 00 00 00 00 00 00 00 00 00 00 00 00 00 00 00 00 00 00 00 00 00  

 --- 03-03

2026/9/14 13:45:57.232 [TX] - 56 69 56 4F 74 65 63 68 32 00 03 03 00 01 00 1D 8D 
2026/9/14 13:45:57.241 [RX] - 56 69 56 4F 74 65 63 68 32 00 61 01 00 10 03 00 00 02 00 45 4E 03 00 82 03 1C 02 00 20 23 F3 EE 00 00 00 00 00 00 00 00 00 00 00 00 00 00 00 00 00 00 00 00 00 00 00 00 00 00 00 00 00 00 00 56 69 56 4F 74 65 63 68 32 00 03 00 00 00 FF 3B 00 00 00 00 00 00 00 00 00 00 00 00 00 00 00 00 00 00 00 00 00 00 00 00 00 00 00 00 00 00 00 00 00 00 00 00 00 00 00 00 00 00 00 00 00 00 00 56 69 56 4F 74 65 63 68 32 00 61 01 00 10 03 00 00 02 00 45 4E 03 00 82 23 1C 02 00 00 20 F0 63 00 00 00 00 00 00 00 00 00 00 00 00 00 00 00 00 00 00 00 00 00 00 00 00 00 00 00 00 00 00 00  

 ---------- END OF TEST ----------

 Result = PASSED


Docklight Log File (HEX) - Stopped 2026/9/14 13:45:57.373 

