Docklight Log File (HEX) - Started 2026/9/29 09:50:31.999 
 TEST CASE: PCD001

 --- Set POS COM PORT Settings
 Set POS COM PORT...
 POS operating on COM90 @ 115200 baud...
 Set POS COM PORT - COMPLETE


2026/9/29 09:50:34.568 [TX] - 56 69 56 4F 74 65 63 68 32 00 2C 01 00 01 00 0D 38 
2026/9/29 09:50:34.582 [RX] - 56 69 56 4F 74 65 63 68 32 00 2C 00 00 00 1C 9B 00 00 00 00 00 00 00 00 00 00 00 00 00 00 00 00 00 00 00 00 00 00 00 00 00 00 00 00 00 00 00 00 00 00 00 00 00 00 00 00 00 00 00 00 00 00 00  

 --- Start PT Mode

2026/9/29 09:50:35.957 [TX] - 56 69 56 4F 74 65 63 68 32 00 2C 01 00 01 01 1D 19 
2026/9/29 09:50:35.971 [RX] - 56 69 56 4F 74 65 63 68 32 00 2C 00 00 00 1C 9B 00 00 00 00 00 00 00 00 00 00 00 00 00 00 00 00 00 00 00 00 00 00 00 00 00 00 00 00 00 00 00 00 00 00 00 00 00 00 00 00 00 00 00 00 00 00 00  

 ---Turn On Antenna

2026/9/29 09:50:35.999 [TX] - 56 69 56 4F 74 65 63 68 32 00 28 01 00 01 01 94 1F 
2026/9/29 09:50:36.012 [RX] - 56 69 56 4F 74 65 63 68 32 00 28 00 00 00 D6 6A 00 00 00 00 00 00 00 00 00 00 00 00 00 00 00 00 00 00 00 00 00 00 00 00 00 00 00 00 00 00 00 00 00 00 00 00 00 00 00 00 00 00 00 00 00 00 00  

 ---Poll For Token

2026/9/29 09:50:36.031 [TX] - 56 69 56 4F 74 65 63 68 32 00 2C 02 00 02 00 C8 06 6B 
2026/9/29 09:50:36.171 [RX] - 56 69 56 4F 74 65 63 68 32 00 2C 00 00 05 03 7E BD BA E5 FA EE 00 00 00 00 00 00 00 00 00 00 00 00 00 00 00 00 00 00 00 00 00 00 00 00 00 00 00 00 00 00 00 00 00 00 00 00 00 00 00 00 00 00  

 --- PCD Load Key 0F0F0F0F

2026/9/29 09:50:36.192 [TX] - 56 69 56 4F 74 65 63 68 32 00 2C 04 00 13 19 00 00 29 68 01 0F 0F 0F 0F 0F 0F 0F 0F 0F 0F 0F 0F 0F 89 0E 
2026/9/29 09:50:36.200 [RX] - 56 69 56 4F 74 65 63 68 32 00 2C 00 00 05 00 00 00 00 00 14 F0 00 00 00 00 00 00 00 00 00 00 00 00 00 00 00 00 00 00 00 00 00 00 00 00 00 00 00 00 00 00 00 00 00 00 00 00 00 00 00 00 00 00  

 --- PCD Auth Sector 1 - add card snr

2026/9/29 09:50:36.215 [TX] - 56 69 56 4F 74 65 63 68 32 00 2C 04 00 0D 0C 00 00 29 68 01 0F 60 07 7E BD BA E5 EC 40 
2026/9/29 09:50:36.228 [RX] - 56 69 56 4F 74 65 63 68 32 00 2C 00 00 05 00 00 00 00 00 14 F0 00 00 00 00 00 00 00 00 00 00 00 00 00 00 00 00 00 00 00 00 00 00 00 00 00 00 00 00 00 00 00 00 00 00 00 00 00 00 00 00 00 00  

 --- PCD Write Block 4

2026/9/29 09:50:36.246 [TX] - 56 69 56 4F 74 65 63 68 32 00 2C 04 00 09 1E 00 00 29 68 01 07 A0 04 30 E2 
2026/9/29 09:50:36.258 [RX] - 56 69 56 4F 74 65 63 68 32 00 2C 00 00 06 00 00 00 00 08 0A 52 D4 00 00 00 00 00 00 00 00 00 00 00 00 00 00 00 00 00 00 00 00 00 00 00 00 00 00 00 00 00 00 00 00 00 00 00 00 00 00 00 00 00  

 --- PCD Write Data - 00's

2026/9/29 09:50:36.283 [TX] - 56 69 56 4F 74 65 63 68 32 00 2C 04 00 17 1E 00 00 29 68 01 07 00 00 00 00 00 00 00 00 00 00 00 00 00 00 00 00 9C 51 
2026/9/29 09:50:36.296 [RX] - 56 69 56 4F 74 65 63 68 32 00 2C 00 00 06 00 00 00 00 08 0A 52 D4 00 00 00 00 00 00 00 00 00 00 00 00 00 00 00 00 00 00 00 00 00 00 00 00 00 00 00 00 00 00 00 00 00 00 00 00 00 00 00 00 00  

 --- PCD Read Block 4

2026/9/29 09:50:36.318 [TX] - 56 69 56 4F 74 65 63 68 32 00 2C 04 00 09 1E 00 00 29 68 01 0F 30 04 81 A8 
2026/9/29 09:50:36.329 [RX] - 56 69 56 4F 74 65 63 68 32 00 2C 00 00 15 00 00 00 00 80 00 00 00 00 00 00 00 00 00 00 00 00 00 00 00 00 43 13 00 00 00 00 00 00 00 00 00 00 00 00 00 00 00 00 00 00 00 00 00 00 00 00 00 00  


2026/9/29 09:50:36.351 [TX] - 56 69 56 4F 74 65 63 68 32 00 2C 01 00 01 00 0D 38 
2026/9/29 09:50:36.366 [RX] - 56 69 56 4F 74 65 63 68 32 00 2C 00 00 00 1C 9B 00 00 00 00 00 00 00 00 00 00 00 00 00 00 00 00 00 00 00 00 00 00 00 00 00 00 00 00 00 00 00 00 00 00 00 00 00 00 00 00 00 00 00 00 00 00 00  

 ---------- END OF TEST ----------

 Result = PASSED


Docklight Log File (HEX) - Stopped 2026/9/29 09:50:36.980 

