Docklight Log File (HEX) - Started 2026/8/26 13:46:14.196 
 TEST CASE: VL020

 --- Set POS COM PORT Settings
 Set POS COM PORT...
 POS operating on COM90 @ 115200 baud...
 Set POS COM PORT - COMPLETE

 --- POD & Burst OFF

2026/8/26 13:46:15.484 [TX] - 56 69 56 4F 74 65 63 68 32 00 01 01 00 01 01 D7 34 
2026/8/26 13:46:15.495 [RX] - 56 69 56 4F 74 65 63 68 32 00 01 00 00 00 12 53 00 00 00 00 00 00 00 00 00 00 00 00 00 00 00 00 00 00 00 00 00 00 00 00 00 00 00 00 00 00 00 00 00 00 00 00 00 00 00 00 00 00 00 00 00 00 00 
2026/8/26 13:46:15.987 [TX] - 56 69 56 4F 74 65 63 68 32 00 04 00 00 05 DF EE 7E 01 00 60 1E 
2026/8/26 13:46:16.041 [RX] - 56 69 56 4F 74 65 63 68 32 00 04 00 00 00 AE 16 00 00 00 00 00 00 00 00 00 00 00 00 00 00 00 00 00 00 00 00 00 00 00 00 00 00 00 00 00 00 00 00 00 00 00 00 00 00 00 00 00 00 00 00 00 00 00  

 --- LCD Display msg Line 1

2026/8/26 13:46:16.512 [TX] - 56 69 56 4F 74 65 63 68 32 00 F0 F1 00 11 01 54 68 69 73 20 69 73 20 61 20 6C 69 6E 65 2E 31 03 83 
2026/8/26 13:46:16.525 [RX] - 56 69 56 4F 74 65 63 68 32 00 F0 00 00 00 FB AA 00 00 00 00 00 00 00 00 00 00 00 00 00 00 00 00 00 00 00 00 00 00 00 00 00 00 00 00 00 00 00 00 00 00 00 00 00 00 00 00 00 00 00 00 00 00 00  

 --- LCD Display msg Line 2

2026/8/26 13:46:20.021 [TX] - 56 69 56 4F 74 65 63 68 32 00 F0 F1 00 11 02 54 68 69 73 20 69 73 20 61 20 6C 69 6E 65 2E 32 46 82 
2026/8/26 13:46:20.034 [RX] - 56 69 56 4F 74 65 63 68 32 00 F0 00 00 00 FB AA 00 00 00 00 00 00 00 00 00 00 00 00 00 00 00 00 00 00 00 00 00 00 00 00 00 00 00 00 00 00 00 00 00 00 00 00 00 00 00 00 00 00 00 00 00 00 00  

 --- LCD Display msg Line 3

2026/8/26 13:46:21.026 [TX] - 56 69 56 4F 74 65 63 68 32 00 F0 F1 00 11 03 54 68 69 73 20 69 73 20 61 20 6C 69 6E 65 2E 33 85 82 
2026/8/26 13:46:21.039 [RX] - 56 69 56 4F 74 65 63 68 32 00 F0 00 00 00 FB AA 00 00 00 00 00 00 00 00 00 00 00 00 00 00 00 00 00 00 00 00 00 00 00 00 00 00 00 00 00 00 00 00 00 00 00 00 00 00 00 00 00 00 00 00 00 00 00  

 --- LCD Display msg Line 4

2026/8/26 13:46:22.036 [TX] - 56 69 56 4F 74 65 63 68 32 00 F0 F1 00 11 04 54 68 69 73 20 69 73 20 61 20 6C 69 6E 65 2E 34 CC 80 
2026/8/26 13:46:22.050 [RX] - 56 69 56 4F 74 65 63 68 32 00 F0 00 00 00 FB AA 00 00 00 00 00 00 00 00 00 00 00 00 00 00 00 00 00 00 00 00 00 00 00 00 00 00 00 00 00 00 00 00 00 00 00 00 00 00 00 00 00 00 00 00 00 00 00  

 --- LCD Display msg Line 5

2026/8/26 13:46:22.953 [TX] - 56 69 56 4F 74 65 63 68 32 00 F0 F1 00 11 05 54 68 69 73 20 69 73 20 61 20 6C 69 6E 65 2E 35 0F 80 
2026/8/26 13:46:22.965 [RX] - 56 69 56 4F 74 65 63 68 32 00 F0 00 00 00 FB AA 00 00 00 00 00 00 00 00 00 00 00 00 00 00 00 00 00 00 00 00 00 00 00 00 00 00 00 00 00 00 00 00 00 00 00 00 00 00 00 00 00 00 00 00 00 00 00  

 --- LCD Display Line 1/ 2 Message

2026/8/26 13:46:23.806 [TX] - 56 69 56 4F 74 65 63 68 32 00 F0 F1 00 1F 01 54 68 69 73 20 69 73 20 61 20 74 65 73 74 2E 2E 54 68 69 73 20 69 73 20 6E 65 77 21 3F 21 9E 5D 
2026/8/26 13:46:23.823 [RX] - 56 69 56 4F 74 65 63 68 32 00 F0 00 00 00 FB AA 00 00 00 00 00 00 00 00 00 00 00 00 00 00 00 00 00 00 00 00 00 00 00 00 00 00 00 00 00 00 00 00 00 00 00 00 00 00 00 00 00 00 00 00 00 00 00  

 --- Activate Transaction

2026/8/26 13:46:32.048 [TX] - 56 69 56 4F 74 65 63 68 32 00 02 40 00 15 3C 9F 02 06 00 00 00 00 99 01 9A 03 07 11 21 9F 21 03 11 11 11 34 4E 
2026/8/26 13:46:32.075 [RX] - 56 69 56 4F 74 65 63 68 32 00 02 63 00 00 4B B4 00 00 00 00 00 00 00 00 00 00 00 00 00 00 00 00 00 00 00 00 00 00 00 00 00 00 00 00 00 00 00 00 00 00 00 00 00 00 00 00 00 00 00 00 00 00 00 56 69 56 4F 74 65 63 68 32 00 02 23 01 F2 21 DF EE 26 02 21 00 DF 81 16 0D 1E 04 00 00 00 00 00 00 00 00 00 00 00 DF 81 29 08 30 F0 F0 20 B8 F0 FF 00 FF 81 06 1E 9F 42 02 09 78 DF 81 0B 01 00 DF 81 15 06 00 00 00 00 00 FF DF 81 0E 01 00 DF 81 0F 01 00 FF 81 05 82 01 51 4F 07 A0 00 00 00 04 10 10 50 0F 50 50 43 20 4D 43 44 20 30 31 20 20 76 32 30 57 11 54 13 33 00 89 60 00 10 D1 41 22 01 01 23 40 91 72 5A 08 54 13 33 00 89 60 00 10 82 02 59 80 84 07 A0 00 00 00 04 10 10 8E 0E 00 00 00 00 00 00 00 00 42 03 5E 03 1F 03 95 05 24 00 04 00 01 9A 03 07 11 21 9B 02 00 00 9C 01 00 5F 24 03 14 12 31 5F 25 03 04 01 01 5F 28 02 00 56 5F 34 01 01 9F 01 00 9F 02 06 00 00 00 00 99 01 9F 06 07 A0 00 00 00 04 10 10 9F 07 02 FF 00 9F 09 02 00 02 9F 0D 05 00 00 00 00 00 9F 0E 05 00 00 00 00 00 9F 0F 05 00 00 00 00 00 9F 10 12 01 10 A0 00 09 22 80 00 00 00 00 00 00 00 00 00 00 FF 9F 15 02 11 11 9F 16 00 9F 1A 02 08 40 9F 1C 00 9F 1D 08 6C FF 00 00 00 00 00 00 9F 1E 08 33 5A 30 30 30 33 37 34 9F 21 03 11 11 11 9F 26 08 0B A5 8F 01 30 9B 36 8B 9F 27 01 80 9F 2A 01 02 9F 33 03 00 60 08 9F 34 03 42 03 00 9F 35 01 22 9F 36 02 5F 6B 9F 37 04 8A 4E DE 9B 9F 39 01 07 9F 40 05 00 00 00 00 00 9F 41 04 00 00 00 06 9F 42 02 09 78 9F 4E 00 9F 53 01 00 9F 6D 02 00 01 DF EE 76 05 24 00 04 00 01 DF 81 16 0D 1B 00 00 00 00 00 00 00 00 00 00 00 00 DF 81 0C 01 02 96 08 02 00 00 00 00 00 00 00 DF EE 4C 01 03 DF EC 1C 1E 08 03 00 00 FF 01 1B 00 00 00 00 00 81 0C 01 02 96 08 02 00 00 00 00 00 00 00 00 00 FF 00 DF EF 4C 06 00 00 00 00 00 00 DF EF 4D 00 10 2B 00 00 00 00 00 00 00 00 00 00 00 00 00 00 00 00 00 00 00 00 00 00 00 00 00 00 00 00 00 00 00 00 00 00 00 00 00 00 00 00 00 00 00 00 00 00 00 00 00 00 00 00 00  

 ---------- END OF TEST ----------

 Result = PASSED


Docklight Log File (HEX) - Stopped 2026/8/26 13:46:37.746 

