Docklight Log File (HEX) - Started 2026/10/2 16:48:59.982 
 TEST CASE: EVT106

 --- Set POS COM PORT Settings
 Set POS COM PORT...
 POS operating on COM90 @ 115200 baud...
 Set POS COM PORT - COMPLETE

 ---  Pass-Through ON

2026/10/2 16:49:01.320 [TX] - 56 69 56 4F 74 65 63 68 32 00 2C 01 00 01 01 19 1D 
2026/10/2 16:49:01.333 [RX] - 56 69 56 4F 74 65 63 68 32 00 2C 00 00 00 1C 9B 00 00 00 00 00 00 00 00 00 00 00 00 00 00 00 00 00 00 00 00 00 00 00 00 00 00 00 00 00 00 00 00 00 00 00 00 00 00 00 00 00 00 00 00 00 00 00  

 NFC Test

2026/10/2 16:49:06.582 [TX] - 56 69 56 4F 74 65 63 68 32 00 2C 02 00 02 05 05 7F F1 
2026/10/2 16:49:07.531 [RX] - 56 69 56 4F 74 65 63 68 32 00 2C 00 00 05 07 51 E4 73 05 01 F5 00 00 00 00 00 00 00 00 00 00 00 00 00 00 00 00 00 00 00 00 00 00 00 00 00 00 00 00 00 00 00 00 00 00 00 00 00 00 00 00 00 00  

 Exchange APDU

2026/10/2 16:49:07.549 [TX] - 56 69 56 4F 74 65 63 68 32 00 2C 13 00 14 00 00 A4 04 00 0E 32 50 41 59 2E 53 59 53 2E 44 44 46 30 31 74 B6 
2026/10/2 16:49:07.576 [RX] - 56 69 56 4F 74 65 63 68 32 00 2C 00 00 27 6F 23 84 0E 32 50 41 59 2E 53 59 53 2E 44 44 46 30 31 A5 11 BF 0C 0E 61 0C 4F 07 A0 00 00 00 04 10 10 87 01 01 90 00 8E B6 00 00 00 00 00 00 00 00  

 NFC Test

2026/10/2 16:49:09.204 [TX] - 56 69 56 4F 74 65 63 68 32 00 2C 02 00 02 05 05 7F F1 
2026/10/2 16:49:10.396 [RX] - 56 69 56 4F 74 65 63 68 32 00 2C 00 00 05 02 54 46 C1 67 79 90 00 00 00 00 00 00 00 00 00 00 00 00 00 00 00 00 00 00 00 00 00 00 00 00 00 00 00 00 00 00 00 00 00 00 00 00 00 00 00 00 00 00  

 Exchange APDU

2026/10/2 16:49:10.419 [TX] - 56 69 56 4F 74 65 63 68 32 00 2C 13 00 14 00 00 A4 04 00 0E 32 50 41 59 2E 53 59 53 2E 44 44 46 30 31 74 B6 
2026/10/2 16:49:10.465 [RX] - 56 69 56 4F 74 65 63 68 32 00 2C 00 00 27 6F 23 84 0E 32 50 41 59 2E 53 59 53 2E 44 44 46 30 31 A5 11 BF 0C 0E 61 0C 4F 07 A0 00 00 00 04 10 10 87 01 01 90 00 8E B6 00 00 00 00 00 00 00 00  

 ---  Pass-Through OFF

2026/10/2 16:49:10.491 [TX] - 56 69 56 4F 74 65 63 68 32 00 2C 01 00 01 00 38 0D 
2026/10/2 16:49:10.504 [RX] - 56 69 56 4F 74 65 63 68 32 00 2C 00 00 00 1C 9B 00 00 00 00 00 00 00 00 00 00 00 00 00 00 00 00 00 00 00 00 00 00 00 00 00 00 00 00 00 00 00 00 00 00 00 00 00 00 00 00 00 00 00 00 00 00 00  

 ---------- END OF TEST ----------

 Result = PASSED


Docklight Log File (HEX) - Stopped 2026/10/2 16:49:10.627 

