Docklight Log File (HEX) - Started 2026/9/14 16:47:46.624 
 TEST CASE: BT014

 --- Set POS COM PORT Settings
 Set POS COM PORT...
 POS operating on COM90 @ 115200 baud...
 Set POS COM PORT - COMPLETE

 

 --- 77-81 (reset to default)

2026/9/14 16:47:47.939 [TX] - 56 69 56 4F 74 65 63 68 32 00 77 81 00 00 7B D5 
2026/9/14 16:47:48.000 [RX] - 56 69 56 4F 74 65 63 68 32 00 77 00 00 00 77 BF 00 00 00 00 00 00 00 00 00 00 00 00 00 00 00 00 00 00 00 00 00 00 00 00 00 00 00 00 00 00 00 00 00 00 00 00 00 00 00 00 00 00 00 00 00 00 00  

 --- 77-81 Set BT name (mindy), pwd 123456 -> 654321    ** Cycle: 1

2026/9/14 16:47:48.513 [TX] - 56 69 56 4F 74 65 63 68 32 00 77 81 00 12 6D 69 6E 64 79 00 31 32 33 34 35 36 36 35 34 33 32 31 9A 54 
2026/9/14 16:47:48.560 [RX] - 56 69 56 4F 74 65 63 68 32 00 77 00 00 00 77 BF 00 00 00 00 00 00 00 00 00 00 00 00 00 00 00 00 00 00 00 00 00 00 00 00 00 00 00 00 00 00 00 00 00 00 00 00 00 00 00 00 00 00 00 00 00 00 00  

 --- 77-82 Get Bluetooth Name

2026/9/14 16:47:49.083 [TX] - 56 69 56 4F 74 65 63 68 32 00 77 82 00 00 85 22 
2026/9/14 16:47:49.092 [RX] - 56 69 56 4F 74 65 63 68 32 00 77 00 00 05 6D 69 6E 64 79 26 55 00 00 00 00 00 00 00 00 00 00 00 00 00 00 00 00 00 00 00 00 00 00 00 00 00 00 00 00 00 00 00 00 00 00 00 00 00 00 00 00 00 00  

 --- 77-81 (reset to default)

2026/9/14 16:47:49.108 [TX] - 56 69 56 4F 74 65 63 68 32 00 77 81 00 00 7B D5 
2026/9/14 16:47:49.184 [RX] - 56 69 56 4F 74 65 63 68 32 00 77 00 00 00 77 BF 00 00 00 00 00 00 00 00 00 00 00 00 00 00 00 00 00 00 00 00 00 00 00 00 00 00 00 00 00 00 00 00 00 00 00 00 00 00 00 00 00 00 00 00 00 00 00  

 --- 77-81 Set BT name (mindy), pwd 123456 -> 654321    ** Cycle: 2

2026/9/14 16:47:49.702 [TX] - 56 69 56 4F 74 65 63 68 32 00 77 81 00 12 6D 69 6E 64 79 00 31 32 33 34 35 36 36 35 34 33 32 31 9A 54 
2026/9/14 16:47:49.751 [RX] - 56 69 56 4F 74 65 63 68 32 00 77 00 00 00 77 BF 00 00 00 00 00 00 00 00 00 00 00 00 00 00 00 00 00 00 00 00 00 00 00 00 00 00 00 00 00 00 00 00 00 00 00 00 00 00 00 00 00 00 00 00 00 00 00  

 --- 77-82 Get Bluetooth Name

2026/9/14 16:47:50.271 [TX] - 56 69 56 4F 74 65 63 68 32 00 77 82 00 00 85 22 
2026/9/14 16:47:50.276 [RX] - 56 69 56 4F 74 65 63 68 32 00 77 00 00 05 6D 69 6E 64 79 26 55 00 00 00 00 00 00 00 00 00 00 00 00 00 00 00 00 00 00 00 00 00 00 00 00 00 00 00 00 00 00 00 00 00 00 00 00 00 00 00 00 00 00  

 --- 77-81 (reset to default)

2026/9/14 16:47:50.315 [TX] - 56 69 56 4F 74 65 63 68 32 00 77 81 00 00 7B D5 
2026/9/14 16:47:50.395 [RX] - 56 69 56 4F 74 65 63 68 32 00 77 00 00 00 77 BF 00 00 00 00 00 00 00 00 00 00 00 00 00 00 00 00 00 00 00 00 00 00 00 00 00 00 00 00 00 00 00 00 00 00 00 00 00 00 00 00 00 00 00 00 00 00 00  

 --- 77-81 Set BT name (mindy), pwd 123456 -> 654321    ** Cycle: 3

2026/9/14 16:47:50.914 [TX] - 56 69 56 4F 74 65 63 68 32 00 77 81 00 12 6D 69 6E 64 79 00 31 32 33 34 35 36 36 35 34 33 32 31 9A 54 
2026/9/14 16:47:50.964 [RX] - 56 69 56 4F 74 65 63 68 32 00 77 00 00 00 77 BF 00 00 00 00 00 00 00 00 00 00 00 00 00 00 00 00 00 00 00 00 00 00 00 00 00 00 00 00 00 00 00 00 00 00 00 00 00 00 00 00 00 00 00 00 00 00 00  

 --- 77-82 Get Bluetooth Name

2026/9/14 16:47:51.484 [TX] - 56 69 56 4F 74 65 63 68 32 00 77 82 00 00 85 22 
2026/9/14 16:47:51.489 [RX] - 56 69 56 4F 74 65 63 68 32 00 77 00 00 05 6D 69 6E 64 79 26 55 00 00 00 00 00 00 00 00 00 00 00 00 00 00 00 00 00 00 00 00 00 00 00 00 00 00 00 00 00 00 00 00 00 00 00 00 00 00 00 00 00 00  

 --- 77-81 (reset to default)

2026/9/14 16:47:51.510 [TX] - 56 69 56 4F 74 65 63 68 32 00 77 81 00 00 7B D5 
2026/9/14 16:47:51.589 [RX] - 56 69 56 4F 74 65 63 68 32 00 77 00 00 00 77 BF 00 00 00 00 00 00 00 00 00 00 00 00 00 00 00 00 00 00 00 00 00 00 00 00 00 00 00 00 00 00 00 00 00 00 00 00 00 00 00 00 00 00 00 00 00 00 00  

 --- 77-81 Set BT name (mindy), pwd 123456 -> 654321    ** Cycle: 4

2026/9/14 16:47:52.119 [TX] - 56 69 56 4F 74 65 63 68 32 00 77 81 00 12 6D 69 6E 64 79 00 31 32 33 34 35 36 36 35 34 33 32 31 9A 54 
2026/9/14 16:47:52.171 [RX] - 56 69 56 4F 74 65 63 68 32 00 77 00 00 00 77 BF 00 00 00 00 00 00 00 00 00 00 00 00 00 00 00 00 00 00 00 00 00 00 00 00 00 00 00 00 00 00 00 00 00 00 00 00 00 00 00 00 00 00 00 00 00 00 00  

 --- 77-82 Get Bluetooth Name

2026/9/14 16:47:52.706 [TX] - 56 69 56 4F 74 65 63 68 32 00 77 82 00 00 85 22 
2026/9/14 16:47:52.712 [RX] - 56 69 56 4F 74 65 63 68 32 00 77 00 00 05 6D 69 6E 64 79 26 55 00 00 00 00 00 00 00 00 00 00 00 00 00 00 00 00 00 00 00 00 00 00 00 00 00 00 00 00 00 00 00 00 00 00 00 00 00 00 00 00 00 00  

 --- 77-81 (reset to default)

2026/9/14 16:47:52.735 [TX] - 56 69 56 4F 74 65 63 68 32 00 77 81 00 00 7B D5 
2026/9/14 16:47:52.816 [RX] - 56 69 56 4F 74 65 63 68 32 00 77 00 00 00 77 BF 00 00 00 00 00 00 00 00 00 00 00 00 00 00 00 00 00 00 00 00 00 00 00 00 00 00 00 00 00 00 00 00 00 00 00 00 00 00 00 00 00 00 00 00 00 00 00  

 --- 77-81 Set BT name (mindy), pwd 123456 -> 654321    ** Cycle: 5

2026/9/14 16:47:53.337 [TX] - 56 69 56 4F 74 65 63 68 32 00 77 81 00 12 6D 69 6E 64 79 00 31 32 33 34 35 36 36 35 34 33 32 31 9A 54 
2026/9/14 16:47:53.392 [RX] - 56 69 56 4F 74 65 63 68 32 00 77 00 00 00 77 BF 00 00 00 00 00 00 00 00 00 00 00 00 00 00 00 00 00 00 00 00 00 00 00 00 00 00 00 00 00 00 00 00 00 00 00 00 00 00 00 00 00 00 00 00 00 00 00  

 --- 77-82 Get Bluetooth Name

2026/9/14 16:47:53.920 [TX] - 56 69 56 4F 74 65 63 68 32 00 77 82 00 00 85 22 
2026/9/14 16:47:53.926 [RX] - 56 69 56 4F 74 65 63 68 32 00 77 00 00 05 6D 69 6E 64 79 26 55 00 00 00 00 00 00 00 00 00 00 00 00 00 00 00 00 00 00 00 00 00 00 00 00 00 00 00 00 00 00 00 00 00 00 00 00 00 00 00 00 00 00  

 --- 77-81 (reset to default)

2026/9/14 16:47:53.950 [TX] - 56 69 56 4F 74 65 63 68 32 00 77 81 00 00 7B D5 
2026/9/14 16:47:54.033 [RX] - 56 69 56 4F 74 65 63 68 32 00 77 00 00 00 77 BF 00 00 00 00 00 00 00 00 00 00 00 00 00 00 00 00 00 00 00 00 00 00 00 00 00 00 00 00 00 00 00 00 00 00 00 00 00 00 00 00 00 00 00 00 00 00 00  

 --- 77-81 Set BT name (mindy), pwd 123456 -> 654321    ** Cycle: 6

2026/9/14 16:47:54.560 [TX] - 56 69 56 4F 74 65 63 68 32 00 77 81 00 12 6D 69 6E 64 79 00 31 32 33 34 35 36 36 35 34 33 32 31 9A 54 
2026/9/14 16:47:54.616 [RX] - 56 69 56 4F 74 65 63 68 32 00 77 00 00 00 77 BF 00 00 00 00 00 00 00 00 00 00 00 00 00 00 00 00 00 00 00 00 00 00 00 00 00 00 00 00 00 00 00 00 00 00 00 00 00 00 00 00 00 00 00 00 00 00 00  

 --- 77-82 Get Bluetooth Name

2026/9/14 16:47:55.141 [TX] - 56 69 56 4F 74 65 63 68 32 00 77 82 00 00 85 22 
2026/9/14 16:47:55.146 [RX] - 56 69 56 4F 74 65 63 68 32 00 77 00 00 05 6D 69 6E 64 79 26 55 00 00 00 00 00 00 00 00 00 00 00 00 00 00 00 00 00 00 00 00 00 00 00 00 00 00 00 00 00 00 00 00 00 00 00 00 00 00 00 00 00 00  

 --- 77-81 (reset to default)

2026/9/14 16:47:55.171 [TX] - 56 69 56 4F 74 65 63 68 32 00 77 81 00 00 7B D5 
2026/9/14 16:47:55.255 [RX] - 56 69 56 4F 74 65 63 68 32 00 77 00 00 00 77 BF 00 00 00 00 00 00 00 00 00 00 00 00 00 00 00 00 00 00 00 00 00 00 00 00 00 00 00 00 00 00 00 00 00 00 00 00 00 00 00 00 00 00 00 00 00 00 00  

 --- 77-81 Set BT name (mindy), pwd 123456 -> 654321    ** Cycle: 7

2026/9/14 16:47:55.771 [TX] - 56 69 56 4F 74 65 63 68 32 00 77 81 00 12 6D 69 6E 64 79 00 31 32 33 34 35 36 36 35 34 33 32 31 9A 54 
2026/9/14 16:47:55.858 [RX] - 56 69 56 4F 74 65 63 68 32 00 77 00 00 00 77 BF 00 00 00 00 00 00 00 00 00 00 00 00 00 00 00 00 00 00 00 00 00 00 00 00 00 00 00 00 00 00 00 00 00 00 00 00 00 00 00 00 00 00 00 00 00 00 00  

 --- 77-82 Get Bluetooth Name

2026/9/14 16:47:56.385 [TX] - 56 69 56 4F 74 65 63 68 32 00 77 82 00 00 85 22 
2026/9/14 16:47:56.391 [RX] - 56 69 56 4F 74 65 63 68 32 00 77 00 00 05 6D 69 6E 64 79 26 55 00 00 00 00 00 00 00 00 00 00 00 00 00 00 00 00 00 00 00 00 00 00 00 00 00 00 00 00 00 00 00 00 00 00 00 00 00 00 00 00 00 00  

 --- 77-81 (reset to default)

2026/9/14 16:47:56.431 [TX] - 56 69 56 4F 74 65 63 68 32 00 77 81 00 00 7B D5 
2026/9/14 16:47:56.504 [RX] - 56 69 56 4F 74 65 63 68 32 00 77 00 00 00 77 BF 00 00 00 00 00 00 00 00 00 00 00 00 00 00 00 00 00 00 00 00 00 00 00 00 00 00 00 00 00 00 00 00 00 00 00 00 00 00 00 00 00 00 00 00 00 00 00  

 --- 77-81 Set BT name (mindy), pwd 123456 -> 654321    ** Cycle: 8

2026/9/14 16:47:57.036 [TX] - 56 69 56 4F 74 65 63 68 32 00 77 81 00 12 6D 69 6E 64 79 00 31 32 33 34 35 36 36 35 34 33 32 31 9A 54 
2026/9/14 16:47:57.082 [RX] - 56 69 56 4F 74 65 63 68 32 00 77 00 00 00 77 BF 00 00 00 00 00 00 00 00 00 00 00 00 00 00 00 00 00 00 00 00 00 00 00 00 00 00 00 00 00 00 00 00 00 00 00 00 00 00 00 00 00 00 00 00 00 00 00  

 --- 77-82 Get Bluetooth Name

2026/9/14 16:47:57.615 [TX] - 56 69 56 4F 74 65 63 68 32 00 77 82 00 00 85 22 
2026/9/14 16:47:57.621 [RX] - 56 69 56 4F 74 65 63 68 32 00 77 00 00 05 6D 69 6E 64 79 26 55 00 00 00 00 00 00 00 00 00 00 00 00 00 00 00 00 00 00 00 00 00 00 00 00 00 00 00 00 00 00 00 00 00 00 00 00 00 00 00 00 00 00  

 --- 77-81 (reset to default)

2026/9/14 16:47:57.645 [TX] - 56 69 56 4F 74 65 63 68 32 00 77 81 00 00 7B D5 
2026/9/14 16:47:57.721 [RX] - 56 69 56 4F 74 65 63 68 32 00 77 00 00 00 77 BF 00 00 00 00 00 00 00 00 00 00 00 00 00 00 00 00 00 00 00 00 00 00 00 00 00 00 00 00 00 00 00 00 00 00 00 00 00 00 00 00 00 00 00 00 00 00 00  

 --- 77-81 Set BT name (mindy), pwd 123456 -> 654321    ** Cycle: 9

2026/9/14 16:47:58.246 [TX] - 56 69 56 4F 74 65 63 68 32 00 77 81 00 12 6D 69 6E 64 79 00 31 32 33 34 35 36 36 35 34 33 32 31 9A 54 
2026/9/14 16:47:58.294 [RX] - 56 69 56 4F 74 65 63 68 32 00 77 00 00 00 77 BF 00 00 00 00 00 00 00 00 00 00 00 00 00 00 00 00 00 00 00 00 00 00 00 00 00 00 00 00 00 00 00 00 00 00 00 00 00 00 00 00 00 00 00 00 00 00 00  

 --- 77-82 Get Bluetooth Name

2026/9/14 16:47:58.813 [TX] - 56 69 56 4F 74 65 63 68 32 00 77 82 00 00 85 22 
2026/9/14 16:47:58.818 [RX] - 56 69 56 4F 74 65 63 68 32 00 77 00 00 05 6D 69 6E 64 79 26 55 00 00 00 00 00 00 00 00 00 00 00 00 00 00 00 00 00 00 00 00 00 00 00 00 00 00 00 00 00 00 00 00 00 00 00 00 00 00 00 00 00 00  

 --- 77-81 (reset to default)

2026/9/14 16:47:58.845 [TX] - 56 69 56 4F 74 65 63 68 32 00 77 81 00 00 7B D5 
2026/9/14 16:47:58.922 [RX] - 56 69 56 4F 74 65 63 68 32 00 77 00 00 00 77 BF 00 00 00 00 00 00 00 00 00 00 00 00 00 00 00 00 00 00 00 00 00 00 00 00 00 00 00 00 00 00 00 00 00 00 00 00 00 00 00 00 00 00 00 00 00 00 00  

 --- 77-81 Set BT name (mindy), pwd 123456 -> 654321    ** Cycle: 10

2026/9/14 16:47:59.442 [TX] - 56 69 56 4F 74 65 63 68 32 00 77 81 00 12 6D 69 6E 64 79 00 31 32 33 34 35 36 36 35 34 33 32 31 9A 54 
2026/9/14 16:47:59.492 [RX] - 56 69 56 4F 74 65 63 68 32 00 77 00 00 00 77 BF 00 00 00 00 00 00 00 00 00 00 00 00 00 00 00 00 00 00 00 00 00 00 00 00 00 00 00 00 00 00 00 00 00 00 00 00 00 00 00 00 00 00 00 00 00 00 00  

 --- 77-82 Get Bluetooth Name

2026/9/14 16:48:00.009 [TX] - 56 69 56 4F 74 65 63 68 32 00 77 82 00 00 85 22 
2026/9/14 16:48:00.014 [RX] - 56 69 56 4F 74 65 63 68 32 00 77 00 00 05 6D 69 6E 64 79 26 55 00 00 00 00 00 00 00 00 00 00 00 00 00 00 00 00 00 00 00 00 00 00 00 00 00 00 00 00 00 00 00 00 00 00 00 00 00 00 00 00 00 00  

 --- 77-81 (reset to default)

2026/9/14 16:48:00.054 [TX] - 56 69 56 4F 74 65 63 68 32 00 77 81 00 00 7B D5 
2026/9/14 16:48:00.133 [RX] - 56 69 56 4F 74 65 63 68 32 00 77 00 00 00 77 BF 00 00 00 00 00 00 00 00 00 00 00 00 00 00 00 00 00 00 00 00 00 00 00 00 00 00 00 00 00 00 00 00 00 00 00 00 00 00 00 00 00 00 00 00 00 00 00  


2026/9/14 16:48:00.659 [TX] - 56 69 56 4F 74 65 63 68 32 00 77 05 00 00 4F 9C  

 ---------- END OF TEST ----------


2026/9/14 16:48:00.667 [RX] - 56 69 56 4F 74 65 63 68 32 00 77 00 00 00 77 BF 00 00 00 00 00 00 00 00 00 00 00 00 00 00 00 00 00 00 00 00 00 00 00 00 00 00 00 00 00 00 00 00 00 00 00 00 00 00 00 00 00 00 00 00 00 00 00  Result = PASSED


Docklight Log File (HEX) - Stopped 2026/9/14 16:48:00.767 

