Docklight Log File (HEX) - Started 2026/9/14 10:26:41.896 
 TEST CASE: CR021

 --- Set POS COM PORT Settings
 Set POS COM PORT...
 POS operating on COM90 @ 115200 baud...
 Set POS COM PORT - COMPLETE

 --- 60-0E Contact Set Certification Revocation List

2026/9/14 10:26:43.230 [TX] - 56 69 56 4F 74 65 63 68 32 00 60 0E 00 0B 09 00 A0 00 00 00 03 50 01 44 55 1F 40 
2026/9/14 10:26:43.246 [RX] - 56 69 56 4F 74 65 63 68 32 00 60 00 00 00 3D 35  PASS 00 00 00 00 00 00 00 00 00 00 00 00 00 00 00 00 00 00 00 00 00 00 00 00 00 00 00 00 00 00 00 00 00 00 00 00 00 00 00 00 00 00 00 00 00 00 00  

 --- 60-0D Contact Remove Certification Revocation List (**ALL**)

2026/9/14 10:26:43.256 [TX] - 56 69 56 4F 74 65 63 68 32 00 60 0D 00 00 64 7F 
2026/9/14 10:26:43.271 [RX] - 56 69 56 4F 74 65 63 68 32 00 60 00 00 00 3D 35  PASS 00 00 00 00 00 00 00 00 00 00 00 00 00 00 00 00 00 00 00 00 00 00 00 00 00 00 00 00 00 00 00 00 00 00 00 00 00 00 00 00 00 00 00 00 00 00 00  

 --- 60-0E Contact Set Certification Revocation List

2026/9/14 10:26:43.286 [TX] - 56 69 56 4F 74 65 63 68 32 00 60 0E 00 0B 09 00 A0 00 00 00 03 50 01 44 55 1F 40 
2026/9/14 10:26:43.303 [RX] - 56 69 56 4F 74 65 63 68 32 00 60 00 00 00 3D 35  PASS 00 00 00 00 00 00 00 00 00 00 00 00 00 00 00 00 00 00 00 00 00 00 00 00 00 00 00 00 00 00 00 00 00 00 00 00 00 00 00 00 00 00 00 00 00 00 00  

 --- 60-0C Contact Retrieve Certification Revocation List

2026/9/14 10:26:43.319 [TX] - 56 69 56 4F 74 65 63 68 32 00 60 0C 00 00 54 48 
2026/9/14 10:26:43.329 [RX] - 56 69 56 4F 74 65 63 68 32 00 60 00 00 0B 09 00 A0 00 00 00 03 50 01 44 55 A0 13  PASS 00 00 00 00 00 00 00 00 00 00 00 00 00 00 00 00 00 00 00 00 00 00 00 00 00 00 00 00 00 00 00 00 00 00 00 00  

 --- 60-0D Contact Remove Certification Revocation List

2026/9/14 10:26:43.354 [TX] - 56 69 56 4F 74 65 63 68 32 00 60 0D 00 09 A0 00 00 00 03 50 01 44 55 9B EB 
2026/9/14 10:26:43.431 [RX] - 56 69 56 4F 74 65 63 68 32 00 60 00 00 00 3D 35  PASS 00 00 00 00 00 00 00 00 00 00 00 00 00 00 00 00 00 00 00 00 00 00 00 00 00 00 00 00 00 00 00 00 00 00 00 00 00 00 00 00 00 00 00 00 00 00 00  

 --- 60-0D Contact Remove Certification Revocation List

2026/9/14 10:26:43.445 [TX] - 56 69 56 4F 74 65 63 68 32 00 60 0D 00 09 A0 00 00 00 03 50 01 44 55 9B EB 
2026/9/14 10:26:43.455 [RX] - 56 69 56 4F 74 65 63 68 32 00 60 60 00 00 A6 5E 00 00 00 00 00 00 00 00 00 00 00 00 00 00 00 00 00 00 00 00 00 00 00 00 00 00 00 00 00 00 00 00 00 00 00 00 00 00 00 00 00 00 00 00 00 00 00  

 --- 60-0C Contact Retrieve Certification Revocation List

2026/9/14 10:26:43.491 [TX] - 56 69 56 4F 74 65 63 68 32 00 60 0C 00 00 54 48 
2026/9/14 10:26:43.501 [RX] - 56 69 56 4F 74 65 63 68 32 00 60 60 00 00 A6 5E 00 00 00 00 00 00 00 00 00 00 00 00 00 00 00 00 00 00 00 00 00 00 00 00 00 00 00 00 00 00 00 00 00 00 00 00 00 00 00 00 00 00 00 00 00 00 00  

 --- 60-0E Contact Set Certification Revocation List

2026/9/14 10:26:43.535 [TX] - 56 69 56 4F 74 65 63 68 32 00 60 0E 00 0B 09 00 A0 00 00 00 03 50 01 44 55 1F 40 
2026/9/14 10:26:43.556 [RX] - 56 69 56 4F 74 65 63 68 32 00 60 00 00 00 3D 35  PASS 00 00 00 00 00 00 00 00 00 00 00 00 00 00 00 00 00 00 00 00 00 00 00 00 00 00 00 00 00 00 00 00 00 00 00 00 00 00 00 00 00 00 00 00 00 00 00  

 --- 60-0C Contact Retrieve Certification Revocation List

2026/9/14 10:26:43.580 [TX] - 56 69 56 4F 74 65 63 68 32 00 60 0C 00 00 54 48 
2026/9/14 10:26:43.589 [RX] - 56 69 56 4F 74 65 63 68 32 00 60 00 00 0B 09 00 A0 00 00 00 03 50 01 44 55 A0 13  PASS 00 00 00 00 00 00 00 00 00 00 00 00 00 00 00 00 00 00 00 00 00 00 00 00 00 00 00 00 00 00 00 00 00 00 00 00  

 --- 60-0D Contact Remove Certification Revocation List (**ALL**)

2026/9/14 10:26:43.614 [TX] - 56 69 56 4F 74 65 63 68 32 00 60 0D 00 00 64 7F 
2026/9/14 10:26:43.629 [RX] - 56 69 56 4F 74 65 63 68 32 00 60 00 00 00 3D 35  PASS 00 00 00 00 00 00 00 00 00 00 00 00 00 00 00 00 00 00 00 00 00 00 00 00 00 00 00 00 00 00 00 00 00 00 00 00 00 00 00 00 00 00 00 00 00 00 00  

 --- 60-0D Contact Remove Certification Revocation List

2026/9/14 10:26:43.664 [TX] - 56 69 56 4F 74 65 63 68 32 00 60 0D 00 09 A0 00 00 00 03 50 01 44 55 9B EB 
2026/9/14 10:26:43.672 [RX] - 56 69 56 4F 74 65 63 68 32 00 60 60 00 00 A6 5E 00 00 00 00 00 00 00 00 00 00 00 00 00 00 00 00 00 00 00 00 00 00 00 00 00 00 00 00 00 00 00 00 00 00 00 00 00 00 00 00 00 00 00 00 00 00 00  

 --- 60-0C Contact Retrieve Certification Revocation List

2026/9/14 10:26:43.846 [TX] - 56 69 56 4F 74 65 63 68 32 00 60 0C 00 00 54 48 
2026/9/14 10:26:43.856 [RX] - 56 69 56 4F 74 65 63 68 32 00 60 60 00 00 A6 5E 00 00 00 00 00 00 00 00 00 00 00 00 00 00 00 00 00 00 00 00 00 00 00 00 00 00 00 00 00 00 00 00 00 00 00 00 00 00 00 00 00 00 00 00 00 00 00  

 Result = PASSED
 ---------- END OF TEST ----------

 Result = PASSED
 

 MASTER RESULT = PASSED


Docklight Log File (HEX) - Stopped 2026/9/14 10:26:44.995 

