Docklight Log File (HEX) - Started 2026/8/7 11:53:19.157 
 TEST CASE: AC023

 --- Set POS COM PORT Settings
 Set POS COM PORT...
 POS operating on COM14 @ 115200 baud...
 Set POS COM PORT - COMPLETE

 --- Burst Off

2026/8/7 11:53:29.290 [TX] - 56 69 56 4F 74 65 63 68 32 00 04 00 00 05 DF EE 7E 01 00 60 1E 
2026/8/7 11:53:29.350 [RX] - 56 69 56 4F 74 65 63 68 32 00 04 00 00 00 AE 16  

 --- Poll on Demand

2026/8/7 11:53:29.372 [TX] - 56 69 56 4F 74 65 63 68 32 00 01 01 00 01 01 D7 34 
2026/8/7 11:53:29.387 [RX] - 56 69 56 4F 74 65 63 68 32 00 01 00 00 00 12 53  

 --- Set group B0 (9F66 = 80 00 40 00)

2026/8/7 11:53:29.400 [TX] - 56 69 56 4F 74 65 63 68 32 00 04 03 00 94 DF EE 2D 01 B0 9C 01 00 5F 2A 02 08 40 5F 36 01 02 9F 02 06 00 00 00 00 02 00 9F 03 06 00 00 00 00 00 00 9F 09 02 01 00 9F 1A 02 08 40 9F 1B 04 00 00 00 00 9F 33 03 00 08 08 9F 35 01 25 9F 66 04 80 00 40 00 DF EE 74 01 03 DF EE 34 06 00 00 00 03 00 00 DF EE 35 03 03 07 01 DF 81 26 06 00 00 00 00 20 00 DF 81 22 05 FC E0 9C F8 00 DF 81 20 05 DC 00 00 20 00 DF 81 21 05 01 10 00 00 00 DF 81 23 06 00 00 00 00 00 00 DF 81 24 06 00 00 00 03 00 00 32 0E 
2026/8/7 11:53:29.468 [RX] - 56 69 56 4F 74 65 63 68 32 00 04 00 00 00 AE 16  

 --- Activate Transaction (02-40)

2026/8/7 11:53:45.241 [TX] - 56 69 56 4F 74 65 63 68 32 00 02 40 00 15 0A 9F 02 06 00 00 00 00 10 00 9A 03 07 11 21 9F 21 03 10 15 20 5E 34 
2026/8/7 11:53:45.270 [RX] - 56 69 56 4F 74 65 63 68 32 00 02 63 00 00 4B B4 56 69 56 4F 74 65 63 68 32 00 02 23 01 B8 21 DF EE 26 02 21 00 DF 81 29 08 30 F0 F0 F0 A0 F0 FF 00 FF 81 05 82 01 54 4F 07 A0 00 00 01 52 30 10 50 0E 44 69 6E 65 72 73 20 43 6C 75 62 20 30 31 56 41 42 33 36 30 37 30 35 30 30 30 30 30 30 30 30 31 34 5E 54 45 53 54 20 43 41 52 44 2F 4D 53 20 20 20 20 20 20 20 20 20 20 20 20 20 20 5E 34 39 31 32 31 30 31 31 30 30 30 33 33 32 31 31 32 33 30 31 57 12 36 07 05 00 00 00 00 1D 49 12 10 10 00 03 32 11 23 01 5A 08 36 07 05 00 00 00 00 1F 5F 25 03 10 12 01 5F 28 02 08 40 5F 2A 02 08 40 5F 2D 06 65 6E 65 73 66 72 5F 34 01 01 82 02 19 00 84 07 A0 00 00 01 52 30 10 8F 01 01 95 05 24 A0 00 80 00 9A 03 07 11 21 9B 02 88 00 9C 01 00 9F 02 06 00 00 00 00 10 00 9F 03 06 00 00 00 00 00 00 9F 06 07 A0 00 00 01 52 30 10 9F 07 02 FF 00 9F 09 02 01 00 9F 10 0A 01 15 00 00 00 00 00 00 00 00 9F 11 01 01 9F 12 04 46 49 4D 45 9F 1A 02 08 40 9F 1E 08 56 50 36 33 32 35 32 30 9F 21 03 10 15 20 9F 27 01 40 9F 2A 01 06 9F 33 03 00 08 08 9F 34 03 3F 00 00 9F 35 01 25 9F 36 02 00 01 9F 37 04 1C B1 17 28 9F 39 01 07 9F 41 04 00 00 00 01 9F 53 08 00 00 00 00 00 00 00 00 9F 66 04 80 80 40 00 9F 71 02 00 40 DF 81 16  

 ---------- END OF TEST ----------

 Result = PASSED
16 1B 04 00 00 00 00 00 00 00 00 00 00 00 00 00 00 00 00 00 00 00 00 96 08 06 00 00 00 00 00 00 00 DF EE 4C 01 0D DF EC 1C 1E 08 03 00 04 FF 00 1B 04 

Docklight Log File (HEX) - Stopped 2026/8/7 11:53:47.444 

