Docklight Log File (HEX) - Started 2026/10/7 09:03:53.863 
 TEST CASE: SGP020

 --- Set POS COM PORT Settings
 Set POS COM PORT...
 POS operating on COM90 @ 115200 baud...
 Set POS COM PORT - COMPLETE

 --- 04-00 set DFED5A as default

2026/10/7 09:03:55.035 [TX] - 56 69 56 4F 74 65 63 68 32 00 04 00 00 0C DF ED 5A 08 00 00 80 00 00 00 00 00 EC EE 
2026/10/7 09:03:55.089 [RX] - 56 69 56 4F 74 65 63 68 32 00 04 00 00 00  OK AE 16 00 00 00 00 00 00 00 00 00 00 00 00 00 00 00 00 00 00 00 00 00 00 00 00 00 00 00 00 00 00 00 00 00 00 00 00 00 00 00 00 00 00 00 00 00 00 00  

 --- Reboot via cmd 77-05

2026/10/7 09:03:55.302 [TX] - 56 69 56 4F 74 65 63 68 32 00 77 05 00 00 4F 9C 
2026/10/7 09:03:55.311 [RX] - 56 69 56 4F 74 65 63 68 32 00 77 00 00 00  OK 77 BF 00 00 00 00 00 00 00 00 00 00 00 00 00 00 00 00 00 00 00 00 00 00 00 00 00 00 00 00 00 00 00 00 00 00 00 00 00 00 00 00 00 00 00 00 00 00 00  

 --- 04-00 set DFED5A as Mute bootup beep

2026/10/7 09:04:26.761 [TX] - 56 69 56 4F 74 65 63 68 32 00 04 00 00 0C DF ED 5A 08 00 00 82 00 00 00 00 00 AC 65 
2026/10/7 09:04:26.818 [RX] - 56 69 56 4F 74 65 63 68 32 00 04 00 00 00  OK AE 16 00 00 00 00 00 00 00 00 00 00 00 00 00 00 00 00 00 00 00 00 00 00 00 00 00 00 00 00 00 00 00 00 00 00 00 00 00 00 00 00 00 00 00 00 00 00 00  

 --- Reboot via cmd 77-05

2026/10/7 09:04:27.036 [TX] - 56 69 56 4F 74 65 63 68 32 00 77 05 00 00 4F 9C 
2026/10/7 09:04:27.042 [RX] - 56 69 56 4F 74 65 63 68 32 00 77 00 00 00  OK 77 BF 00 00 00 00 00 00 00 00 00 00 00 00 00 00 00 00 00 00 00 00 00 00 00 00 00 00 00 00 00 00 00 00 00 00 00 00 00 00 00 00 00 00 00 00 00 00 00  

 --- 04-00 set DFED5A as default

2026/10/7 09:04:49.823 [TX] - 56 69 56 4F 74 65 63 68 32 00 04 00 00 0C DF ED 5A 08 00 00 80 00 00 00 00 00 EC EE 
2026/10/7 09:04:49.878 [RX] - 56 69 56 4F 74 65 63 68 32 00 04 00 00 00  OK AE 16 00 00 00 00 00 00 00 00 00 00 00 00 00 00 00 00 00 00 00 00 00 00 00 00 00 00 00 00 00 00 00 00 00 00 00 00 00 00 00 00 00 00 00 00 00 00 00  

 ---------- END OF TEST ----------

 Result = PASSED
 

 MASTER RESULT = PASSED


Docklight Log File (HEX) - Stopped 2026/10/7 09:04:51.218 

