Docklight Log File (HEX) - Started 2026/10/6 14:27:05.614 
 TEST CASE: CR035-1

 --- Set POS COM PORT Settings
 Set POS COM PORT...
 POS operating on COM90 @ 115200 baud...
 Set POS COM PORT - COMPLETE

 --- PassThrough: START

2026/10/6 14:27:07.858 [TX] - 56 69 56 4F 74 65 63 68 32 00 2C 01 00 01 01 19 1D 
2026/10/6 14:27:07.870 [RX] - 56 69 56 4F 74 65 63 68 32 00 2C 00 00 00 1C 9B 00 00 00 00 00 00 00 00 00 00 00 00 00 00 00 00 00 00 00 00 00 00 00 00 00 00 00 00 00 00 00 00 00 00 00 00 00 00 00 00 00 00 00 00 00 00 00  

 --- Get ATR (SAM 1)

2026/10/6 14:27:07.892 [TX] - 56 69 56 4F 74 65 63 68 32 00 2C 12 00 01 21 00 B9 
2026/10/6 14:27:07.966 [RX] - 56 69 56 4F 74 65 63 68 32 00 2C 00 00 12 3B F8 13 00 00 81 31 FE 45 4A 43 4F 50 76 32 34 31 B7 1C 4B 00 00 00 00 00 00 00 00 00 00 00 00 00 00 00 00 00 00 00 00 00 00 00 00 00 00 00 00 00  

 --- Exchange APDU Data -- 1 PAY (SAM 1)

2026/10/6 14:27:07.988 [TX] - 56 69 56 4F 74 65 63 68 32 00 2C 13 00 14 21 00 A4 04 00 0E 31 50 41 59 2E 53 59 53 2E 44 44 46 30 31 C2 D8 
2026/10/6 14:27:08.014 [RX] - 56 69 56 4F 74 65 63 68 32 00 2C 00 00 02 6A 82 4F 87 00 00 00 00 00 00 00 00 00 00 00 00 00 00 00 00 00 00 00 00 00 00 00 00 00 00 00 00 00 00 00 00 00 00 00 00 00 00 00 00 00 00 00 00 00  

 --- Contact Power Off (SAM 1)

2026/10/6 14:27:08.036 [TX] - 56 69 56 4F 74 65 63 68 32 00 2C 18 00 01 21 AB D1 
2026/10/6 14:27:08.052 [RX] - 56 69 56 4F 74 65 63 68 32 00 2C 00 00 00 1C 9B 00 00 00 00 00 00 00 00 00 00 00 00 00 00 00 00 00 00 00 00 00 00 00 00 00 00 00 00 00 00 00 00 00 00 00 00 00 00 00 00 00 00 00 00 00 00 00  

 --- Get ATR (SAM 2)

2026/10/6 14:27:08.072 [TX] - 56 69 56 4F 74 65 63 68 32 00 2C 12 00 01 22 63 89 
2026/10/6 14:27:08.146 [RX] - 56 69 56 4F 74 65 63 68 32 00 2C 00 00 12 3B F8 13 00 00 81 31 FE 45 4A 43 4F 50 76 32 34 31 B7 1C 4B 00 00 00 00 00 00 00 00 00 00 00 00 00 00 00 00 00 00 00 00 00 00 00 00 00 00 00 00 00  

 --- Exchange APDU Data -- 1 PAY (SAM 2)

2026/10/6 14:27:08.166 [TX] - 56 69 56 4F 74 65 63 68 32 00 2C 13 00 14 22 00 A4 04 00 0E 31 50 41 59 2E 53 59 53 2E 44 44 46 30 31 17 86 
2026/10/6 14:27:08.192 [RX] - 56 69 56 4F 74 65 63 68 32 00 2C 00 00 02 6A 82 4F 87 00 00 00 00 00 00 00 00 00 00 00 00 00 00 00 00 00 00 00 00 00 00 00 00 00 00 00 00 00 00 00 00 00 00 00 00 00 00 00 00 00 00 00 00 00  

 --- Contact Power Off (SAM 2)

2026/10/6 14:27:08.212 [TX] - 56 69 56 4F 74 65 63 68 32 00 2C 18 00 01 22 C8 E1 
2026/10/6 14:27:08.228 [RX] - 56 69 56 4F 74 65 63 68 32 00 2C 00 00 00 1C 9B 00 00 00 00 00 00 00 00 00 00 00 00 00 00 00 00 00 00 00 00 00 00 00 00 00 00 00 00 00 00 00 00 00 00 00 00 00 00 00 00 00 00 00 00 00 00 00  

 --- PassThrough: STOP

2026/10/6 14:27:08.246 [TX] - 56 69 56 4F 74 65 63 68 32 00 2C 01 00 01 00 38 0D 
2026/10/6 14:27:08.259 [RX] - 56 69 56 4F 74 65 63 68 32 00 2C 00 00 00 1C 9B 00 00 00 00 00 00 00 00 00 00 00 00 00 00 00 00 00 00 00 00 00 00 00 00 00 00 00 00 00 00 00 00 00 00 00 00 00 00 00 00 00 00 00 00 00 00 00  

 Result = PASSED
 ---------- END OF TEST ----------

 Result = PASSED
 

 MASTER RESULT = PASSED


Docklight Log File (HEX) - Stopped 2026/10/6 14:27:09.871 

