Docklight Log File (HEX) - Started 2026/9/14 10:28:01.767 
 TEST CASE: CR031

 --- Set POS COM PORT Settings
 Set POS COM PORT...
 POS operating on COM90 @ 115200 baud...
 Set POS COM PORT - COMPLETE

 --- 60-14 Get Contact Reader Status (ICC) *** NEO2

2026/9/14 10:28:07.463 [TX] - 56 69 56 4F 74 65 63 68 32 00 60 14 00 01 20 FB 14 
2026/9/14 10:28:07.472 [RX] - 56 69 56 4F 74 65 63 68 32 00 60 00 00 01 02 C1 8D  YES (Card Seated) 00 00 00 00 00 00 00 00 00 00 00 00 00 00 00 00 00 00 00 00 00 00 00 00 00 00 00 00 00 00 00 00 00 00 00 00 00 00 00 00 00 00 00 00 00 00  

 --- PassThrough: START

2026/9/14 10:28:07.496 [TX] - 56 69 56 4F 74 65 63 68 32 00 2C 01 00 01 01 1D 19 
2026/9/14 10:28:07.510 [RX] - 56 69 56 4F 74 65 63 68 32 00 2C 00  PASS 00 00 1C 9B 00 00 00 00 00 00 00 00 00 00 00 00 00 00 00 00 00 00 00 00 00 00 00 00 00 00 00 00 00 00 00 00 00 00 00 00 00 00 00 00 00 00 00 00 00 00 00  

 --- Get ATR (ICC)

2026/9/14 10:28:07.531 [TX] - 56 69 56 4F 74 65 63 68 32 00 2C 12 00 01 20 21 A9 
2026/9/14 10:28:07.603 [RX] - 56 69 56 4F 74 65 63 68 32 00 2C 00  PASS 00 0D 3B 78 18 00 00 00 73 C8 40 13 00 90 00 07 CB 00 00 00 00 00 00 00 00 00 00 00 00 00 00 00 00 00 00 00 00 00 00 00 00 00 00 00 00 00 00 00 00 00 00  

 --- PassThrough: STOP

2026/9/14 10:28:08.629 [TX] - 56 69 56 4F 74 65 63 68 32 00 2C 01 00 01 00 0D 38 
2026/9/14 10:28:08.641 [RX] - 56 69 56 4F 74 65 63 68 32 00 2C 00  PASS 00 00 1C 9B 00 00 00 00 00 00 00 00 00 00 00 00 00 00 00 00 00 00 00 00 00 00 00 00 00 00 00 00 00 00 00 00 00 00 00 00 00 00 00 00 00 00 00 00 00 00 00  

 --- 60-14 Get Contact Reader Status (ICC)

2026/9/14 10:28:08.665 [TX] - 56 69 56 4F 74 65 63 68 32 00 60 14 00 01 20 FB 14 
2026/9/14 10:28:08.678 [RX] - 56 69 56 4F 74 65 63 68 32 00 60 00 00 01 03 D1 AC  YES (Card Seated/ ICC Powered) 00 00 00 00 00 00 00 00 00 00 00 00 00 00 00 00 00 00 00 00 00 00 00 00 00 00 00 00 00 00 00 00 00 00 00 00 00 00 00 00 00 00 00 00 00 00  

 --- 60-14 Get Contact Reader Status (ICC)

2026/9/14 10:28:12.445 [TX] - 56 69 56 4F 74 65 63 68 32 00 60 14 00 01 20 FB 14 
2026/9/14 10:28:12.454 [RX] - 56 69 56 4F 74 65 63 68 32 00 60 00 00 01 00 E1 CF  NO (Card NOT Seated) 00 00 00 00 00 00 00 00 00 00 00 00 00 00 00 00 00 00 00 00 00 00 00 00 00 00 00 00 00 00 00 00 00 00 00 00 00 00 00 00 00 00 00 00 00 00  

 ---------- END OF TEST ----------

 Result = PASSED


Docklight Log File (HEX) - Stopped 2026/9/14 10:28:12.565 

