Docklight Log File (HEX) - Started 2026/8/28 14:50:07.404 
 TEST CASE: ELST001

 --- Set POS COM PORT Settings
 Set POS COM PORT...
 POS operating on COM90 @ 115200 baud...
 Set POS COM PORT - COMPLETE

 Add an entry to initiate the exception log list

2026/8/28 14:50:08.739 [TX] - 56 69 56 4F 74 65 63 68 32 00 84 09 00 0C 08 47 61 73 90 01 01 00 10 FF FF 01 82 D1 
2026/8/28 14:50:08.774 [RX] - 56 69 56 4F 74 65 63 68 32 00 84 00 00 00 73 2E  PASS !!! 00 00 00 00 00 00 00 00 00 00 00 00 00 00 00 00 00 00 00 00 00 00 00 00 00 00 00 00 00 00 00 00 00 00 00 00 00 00 00 00 00 00 00 00 00 00 00  
--- Delete All Entries from EMV Exception List (84-0B)

2026/8/28 14:50:09.954 [TX] - 56 69 56 4F 74 65 63 68 32 00 84 0B 00 00 DF 83 
2026/8/28 14:50:09.986 [RX] - 56 69 56 4F 74 65 63 68 32 00 84 00 00 00 73 2E  PASS !!! 00 00 00 00 00 00 00 00 00 00 00 00 00 00 00 00 00 00 00 00 00 00 00 00 00 00 00 00 00 00 00 00 00 00 00 00 00 00 00 00 00 00 00 00 00 00 00  

--- Get EMV Exception Log Status (84-08)

2026/8/28 14:50:09.999 [TX] - 56 69 56 4F 74 65 63 68 32 00 84 08 00 00 8F DA 
2026/8/28 14:50:10.007 [RX] - 56 69 56 4F 74 65 63 68 32 00 84 00 00 0C 00 00 00 00 00 00 00 00 00 00 00 0C B7 54 00 00 00 00 00 00 00 00 00 00 00 00 00 00 00 00 00 00 00 00 00 00 00 00 00 00 00 00 00 00 00 00 00 00 00  

--- Get EMV Exception List (84-0C)

2026/8/28 14:50:10.021 [TX] - 56 69 56 4F 74 65 63 68 32 00 84 0C 00 04 40 80 00 00 C5 CA 
2026/8/28 14:50:10.035 [RX] - 56 69 56 4F 74 65 63 68 32 00 84 60 00 00 E8 45 00 00 00 00 00 00 00 00 00 00 00 00 00 00 00 00 00 00 00 00 00 00 00 00 00 00 00 00 00 00 00 00 00 00 00 00 00 00 00 00 00 00 00 00 00 00 00  

--- Add Entry to EMV Exception List (84-09) - EMV Contact V2CA0160100v4.1b

2026/8/28 14:50:10.049 [TX] - 56 69 56 4F 74 65 63 68 32 00 84 09 00 0C 08 47 61 73 90 01 01 00 10 FF FF 01 82 D1 
2026/8/28 14:50:10.100 [RX] - 56 69 56 4F 74 65 63 68 32 00 84 00 00 00 73 2E  PASS !!! 00 00 00 00 00 00 00 00 00 00 00 00 00 00 00 00 00 00 00 00 00 00 00 00 00 00 00 00 00 00 00 00 00 00 00 00 00 00 00 00 00 00 00 00 00 00 00  

--- Get EMV Exception Log Status (84-08)

2026/8/28 14:50:10.111 [TX] - 56 69 56 4F 74 65 63 68 32 00 84 08 00 00 8F DA 
2026/8/28 14:50:10.139 [RX] - 56 69 56 4F 74 65 63 68 32 00 84 00 00 0C 00 00 00 00 00 00 00 01 00 00 00 0C 1D 05 00 00 00 00 00 00 00 00 00 00 00 00 00 00 00 00 00 00 00 00 00 00 00 00 00 00 00 00 00 00 00 00 00 00 00  

--- Get EMV Exception List (84-0C)

2026/8/28 14:50:10.163 [TX] - 56 69 56 4F 74 65 63 68 32 00 84 0C 00 04 40 80 00 00 C5 CA 
2026/8/28 14:50:10.179 [RX] - 56 69 56 4F 74 65 63 68 32 00 84 00 00 18 00 00 00 01 00 00 00 00 00 00 00 0C 08 47 61 73 90 01 01 00 10 FF FF 01 5D 95 00 00 00 00 00 00 00 00 00 00 00 00 00 00 00 00 00 00 00 00 00 00 00  

--- Add Entry to EMV Exception List (84-09) - HSIEN VISA

2026/8/28 14:50:10.202 [TX] - 56 69 56 4F 74 65 63 68 32 00 84 09 00 0C 08 40 05 57 80 00 03 86 63 FF FF 01 67 1D 
2026/8/28 14:50:10.238 [RX] - 56 69 56 4F 74 65 63 68 32 00 84 00 00 00 73 2E  PASS !!! 00 00 00 00 00 00 00 00 00 00 00 00 00 00 00 00 00 00 00 00 00 00 00 00 00 00 00 00 00 00 00 00 00 00 00 00 00 00 00 00 00 00 00 00 00 00 00  

--- Get EMV Exception Log Status (84-08)

2026/8/28 14:50:10.254 [TX] - 56 69 56 4F 74 65 63 68 32 00 84 08 00 00 8F DA 
2026/8/28 14:50:10.259 [RX] - 56 69 56 4F 74 65 63 68 32 00 84 00 00 0C 00 00 00 00 00 00 00 02 00 00 00 0C F3 D7 00 00 00 00 00 00 00 00 00 00 00 00 00 00 00 00 00 00 00 00 00 00 00 00 00 00 00 00 00 00 00 00 00 00 00  

--- Get EMV Exception List (84-0C)

2026/8/28 14:50:10.280 [TX] - 56 69 56 4F 74 65 63 68 32 00 84 0C 00 04 40 80 00 00 C5 CA 
2026/8/28 14:50:10.290 [RX] - 56 69 56 4F 74 65 63 68 32 00 84 00 00 24 00 00 00 02 00 00 00 00 00 00 00 0C 08 40 05 57 80 00 03 86 63 FF FF 01 08 47 61 73 90 01 01 00 10 FF FF 01 71 80 00 00 00 00 00 00 00 00 00 00 00  

--- Add Entry to EMV Exception List (84-09) - CUBIC VISA

2026/8/28 14:50:11.489 [TX] - 56 69 56 4F 74 65 63 68 32 00 84 09 00 0C 08 41 76 66 22 20 00 01 91 FF FF 01 39 2A 
2026/8/28 14:50:11.524 [RX] - 56 69 56 4F 74 65 63 68 32 00 84 00 00 00 73 2E  PASS !!! 00 00 00 00 00 00 00 00 00 00 00 00 00 00 00 00 00 00 00 00 00 00 00 00 00 00 00 00 00 00 00 00 00 00 00 00 00 00 00 00 00 00 00 00 00 00 00  

--- Get EMV Exception Log Status (84-08)

2026/8/28 14:50:11.543 [TX] - 56 69 56 4F 74 65 63 68 32 00 84 08 00 00 8F DA 
2026/8/28 14:50:11.549 [RX] - 56 69 56 4F 74 65 63 68 32 00 84 00 00 0C 00 00 00 00 00 00 00 03 00 00 00 0C 59 86 00 00 00 00 00 00 00 00 00 00 00 00 00 00 00 00 00 00 00 00 00 00 00 00 00 00 00 00 00 00 00 00 00 00 00  

--- Get EMV Exception List (84-0C)

2026/8/28 14:50:11.582 [TX] - 56 69 56 4F 74 65 63 68 32 00 84 0C 00 04 40 80 00 00 C5 CA 
2026/8/28 14:50:11.594 [RX] - 56 69 56 4F 74 65 63 68 32 00 84 00 00 30 00 00 00 03 00 00 00 00 00 00 00 0C 08 40 05 57 80 00 03 86 63 FF FF 01 08 41 76 66 22 20 00 01 91 FF FF 01 08 47 61 73 90 01 01 00 10 FF FF 01 DA E9 00 00 00 00 00 00 00 00 00 00 00 00 00 00 00 00 00 00 00 00 00 00 00 00 00 00 00 00 00 00 00 00 00 00 00 00 00 00 00 00 00 00 00 00 00 00 00 00 00 00 00 00 00 00 00 00 00 00 00 00 00 00  

--- Delete Entry from EMV Exception List (84-0A) - HSIEN VISA

2026/8/28 14:50:12.789 [TX] - 56 69 56 4F 74 65 63 68 32 00 84 0A 00 0C 08 40 05 57 80 00 03 86 63 FF FF 01 42 FE 
2026/8/28 14:50:12.823 [RX] - 56 69 56 4F 74 65 63 68 32 00 84 00 00 00 73 2E  PASS !!! 00 00 00 00 00 00 00 00 00 00 00 00 00 00 00 00 00 00 00 00 00 00 00 00 00 00 00 00 00 00 00 00 00 00 00 00 00 00 00 00 00 00 00 00 00 00 00  

--- Get EMV Exception Log Status (84-08)

2026/8/28 14:50:12.843 [TX] - 56 69 56 4F 74 65 63 68 32 00 84 08 00 00 8F DA 
2026/8/28 14:50:12.848 [RX] - 56 69 56 4F 74 65 63 68 32 00 84 00 00 0C 00 00 00 00 00 00 00 02 00 00 00 0C F3 D7 00 00 00 00 00 00 00 00 00 00 00 00 00 00 00 00 00 00 00 00 00 00 00 00 00 00 00 00 00 00 00 00 00 00 00  

--- Get EMV Exception List (84-0C)

2026/8/28 14:50:12.882 [TX] - 56 69 56 4F 74 65 63 68 32 00 84 0C 00 04 40 80 00 00 C5 CA 
2026/8/28 14:50:12.893 [RX] - 56 69 56 4F 74 65 63 68 32 00 84 00 00 24 00 00 00 02 00 00 00 00 00 00 00 0C 08 41 76 66 22 20 00 01 91 FF FF 01 08 47 61 73 90 01 01 00 10 FF FF 01 62 A9 00 00 00 00 00 00 00 00 00 00 00  

--- Delete Entry from EMV Exception List (84-0A) - CUBIC VISA

2026/8/28 14:50:14.104 [TX] - 56 69 56 4F 74 65 63 68 32 00 84 0A 00 0C 08 41 76 66 22 20 00 01 91 FF FF 01 1C C9 
2026/8/28 14:50:14.168 [RX] - 56 69 56 4F 74 65 63 68 32 00 84 00 00 00 73 2E  PASS !!! 00 00 00 00 00 00 00 00 00 00 00 00 00 00 00 00 00 00 00 00 00 00 00 00 00 00 00 00 00 00 00 00 00 00 00 00 00 00 00 00 00 00 00 00 00 00 00  

--- Get EMV Exception Log Status (84-08)

2026/8/28 14:50:14.187 [TX] - 56 69 56 4F 74 65 63 68 32 00 84 08 00 00 8F DA 
2026/8/28 14:50:14.193 [RX] - 56 69 56 4F 74 65 63 68 32 00 84 00 00 0C 00 00 00 00 00 00 00 01 00 00 00 0C 1D 05 00 00 00 00 00 00 00 00 00 00 00 00 00 00 00 00 00 00 00 00 00 00 00 00 00 00 00 00 00 00 00 00 00 00 00  

--- Get EMV Exception List (84-0C)

2026/8/28 14:50:14.212 [TX] - 56 69 56 4F 74 65 63 68 32 00 84 0C 00 04 40 80 00 00 C5 CA 
2026/8/28 14:50:14.222 [RX] - 56 69 56 4F 74 65 63 68 32 00 84 00 00 18 00 00 00 01 00 00 00 00 00 00 00 0C 08 47 61 73 90 01 01 00 10 FF FF 01 5D 95 00 00 00 00 00 00 00 00 00 00 00 00 00 00 00 00 00 00 00 00 00 00 00  

--- Delete Entry from EMV Exception List (84-0A) - EMV Contact V2CA0160100v4.1b

2026/8/28 14:50:14.246 [TX] - 56 69 56 4F 74 65 63 68 32 00 84 0A 00 0C 08 47 61 73 90 01 01 00 10 FF FF 01 A7 32 
2026/8/28 14:50:14.281 [RX] - 56 69 56 4F 74 65 63 68 32 00 84 00 00 00 73 2E  PASS !!! 00 00 00 00 00 00 00 00 00 00 00 00 00 00 00 00 00 00 00 00 00 00 00 00 00 00 00 00 00 00 00 00 00 00 00 00 00 00 00 00 00 00 00 00 00 00 00  

--- Get EMV Exception Log Status (84-08)

2026/8/28 14:50:14.300 [TX] - 56 69 56 4F 74 65 63 68 32 00 84 08 00 00 8F DA 
2026/8/28 14:50:14.314 [RX] - 56 69 56 4F 74 65 63 68 32 00 84 00 00 0C 00 00 00 00 00 00 00 00 00 00 00 0C B7 54 00 00 00 00 00 00 00 00 00 00 00 00 00 00 00 00 00 00 00 00 00 00 00 00 00 00 00 00 00 00 00 00 00 00 00  

--- Get EMV Exception List (84-0C)

2026/8/28 14:50:14.341 [TX] - 56 69 56 4F 74 65 63 68 32 00 84 0C 00 04 40 80 00 00 C5 CA 
2026/8/28 14:50:14.347 [RX] - 56 69 56 4F 74 65 63 68 32 00 84 60 00 00 E8 45 00 00 00 00 00 00 00 00 00 00 00 00 00 00 00 00 00 00 00 00 00 00 00 00 00 00 00 00 00 00 00 00 00 00 00 00 00 00 00 00 00 00 00 00 00 00 00  

 ---------- END OF TEST ----------

 Result = PASSED


Docklight Log File (HEX) - Stopped 2026/8/28 14:50:14.444 

