Docklight Log File (HEX) - Started 2026/9/14 13:52:53.206 
 TEST CASE: CR801

 --- Set POS COM PORT Settings
 Set POS COM PORT...
 POS operating on COM90 @ 115200 baud...
 Set POS COM PORT - COMPLETE

 --- Set default config

2026/9/14 13:52:54.376 [TX] - 56 69 56 4F 74 65 63 68 32 00 04 09 00 00 87 30 
2026/9/14 13:52:55.281 [RX] - 56 69 56 4F 74 65 63 68 32 00 04 00 00 00 AE 16 00 00 00 00 00 00 00 00 00 00 00 00 00 00 00 00 00 00 00 00 00 00 00 00 00 00 00 00 00 00 00 00 00 00 00 00 00 00 00 00 00 00 00 00 00 00 00  

 --- Poll on Demand

2026/9/14 13:52:55.819 [TX] - 56 69 56 4F 74 65 63 68 32 00 01 01 00 01 01 D7 34 
2026/9/14 13:52:55.831 [RX] - 56 69 56 4F 74 65 63 68 32 00 01 00 00 00 12 53 00 00 00 00 00 00 00 00 00 00 00 00 00 00 00 00 00 00 00 00 00 00 00 00 00 00 00 00 00 00 00 00 00 00 00 00 00 00 00 00 00 00 00 00 00 00 00  

 --- Burst Off

2026/9/14 13:52:56.363 [TX] - 56 69 56 4F 74 65 63 68 32 00 04 00 00 05 DF EE 7E 01 00 60 1E 
2026/9/14 13:52:56.423 [RX] - 56 69 56 4F 74 65 63 68 32 00 04 00 00 00 AE 16 00 00 00 00 00 00 00 00 00 00 00 00 00 00 00 00 00 00 00 00 00 00 00 00 00 00 00 00 00 00 00 00 00 00 00 00 00 00 00 00 00 00 00 00 00 00 00  

 --- 60-16 Contact Set ICS Identification (04)

2026/9/14 13:52:56.955 [TX] - 56 69 56 4F 74 65 63 68 32 00 60 16 00 01 04 75 9D 
2026/9/14 13:52:56.977 [RX] - 56 69 56 4F 74 65 63 68 32 00 60 00 00 00 3D 35 00 00 00 00 00 00 00 00 00 00 00 00 00 00 00 00 00 00 00 00 00 00 00 00 00 00 00 00 00 00 00 00 00 00 00 00 00 00 00 00 00 00 00 00 00 00 00  

 --- 60-03 default

2026/9/14 13:52:57.504 [TX] - 56 69 56 4F 74 65 63 68 32 00 60 03 00 65 07 00 A0 00 00 00 03 10 10 0F 00 9F 01 06 56 49 53 41 30 30 5F 57 01 00 5F 2A 02 08 40 9F 09 02 00 96 5F 36 01 02 9F 1B 04 00 00 3A 98 DF 25 03 9F 37 04 DF 28 03 9F 08 02 DF EE 15 01 01 DF 13 05 00 00 00 00 00 DF 14 05 00 00 00 00 00 DF 15 05 00 00 00 00 00 DF 18 01 00 DF 17 04 00 00 27 10 DF 19 01 00 F3 97 
2026/9/14 13:52:57.535 [RX] - 56 69 56 4F 74 65 63 68 32 00 60 00 00 00 3D 35 00 00 00 00 00 00 00 00 00 00 00 00 00 00 00 00 00 00 00 00 00 00 00 00 00 00 00 00 00 00 00 00 00 00 00 00 00 00 00 00 00 00 00 00 00 00 00  

 --- 60-06 default

2026/9/14 13:52:58.065 [TX] - 56 69 56 4F 74 65 63 68 32 00 60 06 00 C8 18 00 5F 36 01 02 9F 1A 02 08 40 9F 35 01 25 9F 33 03 60 08 C8 9F 40 05 60 00 F0 50 01 9F 1E 08 54 65 72 6D 69 6E 61 6C 9F 15 02 12 34 9F 16 0F 30 30 30 30 30 30 30 30 30 30 30 30 30 30 30 9F 1C 08 38 37 36 35 34 33 32 31 9F 4E 22 31 30 37 32 31 20 57 61 6C 6B 65 72 20 53 74 2E 20 43 79 70 72 65 73 73 2C 20 43 41 20 2C 55 53 41 2E DF 26 01 01 DF 10 08 65 6E 66 72 65 73 7A 68 DF 11 01 01 DF 27 01 00 DF EE 15 01 01 DF EE 16 01 00 DF EE 17 01 05 DF EE 18 01 80 DF EE 1E 08 D0 9C 20 F0 C2 0E 14 00 DF EE 1F 01 80 DF EE 1B 08 30 30 30 31 30 35 30 30 DF EE 20 01 3C DF EE 21 01 0A DF EE 22 03 32 3C 3C D4 28 
2026/9/14 13:52:58.091 [RX] - 56 69 56 4F 74 65 63 68 32 00 60 00 00 00 3D 35 00 00 00 00 00 00 00 00 00 00 00 00 00 00 00 00 00 00 00 00 00 00 00 00 00 00 00 00 00 00 00 00 00 00 00 00 00 00 00 00 00 00 00 00 00 00 00  

 --- 60-0A default

2026/9/14 13:52:58.615 [TX] - 56 69 56 4F 74 65 63 68 32 00 60 0A 00 92 A0 00 00 99 99 E1 01 01 F8 70 7B 9B ED F0 31 E5 8A 9F 84 36 31 B9 0C 90 D8 0E D6 95 00 00 00 03 70 00 99 C5 B7 0A A6 1B 4F 4C 51 B6 F9 0B 0E 3B FB 7A 3E E0 E7 DB 41 BC 46 68 88 B3 EC 8E 99 77 C7 62 40 7E F1 D7 9E 0A FB 28 23 10 0A 02 0C 3E 80 20 59 3D B5 0E 90 DB EA C1 8B 78 D1 3F 96 BB 2F 57 EE DD C3 0F 25 65 92 41 7C DF 73 9C A6 80 4A 10 A2 9D 28 06 E7 74 BF A7 51 F2 2C F3 B6 5B 38 F3 7F 91 B4 DA F8 AE C9 B8 03 F7 61 0E 06 AC 9E 6B 8C E0 
2026/9/14 13:52:58.630 [RX] - 56 69 56 4F 74 65 63 68 32 00 60 00 00 00 3D 35 00 00 00 00 00 00 00 00 00 00 00 00 00 00 00 00 00 00 00 00 00 00 00 00 00 00 00 00 00 00 00 00 00 00 00 00 00 00 00 00 00 00 00 00 00 00 00  

 --- 60-03 Load A0000000041010

2026/9/14 13:52:59.162 [TX] - 56 69 56 4F 74 65 63 68 32 00 60 03 00 65 07 00 A0 00 00 00 04 10 10 0F 00 9F 01 06 56 49 53 41 30 30 5F 57 01 00 5F 2A 02 08 40 9F 09 02 00 02 5F 36 01 02 9F 1B 04 00 00 3A 98 DF 25 03 9F 37 04 DF 28 03 9F 08 02 DF EE 15 01 01 DF 13 05 00 00 00 00 00 DF 14 05 00 00 00 00 00 DF 15 05 40 00 00 00 00 DF 18 01 00 DF 17 04 00 00 27 10 DF 19 01 00 40 97 
2026/9/14 13:52:59.194 [RX] - 56 69 56 4F 74 65 63 68 32 00 60 00 00 00 3D 35 00 00 00 00 00 00 00 00 00 00 00 00 00 00 00 00 00 00 00 00 00 00 00 00 00 00 00 00 00 00 00 00 00 00 00 00 00 00 00 00 00 00 00 00 00 00 00  

 --- 60-10

2026/9/14 13:53:00.542 [TX] - 56 69 56 4F 74 65 63 68 32 00 60 10 00 1A 01 00 0A 00 0A 9C 01 00 9F 02 06 00 00 00 00 15 00 9F 03 06 00 00 00 00 00 00 93 0E 
2026/9/14 13:53:00.578 [RX] - 56 69 56 4F 74 65 63 68 32 00 60 63 00 00 FF 0E 00 00 00 00 00 00 00 00 00 00 00 00 00 00 00 00 00 00 00 00 00 00 00 00 00 00 00 00 00 00 00 00 00 00 00 00 00 00 00 00 00 00 00 00 00 00 00 56 69 56 4F 74 65 63 68 32 00 61 01 00 10 03 00 00 02 00 45 4E 03 00 82 0B 1C 02 00 00 60 80 ED 00 00 00 00 00 00 00 00 00 00 00 00 00 00 00 00 00 00 00 00 00 00 00 00 00 00 00 00 00 00 00 56 69 56 4F 74 65 63 68 32 00 61 01 00 1A 04 00 00 02 00 45 4E 0D 00 84 01 1C 04 24 1C 04 31 35 2E 30 30 1C 02 00 F4 21 A8 E7 00 00 00 00 00 00 00 00 00 00 00 00 00 00 00 00 00 00 00 00 00 56 69 56 4F 74 65 63 68 32 00 61 01 00 10 03 00 00 02 00 45 4E 03 00 82 11 1C 02 00 F4 21 9B 8B 00 00 00 00 00 00 00 00 00 00 00 00 00 00 00 00 00 00 00 00 00 00 00 00 00 00 00 00 00 00 00 56 69 56 4F 74 65 63 68 32 00 61 01 00 10 03 00 00 02 00 45 4E 03 00 82 1A 1C 02 00 F4 21 58 29 00 00 00 00 00 00 00 00 00 00 00 00 00 00 00 00 00 00 00 00 00 00 00 00 00 00 00 00 00 00 00 56 69 56 4F 74 65 63 68 32 00 60 00 00 E2 E0 DF EE 26 02 E0 00 DF EE 12 0A FF FF 98 76 54 32 11 00 01 3E DF EE 25 02 00 10 57 A1 11 54 13 CC CC CC CC 90 49 D2 51 2C CC CC CC CC CC CC 57 C1 18 8A F4 65 02 90 28 5F A5 48 D4 FE E8 1E 36 19 D9 1A F5 37 91 3A 74 3C E5 5A A1 08 54 13 CC CC CC CC 90 49 5A C1 10 29 A3 EA 1D B5 2B 2C 95 60 09 D0 26 16 16 81 39 5F 34 01 12 5F 20 16 4D 54 49 50 31 32 2D 33 20 55 53 4D 41 45 53 54 52 4F 20 31 34 41 5F 24 03 25 12 31 9F 1E 08 35 54 31 37 30 36 30 35 9F 1F 00 9F 20 C1 08 01 78 CA AE 77 D9 F2 35 5F 25 03 04 01 01 5F 2D 06 65 6E 64 65 66 72 50 0A 4D 41 53 54 45 52 43 41 52 44 4F 00 84 07 A0 00 00 00 04 10 10  Tag 84 DF EE 23 00 9F 39 01 05 9F 53 00 DF 4F 00 FF EE 01 05 DF EE 30 01 01 21 1E 00 00 00 00 00 00 00 00 00 00 
2026/9/14 13:53:04.505 [TX] - 56 69 56 4F 74 65 63 68 32 00 05 01 00 00 92 EF 
2026/9/14 13:53:04.530 [RX] - 56 69 56 4F 74 65 63 68 32 00 61 01 00 10 03 00 00 02 00 45 4E 03 00 82 21 1C 02 00 F4 21 B4 07 00 00 00 00 00 00 00 00 00 00 00 00 00 00 00 00 00 00 00 00 00 00 00 00 00 00 00 00 00 00 00 56 69 56 4F 74 65 63 68 32 00 61 01 00 10 03 00 00 02 00 45 4E 03 00 82 23 1C 02 00 00 20 F0 63 00 00 00 00 00 00 00 00 00 00 00 00 00 00 00 00 00 00 00 00 00 00 00 00 00 00 00 00 00 00 00 56 69 56 4F 74 65 63 68 32 00 05 00 00 00 D8 A2 00 00 00 00 00 00 00 00 00 00 00 00 00 00 00 00 00 00 00 00 00 00 00 00 00 00 00 00 00 00 00 00 00 00 00 00 00 00 00 00 00 00 00 00 00 00 00  

 --- 60-16 =1C

2026/9/14 13:53:07.805 [TX] - 56 69 56 4F 74 65 63 68 32 00 60 16 00 01 01 D0 CD 
2026/9/14 13:53:07.905 [RX] - 56 69 56 4F 74 65 63 68 32 00 60 00 00 00 3D 35 00 00 00 00 00 00 00 00 00 00 00 00 00 00 00 00 00 00 00 00 00 00 00 00 00 00 00 00 00 00 00 00 00 00 00 00 00 00 00 00 00 00 00 00 00 00 00  

 --- 60-06 =1C, DFED48=02

2026/9/14 13:53:08.448 [TX] - 56 69 56 4F 74 65 63 68 32 00 60 06 00 C7 19 00 5F 36 01 02 9F 1A 02 08 40 9F 35 01 22 9F 33 03 60 F8 C8 9F 40 05 F0 00 F0 A0 01 9F 1E 08 54 65 72 6D 69 6E 61 6C 9F 15 02 12 34 9F 16 0F 30 30 30 30 30 30 30 30 30 30 30 30 30 30 30 9F 1C 08 38 37 36 35 34 33 32 31 9F 4E 22 31 30 37 32 31 20 57 61 6C 6B 65 72 20 53 74 2E 20 43 79 70 72 65 73 73 2C 20 43 41 20 2C 55 53 41 2E DF 26 01 01 DF 10 02 65 6E DF 11 01 01 DF 27 01 00 DF EE 15 01 01 DF EE 16 01 00 DF EE 17 01 05 DF EE 18 01 80 DF EE 1E 08 F0 DC 3C F0 C2 9E 96 00 DF EE 1F 01 FF DF EE 1B 08 30 30 FF 30 31 FF 35 31 DF EE 20 01 0A DF EE 21 01 0A DF EE 22 03 03 3C 3C DF ED 48 01 02 C9 6C 
2026/9/14 13:53:08.474 [RX] - 56 69 56 4F 74 65 63 68 32 00 60 00 00 00 3D 35 00 00 00 00 00 00 00 00 00 00 00 00 00 00 00 00 00 00 00 00 00 00 00 00 00 00 00 00 00 00 00 00 00 00 00 00 00 00 00 00 00 00 00 00 00 00 00  

 --- 60-02 Remove Application Data

2026/9/14 13:53:09.010 [TX] - 56 69 56 4F 74 65 63 68 32 00 60 02 00 00 55 53 
2026/9/14 13:53:09.060 [RX] - 56 69 56 4F 74 65 63 68 32 00 60 00 00 00 3D 35 00 00 00 00 00 00 00 00 00 00 00 00 00 00 00 00 00 00 00 00 00 00 00 00 00 00 00 00 00 00 00 00 00 00 00 00 00 00 00 00 00 00 00 00 00 00 00  

 --- 60-03 Load A0000000041010

2026/9/14 13:53:09.604 [TX] - 56 69 56 4F 74 65 63 68 32 00 60 03 00 65 07 00 A0 00 00 00 04 10 10 0F 00 9F 01 06 56 49 53 41 30 30 5F 57 01 00 5F 2A 02 08 40 9F 09 02 00 02 5F 36 01 02 9F 1B 04 00 00 3A 98 DF 25 03 9F 37 04 DF 28 03 9F 08 02 DF EE 15 01 01 DF 13 05 00 00 00 00 00 DF 14 05 00 00 00 00 00 DF 15 05 40 00 00 00 00 DF 18 01 00 DF 17 04 00 00 27 10 DF 19 01 00 40 97 
2026/9/14 13:53:09.636 [RX] - 56 69 56 4F 74 65 63 68 32 00 60 00 00 00 3D 35 00 00 00 00 00 00 00 00 00 00 00 00 00 00 00 00 00 00 00 00 00 00 00 00 00 00 00 00 00 00 00 00 00 00 00 00 00 00 00 00 00 00 00 00 00 00 00  

 --- 60-03 Load A0000000042203

2026/9/14 13:53:10.166 [TX] - 56 69 56 4F 74 65 63 68 32 00 60 03 00 65 07 00 A0 00 00 00 04 22 03 0F 00 9F 01 06 56 49 53 41 30 30 5F 57 01 00 5F 2A 02 08 40 9F 09 02 00 02 5F 36 01 02 9F 1B 04 00 00 3A 98 DF 25 03 9F 37 04 DF 28 03 9F 08 02 DF EE 15 01 01 DF 13 05 00 00 00 00 00 DF 14 05 00 00 00 00 00 DF 15 05 40 00 00 00 00 DF 18 01 00 DF 17 04 00 00 27 10 DF 19 01 00 41 F6 
2026/9/14 13:53:10.199 [RX] - 56 69 56 4F 74 65 63 68 32 00 60 00 00 00 3D 35 00 00 00 00 00 00 00 00 00 00 00 00 00 00 00 00 00 00 00 00 00 00 00 00 00 00 00 00 00 00 00 00 00 00 00 00 00 00 00 00 00 00 00 00 00 00 00  

 --- 60-10

2026/9/14 13:53:11.534 [TX] - 56 69 56 4F 74 65 63 68 32 00 60 10 00 1A 01 00 0A 00 0A 9C 01 00 9F 02 06 00 00 00 00 15 00 9F 03 06 00 00 00 00 00 00 93 0E 
2026/9/14 13:53:11.570 [RX] - 56 69 56 4F 74 65 63 68 32 00 60 63 00 00 FF 0E 00 00 00 00 00 00 00 00 00 00 00 00 00 00 00 00 00 00 00 00 00 00 00 00 00 00 00 00 00 00 00 00 00 00 00 00 00 00 00 00 00 00 00 00 00 00 00 56 69 56 4F 74 65 63 68 32 00 61 01 00 10 03 00 00 02 00 45 4E 03 00 82 0B 1C 02 00 00 60 80 ED 00 00 00 00 00 00 00 00 00 00 00 00 00 00 00 00 00 00 00 00 00 00 00 00 00 00 00 00 00 00 00 56 69 56 4F 74 65 63 68 32 00 61 01 00 1A 04 00 00 02 00 45 4E 0D 00 84 01 1C 04 24 1C 04 31 35 2E 30 30 1C 02 00 F4 21 A8 E7 00 00 00 00 00 00 00 00 00 00 00 00 00 00 00 00 00 00 00 00 00 56 69 56 4F 74 65 63 68 32 00 61 01 00 10 03 00 00 02 00 45 4E 03 00 82 11 1C 02 00 F4 21 9B 8B 00 00 00 00 00 00 00 00 00 00 00 00 00 00 00 00 00 00 00 00 00 00 00 00 00 00 00 00 00 00 00 56 69 56 4F 74 65 63 68 32 00 61 01 00 10 03 00 00 02 00 45 4E 03 00 82 1A 1C 02 00 F4 21 58 29 00 00 00 00 00 00 00 00 00 00 00 00 00 00 00 00 00 00 00 00 00 00 00 00 00 00 00 00 00 00 00 56 69 56 4F 74 65 63 68 32 00 60 00 00 E2 E0 DF EE 26 02 E0 00 DF EE 12 0A FF FF 98 76 54 32 11 00 01 3F DF EE 25 02 00 10 57 A1 11 54 13 CC CC CC CC 90 49 D2 51 2C CC CC CC CC CC CC 57 C1 18 B0 65 52 A5 F1 4C 6A 6F F8 F0 C0 3F 73 D0 FE 89 64 43 01 21 C0 62 B5 20 5A A1 08 54 13 CC CC CC CC 90 49 5A C1 10 B5 DE 15 86 6E AA 26 01 05 C6 91 5F 86 6A A8 54 5F 34 01 12 5F 20 16 4D 54 49 50 31 32 2D 33 20 55 53 4D 41 45 53 54 52 4F 20 31 34 41 5F 24 03 25 12 31 9F 1E 08 35 54 31 37 30 36 30 35 9F 1F 00 9F 20 C1 08 F8 3E 14 B8 B5 D8 A4 E4 5F 25 03 04 01 01 5F 2D 06 65 6E 64 65 66 72 50 0A 55 53 20 4D 61 65 73 74 72 6F 4F 00 84 07 A0 00 00 00 04 22 03  Tag 84 DF EE 23 00 9F 39 01 05 9F 53 00 DF 4F 00 FF EE 01 05 DF EE 30 01 01 CD E6 00 00 00 00 00 00 00 00 00 00 
2026/9/14 13:53:15.643 [TX] - 56 69 56 4F 74 65 63 68 32 00 05 01 00 00 92 EF 
2026/9/14 13:53:15.668 [RX] - 56 69 56 4F 74 65 63 68 32 00 61 01 00 10 03 00 00 02 00 45 4E 03 00 82 21 1C 02 00 F4 21 B4 07 00 00 00 00 00 00 00 00 00 00 00 00 00 00 00 00 00 00 00 00 00 00 00 00 00 00 00 00 00 00 00 56 69 56 4F 74 65 63 68 32 00 61 01 00 10 03 00 00 02 00 45 4E 03 00 82 23 1C 02 00 00 20 F0 63 00 00 00 00 00 00 00 00 00 00 00 00 00 00 00 00 00 00 00 00 00 00 00 00 00 00 00 00 00 00 00 56 69 56 4F 74 65 63 68 32 00 05 00 00 00 D8 A2 00 00 00 00 00 00 00 00 00 00 00 00 00 00 00 00 00 00 00 00 00 00 00 00 00 00 00 00 00 00 00 00 00 00 00 00 00 00 00 00 00 00 00 00 00 00 00  

 ---------- END OF TEST ----------

 Result = PASSED


Docklight Log File (HEX) - Stopped 2026/9/14 13:53:19.720 

