Docklight Log File (HEX) - Started 2026/9/9 11:03:18.969 
 TEST CASE: VAS701

 --- Set POS COM PORT Settings
 Set POS COM PORT...
 POS operating on COM90 @ 115200 baud...
 Set POS COM PORT - COMPLETE

 

 --- 04-09 reset to default

2026/9/9 11:03:22.245 [TX] - 56 69 56 4F 74 65 63 68 32 00 04 09 00 00 87 30 
2026/9/9 11:03:22.871 [RX] - 56 69 56 4F 74 65 63 68 32 00 04 00 00 00 AE 16 00 00 00 00 00 00 00 00 00 00 00 00 00 00 00 00 00 00 00 00 00 00 00 00 00 00 00 00 00 00 00 00 00 00 00 00 00 00 00 00 00 00 00 00 00 00 00  

 --- Burst mode OFF

2026/9/9 11:03:22.881 [TX] - 56 69 56 4F 74 65 63 68 32 00 04 00 00 05 DF EE 7E 01 00 1E 60 
2026/9/9 11:03:22.932 [RX] - 56 69 56 4F 74 65 63 68 32 00 04 00 00 00 AE 16 00 00 00 00 00 00 00 00 00 00 00 00 00 00 00 00 00 00 00 00 00 00 00 00 00 00 00 00 00 00 00 00 00 00 00 00 00 00 00 00 00 00 00 00 00 00 00  

 --- C7-66 set private key all 00

2026/9/9 11:03:23.446 [TX] - 56 69 56 4F 74 65 63 68 32 00 C7 66 00 20 00 00 00 00 00 00 00 00 00 00 00 00 00 00 00 00 00 00 00 00 00 00 00 00 00 00 00 00 00 00 00 00 6F 08 
2026/9/9 11:03:23.465 [RX] - 56 69 56 4F 74 65 63 68 32 00 C7 00 00 00 86 6E 00 00 00 00 00 00 00 00 00 00 00 00 00 00 00 00 00 00 00 00 00 00 00 00 00 00 00 00 00 00 00 00 00 00 00 00 00 00 00 00 00 00 00 00 00 00 00  

 --- 04-11 load the Nando pass (index 1)

2026/9/9 11:03:23.990 [TX] - 56 69 56 4F 74 65 63 68 32 00 04 11 00 63 01 01 3F A5 AA BE C7 27 53 35 18 F9 64 06 33 BC DA 51 F2 F0 19 D9 F5 37 67 54 BF 21 3F A3 47 05 B1 7D 00 00 00 00 00 00 00 00 00 00 00 00 00 00 00 00 00 00 00 00 00 00 00 00 00 00 00 00 00 00 00 00 00 00 00 00 00 00 00 00 00 00 00 00 00 00 00 00 00 00 00 00 00 00 00 00 00 00 00 00 00 00 00 00 00 7F 6E 
2026/9/9 11:03:24.029 [RX] - 56 69 56 4F 74 65 63 68 32 00 04 00 00 00 AE 16 00 00 00 00 00 00 00 00 00 00 00 00 00 00 00 00 00 00 00 00 00 00 00 00 00 00 00 00 00 00 00 00 00 00 00 00 00 00 00 00 00 00 00 00 00 00 00  

 --- 04-00 w/ tag DFED3F = 02 (Decrypt VAS data via private key)

2026/9/9 11:03:24.256 [TX] - 56 69 56 4F 74 65 63 68 32 00 04 00 00 05 DF ED 3F 01 02 63 8F 
2026/9/9 11:03:24.389 [RX] - 56 69 56 4F 74 65 63 68 32 00 04 00 00 00 AE 16 00 00 00 00 00 00 00 00 00 00 00 00 00 00 00 00 00 00 00 00 00 00 00 00 00 00 00 00 00 00 00 00 00 00 00 00 00 00 00 00 00 00 00 00 00 00 00  

 --- C7-66 Nando private key (no index)

2026/9/9 11:03:24.603 [TX] - 56 69 56 4F 74 65 63 68 32 00 C7 66 00 20 2D D3 C1 81 63 D8 32 7B F8 BB 95 63 AB E2 53 FE 2F FC 35 15 39 F0 5B 85 FB 68 3D C1 A6 10 53 DE 81 F5 
2026/9/9 11:03:24.687 [RX] - 56 69 56 4F 74 65 63 68 32 00 C7 00 00 00 86 6E 00 00 00 00 00 00 00 00 00 00 00 00 00 00 00 00 00 00 00 00 00 00 00 00 00 00 00 00 00 00 00 00 00 00 00 00 00 00 00 00 00 00 00 00 00 00 00  

 --- ACT - VAS Only

2026/9/9 11:03:25.412 [TX] - 56 69 56 4F 74 65 63 68 32 00 02 40 00 2F 30 9F 02 06 00 00 00 00 00 01 9C 01 00 FF EE 06 19 9F 22 02 01 00 9F 26 04 00 00 00 02 9F 2B 05 01 00 00 00 00 DF EE 01 01 01 DF EF 37 01 02 E8 34 
2026/9/9 11:03:26.146 [RX] - 56 69 56 4F 74 65 63 68 32 00 02 57 00 5A E1 DF EE 26 02 E1 00 FF EE 06 42 9A 03 22 01 13 9F 21 03 09 30 16 9F 25 20 3F A5 AA BE C7 27 53 35 18 F9 64 06 33 BC DA 51 F2 F0 19 D9 F5 37 67 54 BF 21 3F A3 47 05 B1 7D 9F 2A 00 9F 27 0E 31 38 33 32 39 32 30 38 30 34 31 39 36 39  <<< plaintext 9F 39 01 07 FF EE 01 05 DF EE 30 01 00 71 E3 00 00 00 00 00 00 00 00 00 00 00 00 00 00 00 00 00 00 00 00  

 --- 04-00 w/ tag DFED3F = 00   >>>>> Change back to default

2026/9/9 11:03:26.364 [TX] - 56 69 56 4F 74 65 63 68 32 00 04 00 00 05 DF ED 3F 01 00 21 AF 
2026/9/9 11:03:26.409 [RX] - 56 69 56 4F 74 65 63 68 32 00 04 00 00 00 AE 16 00 00 00 00 00 00 00 00 00 00 00 00 00 00 00 00 00 00 00 00 00 00 00 00 00 00 00 00 00 00 00 00 00 00 00 00 00 00 00 00 00 00 00 00 00 00 00  

 ---------- END OF TEST ----------

 Result = PASSED


Docklight Log File (HEX) - Stopped 2026/9/9 11:03:26.762 

