Docklight Log File (HEX) - Started 2026/9/23 15:16:39.389 
 TEST CASE: AC010

 --- Set POS COM PORT Settings
 Set POS COM PORT...
 POS operating on COM90 @ 115200 baud...
 Set POS COM PORT - COMPLETE

 --- Poll on Demand

2026/9/23 15:16:40.681 [TX] - 56 69 56 4F 74 65 63 68 32 00 01 01 00 01 01 D7 34 
2026/9/23 15:16:40.696 [RX] - 56 69 56 4F 74 65 63 68 32 00 01 00 00 00 12 53 00 00 00 00 00 00 00 00 00 00 00 00 00 00 00 00 00 00 00 00 00 00 00 00 00 00 00 00 00 00 00 00 00 00 00 00 00 00 00 00 00 00 00 00 00 00 00  

 --- Change Date

2026/9/23 15:16:40.707 [TX] - 56 69 56 4F 74 65 63 68 32 00 04 00 00 05 9A 03 22 12 15 28 AE 
2026/9/23 15:16:40.761 [RX] - 56 69 56 4F 74 65 63 68 32 00 04 00 00 00 AE 16 00 00 00 00 00 00 00 00 00 00 00 00 00 00 00 00 00 00 00 00 00 00 00 00 00 00 00 00 00 00 00 00 00 00 00 00 00 00 00 00 00 00 00 00 00 00 00  

 --- Activate Transaction (02-40)

2026/9/23 15:16:41.368 [TX] - 56 69 56 4F 74 65 63 68 32 00 02 40 00 1A 0A 9F 02 06 00 00 00 00 10 00 9A 03 07 11 21 9F 21 03 10 15 20 DF EF 37 01 02 D2 C2 
2026/9/23 15:16:42.220 [RX] - 56 69 56 4F 74 65 63 68 32 00 02 23 02 3C 21 DF EE 26 02 21 00 DF 81 16 0D 1E 04 00 00 00 00 00 00 00 00 00 00 00 DF 81 29 08 30 F0 F0 00 B0 F0 FF 00 FF 81 06 1E 9F 42 02 09 78 DF 81 0B 01 00 DF 81 15 06 00 00 00 00 00 FF DF 81 0E 01 00 DF 81 0F 01 00 FF 81 05 82 01 92 4F 07 A0 00 00 00 04 10 10 50 0F 50 50 43 20 4D 43 44 20 30 31 20 20 76 32 30 56 3C 42 35 34 31 33 33 33 30 30 38 39 36 30 30 30 31 30 5E 45 54 45 43 2F 50 41 59 50 41 53 53 5E 31 34 31 32 32 30 31 30 30 30 30 30 30 30 30 30 30 30 30 30 30 30 30 30 30 30 30 30 30 57 11 54 13 33 00 89 60 00 10 D1 41 22 01 01 23 40 91 72 5A 08 54 13 33 00 89 60 00 10 82 02 59 80 84 07 A0 00 00 00 04 10 10 8E 0E 00 00 00 00 00 00 00 00 42 03 5E 03 1F 03 95 05 80 00 80 80 01 9A 03 07 11 21 9B 02 00 00 9C 01 00 5F 24 03 14 12 31 5F 25 03 04 01 01 5F 28 02 00 56 5F 2A 02 09 78 5F 34 01 01 9F 02 06 00 00 00 00 10 00 9F 06 07 A0 00 00 00 04 10 10 9F 07 02 FF 00 9F 09 02 00 02 9F 0D 05 00 00 00 00 00 9F 0E 05 00 00 00 00 00 9F 0F 05 00 00 00 00 00 9F 10 12 01 10 A0 00 09 22 00 00 00 00 00 00 00 00 00 00 00 FF 9F 1A 02 00 56 9F 1C 00 9F 1E 08 33 5A 30 30 31 30 35 35 9F 21 03 10 15 20 9F 26 08 91 DA A1 89 E3 D3 93 E9 9F 27 01 80 9F 2A 01 02 9F 33 03 00 00 00 9F 34 03 3F 00 01 9F 35 01 00 9F 36 02 64 EE 9F 37 04 12 E8 B3 0D 9F 39 01 07 9F 40 05 00 00 00 00 00 9F 41 04 00 00 00 16 9F 42 02 09 78 9F 66 02 0E 70 9F 6B 13 54 13 33 00 89 60 00 10 D1 41 22 01 90 00 99 00 00 00 0F 9F 6D 02 00 01 DF EE 76 05 80 00 80 80 01 DF 81 16 0D 1B 00 00 00 00 00 00 00 00 00 00 00 00 DF 81 0C 01 02 96 08 02 00 00 00 00 00 00 00 DF EE 4C 01 03 DF EC 1C 1E 08 03 00 03 FF 00 1B 00 00 00 00 00 81 0C 01 02 96 08 02 00 00 00 00 00 00 00 00 00 FF 00 DF EF 4C 06 00 00 00 00 00 00 DF EF 4D 00 FF EE 01 05 DF EE 30 01 00 FE C7 00 00 00 00 00 00 00 00 00 00 00 00 00 00 00 00 00 00 00 00 00 00 00 00 00 00 00 00 00 00 00 00 00 00 00 00 00 00 00 00 00 00  

 --- Get Parameter

2026/9/23 15:16:43.263 [TX] - 56 69 56 4F 74 65 63 68 32 00 03 02 00 00 5B 91 
2026/9/23 15:16:43.276 [RX] - 56 69 56 4F 74 65 63 68 32 00 03 00 01 75 DF EE 2D 01 00 9A 03 22 12 15  <= 9A DF EE 7E 01 00 DF EE 7D 01 00 DF ED 18 01 01 DF EC 20 16 00 A4 04 00 10 A0 00 00 03 96 56 43 41 03 00 30 00 00 00 00 00 00 DF EC 4F 08 05 01 00 00 00 00 00 00 9C 01 00 5F 2A 02 08 40 5F 36 01 02 9F 02 06 00 00 00 00 00 01 9F 03 06 00 00 00 00 00 00 DF EF 59 06 00 00 00 00 04 44 9F 09 02 00 02 9F 15 02 00 00 9F 1A 02 08 40 9F 40 05 60 00 00 30 00 9F 53 01 00 9F 66 04 30 00 40 00 9F 6D 02 00 01 9F 7C 14 00 00 00 00 00 00 00 00 00 00 00 00 00 00 00 00 00 00 00 00 DF EE 28 03 00 08 E8 DF EE 29 03 00 68 E8 DF EE 34 06 00 00 00 01 00 00 DF EE 35 03 00 06 01 DF EE 36 06 00 00 00 00 80 00 DF EE 37 01 03 DF EE 38 01 00 DF 81 22 05 F8 50 AC F8 00 DF 81 20 05 F8 50 AC A0 00 DF 81 21 05 00 00 00 00 00 DF EE 44 02 FD FF DF EC 1B 04 FF FF FF FF DF ED 4A 02 00 06 DF ED 5A 08 00 00 80 00 00 00 00 00 DF EE 5C 04 01 50 00 00 DF EE 6B 08 00 00 00 00 00 00 00 00 DF EE 70 01 00 DF EE 71 02 00 00 DF EE 72 02 00 00 DF EE 73 02 00 00 DF EE 74 01 00 DF EE 1C 01 03 DF EF 29 02 00 00 9F 4E 1E 00 00 00 00 00 00 00 00 00 00 00 00 00 00 00 00 00 00 00 00 00 00 00 00 00 00 00 00 00 00 9F 21 03 07 16 39 96 63 00 00 00 00 00 00 00 00 00 00 00 00 00 00 00 00 00 00 00 00 00 00 00 00 00 00 00 00 00 00 00 00 00 00 00 00 00 00 00 00 00 00 00 00 00 00 00 00 00 00 00 00  

 Result = PASSED
 ---------- END OF TEST ----------

 

 MASTER RESULT = PASSED


Docklight Log File (HEX) - Stopped 2026/9/23 15:16:45.552 

