Docklight Log File (HEX) - Started 2026/8/27 09:53:20.422 
 TEST CASE: Mag005

 --- Set POS COM PORT Settings
 Set POS COM PORT...
 POS operating on COM90 @ 115200 baud...
 Set POS COM PORT - COMPLETE

 --- DF7D

2026/8/27 09:53:22.809 [TX] - 56 69 56 4F 74 65 63 68 32 00 04 00 00 05 DF EE 7D 01 02 72 67 
2026/8/27 09:53:22.869 [RX] - 56 69 56 4F 74 65 63 68 32 00 04 00 00 00 AE 16 00 00 00 00 00 00 00 00 00 00 00 00 00 00 00 00 00 00 00 00 00 00 00 00 00 00 00 00 00 00 00 00 00 00 00 00 00 00 00 00 00 00 00 00 00 00 00  

 --- Poll on Demand

2026/8/27 09:53:23.383 [TX] - 56 69 56 4F 74 65 63 68 32 00 01 01 00 01 01 D7 34 
2026/8/27 09:53:23.395 [RX] - 56 69 56 4F 74 65 63 68 32 00 01 00 00 00 12 53 00 00 00 00 00 00 00 00 00 00 00 00 00 00 00 00 00 00 00 00 00 00 00 00 00 00 00 00 00 00 00 00 00 00 00 00 00 00 00 00 00 00 00 00 00 00 00  

 --- Burst OFF

2026/8/27 09:53:23.917 [TX] - 56 69 56 4F 74 65 63 68 32 00 04 00 00 05 DF EE 7E 01 00 60 1E 
2026/8/27 09:53:23.977 [RX] - 56 69 56 4F 74 65 63 68 32 00 04 00 00 00 AE 16 00 00 00 00 00 00 00 00 00 00 00 00 00 00 00 00 00 00 00 00 00 00 00 00 00 00 00 00 00 00 00 00 00 00 00 00 00 00 00 00 00 00 00 00 00 00 00  

 --- Activate Transaction

2026/8/27 09:53:26.329 [TX] - 56 69 56 4F 74 65 63 68 32 00 02 40 00 15 0A 9F 02 06 00 00 00 00 10 00 9A 03 07 11 21 9F 21 03 10 15 20 5E 34 
2026/8/27 09:53:26.367 [RX] - 56 69 56 4F 74 65 63 68 32 00 02 63 00 00 4B B4 00 00 00 00 00 00 00 00 00 00 00 00 00 00 00 00 00 00 00 00 00 00 00 00 00 00 00 00 00 00 00 00 00 00 00 00 00 00 00 00 00 00 00 00 00 00 00 56 69 56 4F 74 65 63 68 32 00 02 00 01 39 28 DF EE 25 02 00 11 DF EE 23 81 F9 02 F3 00 83 3F 4F 28 6B 87 00 25 54 52 41 43 4B 31 37 36 37 36 37 36 30 37 30 37 30 37 37 36 37 36 37 36 30 37 30 37 30 37 37 36 37 36 37 36 30 37 30 37 30 37 37 36 37 36 37 36 30 37 30 37 30 37 37 36 37 36 37 36 30 37 30 37 30 37 37 36 37 36 37 36 30 37 30 37 3F 43 3B 32 31 32 31 32 31 32 31 32 31 37 36 37 36 37 36 30 37 30 37 30 37 37 36 37 36 37 36 37 36 32 31 32 31 32 31 32 3F 30 3B 33 33 33 33 33 33 33 33 33 33 37 36 37 36 37 36 30 37 30 37 30 37 37 36 37 36 37 36 33 33 33 33 33 33 33 33 33 33 37 36 37 36 37 36 30 37 30 37 30 37 37 36 37 36 37 36 33 33 33 33 33 33 33 33 33 33 37 36 37 36 37 36 30 37 30 37 30 37 37 36 37 36 37 36 33 33 33 33 33 33 33 33 33 33 37 36 37 36 37 36 30 37 30 37 3F 32 36 32 33 5A 30 30 30 33 37 34 4A 42 03 9F 39 01 90 FF EE 01 05 DF EE 30 01 0C DF EE 26 02 28 00 9F 02 06 00 00 00 00 10 00  9F02 9F 03 06 00 00 00 00 00 00 DF 5B 01 05 9A 03 79 06 28 9F 21 03 11 30 08 56 E9 00 00 00 00 00 00 00 00 00 00 00 00 00 00 00 00 00 00 00 00 00 00 00 00 00 00 00 00 00 00 00 00 00 00 00 00 00 00 00 00 00 00 00 00 00 00 00 00 00  

 ---------- END OF TEST ----------

 Result = PASSED


Docklight Log File (HEX) - Stopped 2026/8/27 09:53:32.277 

