Docklight Log File (HEX) - Started 2026/9/3 15:46:13.135 
 TEST CASE: VL003

 --- Set POS COM PORT Settings
 Set POS COM PORT...
 POS operating on COM90 @ 115200 baud...
 Set POS COM PORT - COMPLETE


2026/9/3 15:46:18.048 [TX] - 56 69 56 4F 74 65 63 68 32 00 F0 F7 00 00 68 9D 
2026/9/3 15:46:18.059 [RX] - 56 69 56 4F 74 65 63 68 32 00 F0 0B 00 00 0B 5B 00 00 00 00 00 00 00 00 00 00 00 00 00 00 00 00 00 00 00 00 00 00 00 00 00 00 00 00 00 00 00 00 00 00 00 00 00 00 00 00 00 00 00 00 00 00 00  

 --- Done/Swipe Buttons 01 01

2026/9/3 15:46:18.568 [TX] - 56 69 56 4F 74 65 63 68 32 00 F0 F4 00 03 01 01 10 E7 FB 
2026/9/3 15:46:18.579 [RX] - 56 69 56 4F 74 65 63 68 32 00 F0 00 00 00 FB AA 00 00 00 00 00 00 00 00 00 00 00 00 00 00 00 00 00 00 00 00 00 00 00 00 00 00 00 00 00 00 00 00 00 00 00 00 00 00 00 00 00 00 00 00 00 00 00  

 --- Get Configuration

2026/9/3 15:46:20.529 [TX] - 56 69 56 4F 74 65 63 68 32 00 F0 F5 00 00 08 F3 
2026/9/3 15:46:20.537 [RX] - 56 69 56 4F 74 65 63 68 32 00 F0 00 00 03 01 01 10 6C FA 00 00 00 00 00 00 00 00 00 00 00 00 00 00 00 00 00 00 00 00 00 00 00 00 00 00 00 00 00 00 00 00 00 00 00 00 00 00 00 00 00 00 00 00 02 02 5B 2F 00 00 00 00 00 00 00 00 00 00 00 00 00 00 00 00 00 00 00 00 00 00 00 00 00 00 00 00 00 00 00 00 00 00 00 00 00 00 00 00 00 00 00 00 00 00 00 00 00 00 00 00 00 00 00 00 00 00 00 02 03 4B 0E 00 00 00 00 00 00 00 00 00 00 00 00 00 00 00 00 00 00 00 00 00 00 00 00 00 00 00 00 00 00 00 00 00 00 00 00 00 00 00 00 00 00 00 00 00 00 00 00 00 00 00 00 00 00 00 00 00 00 00  


2026/9/3 15:46:25.038 [TX] - 56 69 56 4F 74 65 63 68 32 00 F0 F6 00 00 58 AA 
2026/9/3 15:46:25.051 [RX] - 56 69 56 4F 74 65 63 68 32 00 F0 0B 00 00 0B 5B 00 00 00 00 00 00 00 00 00 00 00 00 00 00 00 00 00 00 00 00 00 00 00 00 00 00 00 00 00 00 00 00 00 00 00 00 00 00 00 00 00 00 00 00 00 00 00  

 ---------- END OF TEST ----------

 Result = PASSED


Docklight Log File (HEX) - Stopped 2026/9/3 15:46:26.624 

