Docklight Log File (HEX) - Started 2026/9/4 10:43:02.926 
 TEST CASE: MFC002-1

 --- Set POS COM PORT Settings
 Set POS COM PORT...
 POS operating on COM90 @ 115200 baud...
 Set POS COM PORT - COMPLETE

 --- 04-00_Fallback to CL enable

2026/9/4 10:43:04.251 [TX] - 56 69 56 4F 74 65 63 68 32 00 04 00 00 0C DF EC 53 08 01 02 00 00 00 00 00 00 BB E0 
2026/9/4 10:43:04.296 [RX] - 56 69 56 4F 74 65 63 68 32 00 04 00 00 00 AE 16 00 00 00 00 00 00 00 00 00 00 00 00 00 00 00 00 00 00 00 00 00 00 00 00 00 00 00 00 00 00 00 00 00 00 00 00 00 00 00 00 00 00 00 00 00 00 00  

--- Poll on Demand (01-01)

2026/9/4 10:43:04.306 [TX] - 56 69 56 4F 74 65 63 68 32 00 01 01 00 01 01 D7 34 
2026/9/4 10:43:04.317 [RX] - 56 69 56 4F 74 65 63 68 32 00 01 00 00 00 12 53 00 00 00 00 00 00 00 00 00 00 00 00 00 00 00 00 00 00 00 00 00 00 00 00 00 00 00 00 00 00 00 00 00 00 00 00 00 00 00 00 00 00 00 00 00 00 00  
--- Burst Off (04-00)

2026/9/4 10:43:04.337 [TX] - 56 69 56 4F 74 65 63 68 32 00 04 00 00 05 DF EE 7E 01 00 60 1E 
2026/9/4 10:43:04.384 [RX] - 56 69 56 4F 74 65 63 68 32 00 04 00 00 00 AE 16 00 00 00 00 00 00 00 00 00 00 00 00 00 00 00 00 00 00 00 00 00 00 00 00 00 00 00 00 00 00 00 00 00 00 00 00 00 00 00 00 00 00 00 00 00 00 00  

--- 02-01_w/o DFEC53

2026/9/4 10:43:05.549 [TX] - 56 69 56 4F 74 65 63 68 32 00 02 01 00 0A 0A 9F 02 06 00 00 00 00 10 00 AB 6C 
2026/9/4 10:43:07.213 [RX] - 56 69 56 4F 74 65 63 68 32 00 02 00 00 99 44 25 42 36 35 31 30 30 30 30 30 30 30 30 30 30 30 32 36 5E 43 41 52 44 2F 49 4D 41 47 45 20 30 33 20 20 20 20 20 20 20 20 20 20 20 20 20 5E 31 37 31 32 32 30 31 31 30 30 30 30 32 31 30 30 30 30 30 30 3F 25 28 3B 36 35 31 30 30 30 30 30 30 30 30 30 30 30 32 36 3D 31 37 31 32 32 30 31 31 30 30 30 30 32 31 30 30 30 30 30 30 3F 3B 00 00 9F 39 01 90 FF EE 01 05 DF EE 30 01 0C DF EE 26 02 28 00 9F 02 06 00 00 00 00 10 00 9F 03 06 00 00 00 00 00 00 DF 5B 01 05 8C 5E 00 00 00 00 00 00 00 00 00 00 00 00 00 00 00 00 00 00 00 00  

**Card data FAIL**
 

 Result = FAILED
 ---------- END OF TEST ----------

 

 MASTER RESULT = FAILED


Docklight Log File (HEX) - Stopped 2026/9/4 10:43:16.681 

