Docklight Log File (HEX) - Started 2026/9/14 14:39:35.988 
 TEST CASE: CR053

 --- Set POS COM PORT Settings
 Set POS COM PORT...
 POS operating on COM90 @ 115200 baud...
 Set POS COM PORT - COMPLETE

 --- 04-0A

2026/9/14 14:39:37.155 [TX] - 56 69 56 4F 74 65 63 68 32 00 04 0A 00 00 D7 69 
2026/9/14 14:39:38.874 [RX] - 56 69 56 4F 74 65 63 68 32 00 04 00 00 00 AE 16 00 00 00 00 00 00 00 00 00 00 00 00 00 00 00 00 00 00 00 00 00 00 00 00 00 00 00 00 00 00 00 00 00 00 00 00 00 00 00 00 00 00 00 00 00 00 00  

 --- 60-15 Contact Get ICS Identification

2026/9/14 14:39:50.274 [TX] - 56 69 56 4F 74 65 63 68 32 00 60 15 00 00 A6 95 
2026/9/14 14:39:50.285 [RX] - 56 69 56 4F 74 65 63 68 32 00 60 00 00 01 01 F1 EE 00 00 00 00 00 00 00 00 00 00 00 00 00 00 00 00 00 00 00 00 00 00 00 00 00 00 00 00 00 00 00 00 00 00 00 00 00 00 00 00 00 00 00 00 00 00  

 --- 60-15 length error

2026/9/14 14:39:50.299 [TX] - 56 69 56 4F 74 65 63 68 32 00 60 15 00 00 00 1C 75 
2026/9/14 14:39:50.311 [RX] - 56 69 56 4F 74 65 63 68 32 00 60 04 00 00 E1 F5 00 00 00 00 00 00 00 00 00 00 00 00 00 00 00 00 00 00 00 00 00 00 00 00 00 00 00 00 00 00 00 00 00 00 00 00 00 00 00 00 00 00 00 00 00 00 00  

 --- 60-15 data error

2026/9/14 14:39:50.330 [TX] - 56 69 56 4F 74 65 63 68 32 00 60 15 00 01 01 0C 56 
2026/9/14 14:39:50.350 [RX] - 56 69 56 4F 74 65 63 68 32 00 60 05 00 00 D6 C5 00 00 00 00 00 00 00 00 00 00 00 00 00 00 00 00 00 00 00 00 00 00 00 00 00 00 00 00 00 00 00 00 00 00 00 00 00 00 00 00 00 00 00 00 00 00 00  

 --- 60-15 crc error

2026/9/14 14:39:50.373 [TX] - 56 69 56 4F 74 65 63 68 32 00 60 15 00 00 FF FF 
2026/9/14 14:39:50.389 [RX] - 56 69 56 4F 74 65 63 68 32 00 60 04 00 00 E1 F5 00 00 00 00 00 00 00 00 00 00 00 00 00 00 00 00 00 00 00 00 00 00 00 00 00 00 00 00 00 00 00 00 00 00 00 00 00 00 00 00 00 00 00 00 00 00 00  

 --- 60-15 Contact Get ICS Identification

2026/9/14 14:39:50.409 [TX] - 56 69 56 4F 74 65 63 68 32 00 60 15 00 00 A6 95 
2026/9/14 14:39:50.420 [RX] - 56 69 56 4F 74 65 63 68 32 00 60 00 00 01 01 F1 EE 00 00 00 00 00 00 00 00 00 00 00 00 00 00 00 00 00 00 00 00 00 00 00 00 00 00 00 00 00 00 00 00 00 00 00 00 00 00 00 00 00 00 00 00 00 00  

 Result = PASSED
 ---------- END OF TEST ----------

 Result = PASSED
 

 MASTER RESULT = PASSED


Docklight Log File (HEX) - Stopped 2026/9/14 14:39:51.560 

