Docklight Log File (HEX) - Started 2026/9/21 15:18:40.749 
 TEST CASE: AC200

 --- Set POS COM PORT Settings
 Set POS COM PORT...
 POS operating on COM90 @ 115200 baud...
 Set POS COM PORT - COMPLETE

 --- Set default config

2026/9/21 15:18:42.086 [TX] - 56 69 56 4F 74 65 63 68 32 00 04 09 00 00 87 30 
2026/9/21 15:18:42.868 [RX] - 56 69 56 4F 74 65 63 68 32 00 04 00 00 00 AE 16 00 00 00 00 00 00 00 00 00 00 00 00 00 00 00 00 00 00 00 00 00 00 00 00 00 00 00 00 00 00 00 00 00 00 00 00 00 00 00 00 00 00 00 00 00 00 00  

 --- Poll on Demand

2026/9/21 15:18:43.395 [TX] - 56 69 56 4F 74 65 63 68 32 00 01 01 00 01 01 D7 34 
2026/9/21 15:18:43.406 [RX] - 56 69 56 4F 74 65 63 68 32 00 01 00 00 00 12 53 00 00 00 00 00 00 00 00 00 00 00 00 00 00 00 00 00 00 00 00 00 00 00 00 00 00 00 00 00 00 00 00 00 00 00 00 00 00 00 00 00 00 00 00 00 00 00  

 --- Burst Off

2026/9/21 15:18:43.937 [TX] - 56 69 56 4F 74 65 63 68 32 00 04 00 00 05 DF EE 7E 01 00 60 1E 
2026/9/21 15:18:43.977 [RX] - 56 69 56 4F 74 65 63 68 32 00 04 00 00 00 AE 16 00 00 00 00 00 00 00 00 00 00 00 00 00 00 00 00 00 00 00 00 00 00 00 00 00 00 00 00 00 00 00 00 00 00 00 00 00 00 00 00 00 00 00 00 00 00 00  

 --- 02-40

2026/9/21 15:18:48.102 [TX] - 56 69 56 4F 74 65 63 68 32 00 02 40 00 12 0A 9F 02 06 00 00 00 00 02 00 9C 01 00 DF EF 37 01 02 6A 0E 
2026/9/21 15:18:49.245 [RX] - 56 69 56 4F 74 65 63 68 32 00 02 23 01 E2 E1 DF EE 26 02 E1 00 DF EE 12 0A FF FF FF 02 00 1D 74 40 00 2A DF 81 16 16 17 04 00 00 0D 00 00 00 00 00 00 00 00 00 00 00 00 00 00 00 00 00 DF 81 29 08 30 F0 F0 F0 A0 F0 FF 00 FF 81 05 82 01 3F 4F 07 A0 00 00 00 03 10 10 50 08 55 53 20 44 45 42 49 54 57 A1 13 47 61 CC CC CC CC 01 35 D1 81 2C CC CC CC CC CC CC CC CC 57 C1 18 AB 8C 66 64 FC 02 31 EA BB 01 45 FA D6 FD 43 E5 BC A4 0D BD 40 C7 97 E8 5A A1 08 47 61 CC CC CC CC 01 35 5A C1 10 3B 4B FC 74 15 5B A7 5E 82 3C 48 54 27 F2 08 2F 82 02 00 00 84 07 A0 00 00 00 03 10 10  Tag 84 95 05 00 00 00 00 00 9A 03 26 09 21 9C 01 00 5F 20 0F 43 41 52 44 48 4F 4C 44 45 52 2F 56 49 53 41 5F 28 02 08 40 5F 2A 02 08 40 5F 2D 02 65 6E 5F 34 01 01 5F 36 01 02 9F 02 06 00 00 00 00 02 00 9F 10 07 06 01 0A 03 A0 00 00 9F 1A 02 08 40 9F 1B 04 00 00 1F 40 9F 1E 08 33 5A 30 30 30 36 30 34 9F 21 03 07 18 44 9F 26 08 84 65 84 1D BB 3F 40 90 9F 27 01 80 9F 33 03 E0 08 40 9F 34 03 3F 00 00 9F 35 01 15 9F 36 02 00 02 9F 37 04 0D C8 2A 9B 9F 39 01 07 9F 40 05 80 00 00 00 00 9F 41 04 00 00 00 29 9F 5A 05 11 08 40 08 40 9F 66 04 30 00 C0 00 9F 6C 02 80 00 9F 6E 04 20 70 00 00 DF 81 26 06 00 00 00 00 60 00 DF EE 5B 01 05 DF 81 16 16 1B FF 00 00 13 65 6E 00 00 00 00 00 00 00 00 00 00 00 00 00 00 00 96 08 03 00 00 00 00 00 00 00 DF EE 4C 01 06 DF EC 1C 1E 08 03 00 04 FF 00 1B 00 00 00 13 FF 00 00 00 00 00 00 00 00 65 6E 00 00 00 00 00 00 FF 00 DF EF 4C 06 00 00 00 00 00 00 DF EF 4D 00 FF EE 01 05 DF EE 30 01 00 8C 95 00 00 00 00 00 00  

 --- 04-03 set group

2026/9/21 15:18:51.325 [TX] - 56 69 56 4F 74 65 63 68 32 00 04 03 00 87 DF EE 2D 01 90 9C 01 00 5F 2A 02 08 40 9F 1A 02 08 40 5F 36 01 02 9F 02 06 00 00 00 00 15 00 9F 03 06 00 00 00 00 00 00 DF EE 37 01 00 DF EE 38 01 00 DF 81 22 05 F8 50 AC F8 00 DF 81 20 05 F8 50 AC A0 00 DF 81 21 05 00 00 00 00 00 9F 35 01 22 9F 33 03 00 08 E8 9F 66 04 30 00 40 00 DF EE 67 03 02 00 00 DF EE 35 03 00 C7 03 DF EE 34 06 00 00 00 05 00 00 9F 1B 04 00 00 1F 40 DF 81 26 06 00 00 00 03 00 00 B3 4C 
2026/9/21 15:18:51.376 [RX] - 56 69 56 4F 74 65 63 68 32 00 04 00 00 00 AE 16 00 00 00 00 00 00 00 00 00 00 00 00 00 00 00 00 00 00 00 00 00 00 00 00 00 00 00 00 00 00 00 00 00 00 00 00 00 00 00 00 00 00 00 00 00 00 00  

 --- 04-02 set VISA AID - A0000000031010

2026/9/21 15:18:51.911 [TX] - 56 69 56 4F 74 65 63 68 32 00 04 02 00 33 DF EE 2D 01 90 9F 06 07 A0 00 00 00 03 10 10 DF EE 4B 01 01 DF EE 4D 01 54 DF EE 2E 01 10 DF EE 54 0C 03 00 90 03 01 90 03 20 90 03 09 90 DF EE 59 01 03 68 00 
2026/9/21 15:18:51.952 [RX] - 56 69 56 4F 74 65 63 68 32 00 04 00 00 00 AE 16 00 00 00 00 00 00 00 00 00 00 00 00 00 00 00 00 00 00 00 00 00 00 00 00 00 00 00 00 00 00 00 00 00 00 00 00 00 00 00 00 00 00 00 00 00 00 00  

 --- 04-02 set VISA AID - A0000000980840

2026/9/21 15:18:52.496 [TX] - 56 69 56 4F 74 65 63 68 32 00 04 02 00 33 DF EE 2D 01 90 9F 06 07 A0 00 00 00 98 08 40 DF EE 4B 01 01 DF EE 4D 01 54 DF EE 2E 01 10 DF EE 54 0C 03 00 90 03 01 90 03 20 90 03 09 90 DF EE 59 01 03 77 CF 
2026/9/21 15:18:52.537 [RX] - 56 69 56 4F 74 65 63 68 32 00 04 00 00 00 AE 16 00 00 00 00 00 00 00 00 00 00 00 00 00 00 00 00 00 00 00 00 00 00 00 00 00 00 00 00 00 00 00 00 00 00 00 00 00 00 00 00 00 00 00 00 00 00 00  

 --- 02-40

2026/9/21 15:18:56.749 [TX] - 56 69 56 4F 74 65 63 68 32 00 02 40 00 12 0A 9F 02 06 00 00 00 00 02 00 9C 01 00 DF EF 37 01 02 6A 0E 
2026/9/21 15:18:57.685 [RX] - 56 69 56 4F 74 65 63 68 32 00 02 23 01 C5 E1 DF EE 26 02 E1 00 DF EE 12 0A FF FF FF 02 00 1D 74 40 00 2B DF 81 16 16 17 04 00 00 0D 00 00 00 00 00 00 00 00 00 00 00 00 00 00 00 00 00 DF 81 29 08 30 F0 F0 F0 A0 F0 FF 00 FF 81 05 82 01 22 4F 07 A0 00 00 00 03 10 10 50 08 55 53 20 44 45 42 49 54 57 A1 13 47 61 CC CC CC CC 01 35 D1 81 2C CC CC CC CC CC CC CC CC 57 C1 18 9F 12 54 8A 6B 41 01 4F BE 1C B2 BB BB 40 1E 34 C1 84 6D D6 C3 45 B5 2D 82 02 00 00 84 07 A0 00 00 00 03 10 10  Tag 84 95 05 00 00 00 00 00 9A 03 26 09 21 9C 01 00 5F 20 0F 43 41 52 44 48 4F 4C 44 45 52 2F 56 49 53 41 5F 28 02 08 40 5F 2A 02 08 40 5F 2D 02 65 6E 5F 34 01 01 5F 36 01 02 9F 02 06 00 00 00 00 02 00 9F 03 06 00 00 00 00 00 00 9F 10 07 06 01 0A 03 A0 00 00 9F 1A 02 08 40 9F 1B 04 00 00 1F 40 9F 1E 08 33 5A 30 30 30 36 30 34 9F 21 03 07 18 52 9F 26 08 84 65 84 1D BB 3F 40 90 9F 27 01 80 9F 33 03 00 08 E8 9F 34 03 3F 00 00 9F 35 01 22 9F 36 02 00 02 9F 37 04 47 B9 6A C7 9F 39 01 07 9F 41 04 00 00 00 30 9F 5A 05 11 08 40 08 40 9F 66 04 30 00 40 00 9F 6C 02 80 00 9F 6E 04 20 70 00 00 DF 81 26 06 00 00 00 03 00 00 DF EE 5B 01 05 DF 81 16 16 1B FF 00 00 13 65 6E 00 00 00 00 00 00 00 00 00 00 00 00 00 00 00 96 08 03 00 00 00 00 00 00 00 DF EE 4C 01 06 DF EC 1C 1E 08 03 00 04 FF 00 1B 00 00 00 13 FF 00 00 00 00 00 00 00 00 65 6E 00 00 00 00 00 00 FF 00 DF EF 4C 06 00 00 00 00 00 00 DF EF 4D 00 FF EE 01 05 DF EE 30 01 00 69 90 00 00 00 00 00 00 00 00 00 00 00 00 00 00 00 00 00 00 00 00 00 00 00 00 00 00 00 00 00 00 00 00 00 00 00  

 --- Set tag DFED48 = 01 (Prefer US Common Debit VISA)

2026/9/21 15:18:58.285 [TX] - 56 69 56 4F 74 65 63 68 32 00 04 00 00 05 DF ED 48 01 01 98 E2 
2026/9/21 15:18:58.356 [RX] - 56 69 56 4F 74 65 63 68 32 00 04 00 00 00 AE 16 00 00 00 00 00 00 00 00 00 00 00 00 00 00 00 00 00 00 00 00 00 00 00 00 00 00 00 00 00 00 00 00 00 00 00 00 00 00 00 00 00 00 00 00 00 00 00  

 --- 02-40

2026/9/21 15:18:59.642 [TX] - 56 69 56 4F 74 65 63 68 32 00 02 40 00 12 0A 9F 02 06 00 00 00 00 02 00 9C 01 00 DF EF 37 01 02 6A 0E 
2026/9/21 15:19:00.561 [RX] - 56 69 56 4F 74 65 63 68 32 00 02 23 01 C5 E1 DF EE 26 02 E1 00 DF EE 12 0A FF FF FF 02 00 1D 74 40 00 2C DF 81 16 16 17 04 00 00 0D 00 00 00 00 00 00 00 00 00 00 00 00 00 00 00 00 00 DF 81 29 08 30 F0 F0 F0 A0 F0 FF 00 FF 81 05 82 01 22 4F 07 A0 00 00 00 98 08 40 50 08 55 53 20 44 45 42 49 54 57 A1 13 47 61 CC CC CC CC 01 35 D1 81 2C CC CC CC CC CC CC CC CC 57 C1 18 30 9A 41 F1 8C 7A 8C C8 69 73 75 A4 77 0B 67 F3 5A E3 7D 41 F6 B3 A1 73 82 02 00 00 84 07 A0 00 00 00 98 08 40  Tag 84 95 05 00 00 00 00 00 9A 03 26 09 21 9C 01 00 5F 20 0F 43 41 52 44 48 4F 4C 44 45 52 2F 56 49 53 41 5F 28 02 08 40 5F 2A 02 08 40 5F 2D 02 65 6E 5F 34 01 01 5F 36 01 02 9F 02 06 00 00 00 00 02 00 9F 03 06 00 00 00 00 00 00 9F 10 07 06 01 0A 03 A0 00 00 9F 1A 02 08 40 9F 1B 04 00 00 1F 40 9F 1E 08 33 5A 30 30 30 36 30 34 9F 21 03 07 18 55 9F 26 08 84 65 84 1D BB 3F 40 90 9F 27 01 80 9F 33 03 00 08 E8 9F 34 03 3F 00 00 9F 35 01 22 9F 36 02 00 02 9F 37 04 42 32 F0 BE 9F 39 01 07 9F 41 04 00 00 00 31 9F 5A 05 11 08 40 08 40 9F 66 04 30 00 40 00 9F 6C 02 80 00 9F 6E 04 20 70 00 00 DF 81 26 06 00 00 00 03 00 00 DF EE 5B 01 05 DF 81 16 16 1B FF 00 00 13 65 6E 00 00 00 00 00 00 00 00 00 00 00 00 00 00 00 96 08 03 00 00 00 00 00 00 00 DF EE 4C 01 06 DF EC 1C 1E 08 03 00 04 FF 00 1B 00 00 00 13 FF 00 00 00 00 00 00 00 00 65 6E 00 00 00 00 00 00 FF 00 DF EF 4C 06 00 00 00 00 00 00 DF EF 4D 00 FF EE 01 05 DF EE 30 01 00 E6 D1 00 00 00 00 00 00 00 00 00 00 00 00 00 00 00 00 00 00 00 00 00 00 00 00 00 00 00 00 00 00 00 00 00 00 00  

 --- 02-40

2026/9/21 15:19:02.332 [TX] - 56 69 56 4F 74 65 63 68 32 00 02 40 00 12 0A 9F 02 06 00 00 00 00 02 00 9C 01 00 DF EF 37 01 02 6A 0E 
2026/9/21 15:19:03.357 [RX] - 56 69 56 4F 74 65 63 68 32 00 02 23 01 C5 E1 DF EE 26 02 E1 00 DF EE 12 0A FF FF FF 02 00 1D 74 40 00 2D DF 81 16 16 17 04 00 00 0D 00 00 00 00 00 00 00 00 00 00 00 00 00 00 00 00 00 DF 81 29 08 30 F0 F0 F0 A0 F0 FF 00 FF 81 05 82 01 22 4F 07 A0 00 00 00 03 10 10 50 08 55 53 20 44 45 42 49 54 57 A1 13 47 61 CC CC CC CC 01 35 D1 81 2C CC CC CC CC CC CC CC CC 57 C1 18 48 1C 08 22 2E AE 9F F0 A7 67 73 EC 29 1F D8 51 C2 0C DE 3F 5D 6A D1 AB 82 02 00 00 84 07 A0 00 00 00 03 10 10  Tag 84 95 05 00 00 00 00 00 9A 03 26 09 21 9C 01 00 5F 20 0F 43 41 52 44 48 4F 4C 44 45 52 2F 56 49 53 41 5F 28 02 08 40 5F 2A 02 08 40 5F 2D 02 65 6E 5F 34 01 01 5F 36 01 02 9F 02 06 00 00 00 00 02 00 9F 03 06 00 00 00 00 00 00 9F 10 07 06 01 0A 03 A0 00 00 9F 1A 02 08 40 9F 1B 04 00 00 1F 40 9F 1E 08 33 5A 30 30 30 36 30 34 9F 21 03 07 18 58 9F 26 08 84 65 84 1D BB 3F 40 90 9F 27 01 80 9F 33 03 00 08 E8 9F 34 03 3F 00 00 9F 35 01 22 9F 36 02 00 02 9F 37 04 1C 9B E6 93 9F 39 01 07 9F 41 04 00 00 00 32 9F 5A 05 11 08 40 08 40 9F 66 04 30 00 40 00 9F 6C 02 80 00 9F 6E 04 20 70 00 00 DF 81 26 06 00 00 00 03 00 00 DF EE 5B 01 05 DF 81 16 16 1B FF 00 00 13 65 6E 00 00 00 00 00 00 00 00 00 00 00 00 00 00 00 96 08 03 00 00 00 00 00 00 00 DF EE 4C 01 06 DF EC 1C 1E 08 03 00 04 FF 00 1B 00 00 00 13 FF 00 00 00 00 00 00 00 00 65 6E 00 00 00 00 00 00 FF 00 DF EF 4C 06 00 00 00 00 00 00 DF EF 4D 00 FF EE 01 05 DF EE 30 01 00 34 DC 00 00 00 00 00 00 00 00 00 00 00 00 00 00 00 00 00 00 00 00 00 00 00 00 00 00 00 00 00 00 00 00 00 00 00  

 ---------- END OF TEST ----------

 Result = PASSED


Docklight Log File (HEX) - Stopped 2026/9/21 15:19:03.976 

