Docklight Log File (HEX) - Started 2026/9/15 10:58:08.072 
 TEST CASE: Applepay100

 --- Set POS COM PORT Settings
 Set POS COM PORT...
 POS operating on COM90 @ 115200 baud...
 Set POS COM PORT - COMPLETE

 

 --- #1. Setup the bezel *** NEO2

2026/9/15 10:58:09.392 [TX] - 56 69 56 4F 74 65 63 68 32 00 04 00 00 18 9F 66 04 80 00 40 00 DF ED 18 01 01 DF EE 7E 01 00 DF EF 4B 03 12 00 00 84 4B 
2026/9/15 10:58:09.543 [RX] - 56 69 56 4F 74 65 63 68 32 00 04 00 00 00 AE 16 00 00 00 00 00 00 00 00 00 00 00 00 00 00 00 00 00 00 00 00 00 00 00 00 00 00 00 00 00 00 00 00 00 00 00 00 00 00 00 00 00 00 00 00 00 00 00  

 --- #2. Set Merchant 1

2026/9/15 10:58:09.877 [TX] - 56 69 56 4F 74 65 63 68 32 00 04 11 00 63 01 01 B6 D9 43 8C DC B8 F8 7C 4A B0 36 40 2F B6 5D 7F 8D C9 5D C8 71 DF 54 72 E9 BE 52 3D 8A 1A 1F 5B 38 68 74 74 70 73 3A 2F 2F 67 65 74 6D 6F 72 65 2D 69 6E 74 2E 75 73 61 74 65 63 68 2E 63 6F 6D 2F 70 2E 68 74 6D 6C 3F 64 3D 56 4A 30 30 30 30 30 35 30 30 31 26 6D 3D 63 00 00 00 00 00 00 00 00 30 12 
2026/9/15 10:58:09.915 [RX] - 56 69 56 4F 74 65 63 68 32 00 04 00 00 00 AE 16 00 00 00 00 00 00 00 00 00 00 00 00 00 00 00 00 00 00 00 00 00 00 00 00 00 00 00 00 00 00 00 00 00 00 00 00 00 00 00 00 00 00 00 00 00 00 00  

 --- #3. Enable blue LEDs

2026/9/15 10:58:10.239 [TX] - 56 69 56 4F 74 65 63 68 32 00 F0 F7 00 00 68 9D 
2026/9/15 10:58:10.244 [RX] - 56 69 56 4F 74 65 63 68 32 00 F0 0B 00 00 0B 5B 00 00 00 00 00 00 00 00 00 00 00 00 00 00 00 00 00 00 00 00 00 00 00 00 00 00 00 00 00 00 00 00 00 00 00 00 00 00 00 00 00 00 00 00 00 00 00  

 --- #4. Activate Transaction (VAS and PAY) with delay -- #1

2026/9/15 11:12:41.419 [TX] - 56 69 56 4F 74 65 63 68 32 00 02 40 00 22 F0 9F 02 06 00 00 00 00 01 00 9C 01 00 FF EE 06 11 9F 26 04 00 00 00 01 9F 22 02 01 00 DF EE 01 01 03 2A CD 
2026/9/15 11:12:41.459 [RX] - 56 69 56 4F 74 65 63 68 32 00 02 63 00 00 4B B4 00 00 00 00 00 00 00 00 00 00 00 00 00 00 00 00 00 00 00 00 00 00 00 00 00 00 00 00 00 00 00 00 00 00 00 00 00 00 00 00 00 00 00 00 00 00 00 56 69 56 4F 74 65 63 68 32 00 61 01 00 10 03 00 00 02 00 45 4E 03 00 82 57 1C 02 00 00 60 FB 9A 00 00 00 00 00 00 00 00 00 00 00 00 00 00 00 00 00 00 00 00 00 00 00 00 00 00 00 00 00 00 00 56 69 56 4F 74 65 63 68 32 00 61 01 00 19 04 00 00 02 00 45 4E 0C 00 84 01 1C 04 24 1C 04 31 2E 30 30 1C 02 00 F4 21 CC 5C 00 00 00 00 00 00 00 00 00 00 00 00 00 00 00 00 00 00 00 00 00 00 56 69 56 4F 74 65 63 68 32 00 61 01 00 10 03 00 00 02 00 45 4E 03 00 82 1A 1C 02 00 F4 21 58 29 00 00 00 00 00 00 00 00 00 00 00 00 00 00 00 00 00 00 00 00 00 00 00 00 00 00 00 00 00 00 00 56 69 56 4F 74 65 63 68 32 00 61 01 00 10 03 00 00 02 00 45 4E 03 00 82 68 1C 02 00 F4 21 96 F5 00 00 00 00 00 00 00 00 00 00 00 00 00 00 00 00 00 00 00 00 00 00 00 00 00 00 00 00 00 00 00 56 69 56 4F 74 65 63 68 32 00 61 01 00 10 03 00 00 02 00 45 4E 03 00 82 15 1C 02 00 F4 21 9D 2A 00 00 00 00 00 00 00 00 00 00 00 00 00 00 00 00 00 00 00 00 00 00 00 00 00 00 00 00 00 00 00 56 69 56 4F 74 65 63 68 32 00 02 23 01 9F E1 DF EE 26 02 E1 00 DF EE 12 0A FF FF 98 76 54 32 11 00 00 05 DF EF 4C 06 00 27 00 00 00 00 DF EF 4D 28 1C 73 44 BC 38 58 77 31 B9 50 CA B4 42 4C BA 49 C4 29 BB C3 D6 42 21 1E BF DD 48 81 01 16 FD A2 81 7A 72 6C 2C E9 42 49 DF 81 29 08 30 F0 F0 F0 A0 F0 FF 00 DF 81 16 16 1B FF 00 00 13 00 00 00 00 00 00 00 00 00 00 00 00 00 00 00 00 00 FF 81 05 81 E2 57 A1 13 48 31 CC CC CC CC 59 73 D2 81 2C CC CC CC CC CC CC CC CC 57 C1 18 8D E5 D3 1E AD 96 F2 AC 26 1A 52 4E C2 BB D3 97 9A E6 73 24 C2 7E C2 A9 5F 34 01 00 82 02 20 60 84 07 A0 00 00 00 03 10 10 95 05 00 00 00 00 00 9A 03 26 09 15 9C 01 00 9F 02 06 00 00 00 00 01 00 9F 03 06 00 00 00 00 00 00 9F 06 07 A0 00 00 00 03 10 10 9F 07 02 C0 00 9F 09 02 00 02 9F 10 20 1F 42 03 32 A0 00 00 00 00 10 03 02 73 00 00 00 00 40 00 00 00 00 00 00 00 00 00 00 00 00 00 00 9F 1A 02 08 40 9F 21 03 03 12 24 9F 26 08 47 A9 23 1C 17 9C BE 20 9F 27 01 80 9F 33 03 E0 08 C8 9F 35 01 15 9F 36 02 07 A9 9F 37 04 28 72 19 5C 9F 39 01 07 8F 01 10 9F 66 04 27 00 40 00 DF EF 7F 01 8C DF ED 6D 01 F1 FF EE 01 0A DF EE 30 01 00 DF EE 5B 01 08 DF EC 1C 1E 08 03 00 04 FF 00 1B 00 00 00 13 FF 00 00 00 00 00 00 00 00 00 00 00 00 00 00 00 00 FF 00 FF EE 06 13 9A 03 26 09 15 9F 21 03 03 12 21 DF EE 02 04 82 6A 83 0C 6B 1A 00 00 00 00 00 00 00 00 00 00  

 --- #4. Activate Transaction (VAS and PAY) with delay -- #2

2026/9/15 11:12:48.878 [TX] - 56 69 56 4F 74 65 63 68 32 00 02 40 00 22 F0 9F 02 06 00 00 00 00 01 00 9C 01 00 FF EE 06 11 9F 26 04 00 00 00 01 9F 22 02 01 00 DF EE 01 01 03 2A CD 
2026/9/15 11:12:48.918 [RX] - 56 69 56 4F 74 65 63 68 32 00 02 63 00 00 4B B4 00 00 00 00 00 00 00 00 00 00 00 00 00 00 00 00 00 00 00 00 00 00 00 00 00 00 00 00 00 00 00 00 00 00 00 00 00 00 00 00 00 00 00 00 00 00 00 56 69 56 4F 74 65 63 68 32 00 61 01 00 10 03 00 00 02 00 45 4E 03 00 82 57 1C 02 00 00 60 FB 9A 00 00 00 00 00 00 00 00 00 00 00 00 00 00 00 00 00 00 00 00 00 00 00 00 00 00 00 00 00 00 00 56 69 56 4F 74 65 63 68 32 00 61 01 00 19 04 00 00 02 00 45 4E 0C 00 84 01 1C 04 24 1C 04 31 2E 30 30 1C 02 00 F4 21 CC 5C 00 00 00 00 00 00 00 00 00 00 00 00 00 00 00 00 00 00 00 00 00 00 56 69 56 4F 74 65 63 68 32 00 61 01 00 10 03 00 00 02 00 45 4E 03 00 82 1A 1C 02 00 F4 21 58 29 00 00 00 00 00 00 00 00 00 00 00 00 00 00 00 00 00 00 00 00 00 00 00 00 00 00 00 00 00 00 00 56 69 56 4F 74 65 63 68 32 00 61 01 00 10 03 00 00 02 00 45 4E 03 00 82 68 1C 02 00 F4 21 96 F5 00 00 00 00 00 00 00 00 00 00 00 00 00 00 00 00 00 00 00 00 00 00 00 00 00 00 00 00 00 00 00 56 69 56 4F 74 65 63 68 32 00 61 01 00 10 03 00 00 02 00 45 4E 03 00 82 15 1C 02 00 F4 21 9D 2A 00 00 00 00 00 00 00 00 00 00 00 00 00 00 00 00 00 00 00 00 00 00 00 00 00 00 00 00 00 00 00 56 69 56 4F 74 65 63 68 32 00 02 23 01 9F E1 DF EE 26 02 E1 00 DF EE 12 0A FF FF 98 76 54 32 11 00 00 06 DF EF 4C 06 00 27 00 00 00 00 DF EF 4D 28 57 15 85 B8 18 43 04 E2 A8 43 E1 83 7C 83 B3 FA 14 16 E2 B5 67 C0 1B 57 C4 79 78 B9 EA 58 2C E9 F3 78 97 27 B2 9B 51 C5 DF 81 29 08 30 F0 F0 F0 A0 F0 FF 00 DF 81 16 16 1B FF 00 00 13 00 00 00 00 00 00 00 00 00 00 00 00 00 00 00 00 00 FF 81 05 81 E2 57 A1 13 48 31 CC CC CC CC 59 73 D2 81 2C CC CC CC CC CC CC CC CC 57 C1 18 0B 64 4D 36 22 0D 65 CC 04 81 07 20 28 AF 4D 2D 50 D4 F3 61 6D 5D 65 49 5F 34 01 00 82 02 20 60 84 07 A0 00 00 00 03 10 10 95 05 00 00 00 00 00 9A 03 26 09 15 9C 01 00 9F 02 06 00 00 00 00 01 00 9F 03 06 00 00 00 00 00 00 9F 06 07 A0 00 00 00 03 10 10 9F 07 02 C0 00 9F 09 02 00 02 9F 10 20 1F 42 03 32 A0 00 00 00 00 10 03 02 73 00 00 00 00 40 00 00 00 00 00 00 00 00 00 00 00 00 00 00 9F 1A 02 08 40 9F 21 03 03 12 33 9F 26 08 3B 59 C7 46 A8 E5 3A AC 9F 27 01 80 9F 33 03 E0 08 C8 9F 35 01 15 9F 36 02 07 AA 9F 37 04 B0 AB 3B D8 9F 39 01 07 8F 01 10 9F 66 04 27 00 40 00 DF EF 7F 01 8C DF ED 6D 01 F1 FF EE 01 0A DF EE 30 01 00 DF EE 5B 01 08 DF EC 1C 1E 08 03 00 04 FF 00 1B 00 00 00 13 FF 00 00 00 00 00 00 00 00 00 00 00 00 00 00 00 00 FF 00 FF EE 06 13 9A 03 26 09 15 9F 21 03 03 12 28 DF EE 02 04 82 6A 83 0C F7 82 00 00 00 00 00 00 00 00 00 00  

 --- #4. Activate Transaction (VAS and PAY) with delay -- #3

2026/9/15 11:12:58.654 [TX] - 56 69 56 4F 74 65 63 68 32 00 02 40 00 22 F0 9F 02 06 00 00 00 00 01 00 9C 01 00 FF EE 06 11 9F 26 04 00 00 00 01 9F 22 02 01 00 DF EE 01 01 03 2A CD 
2026/9/15 11:12:58.695 [RX] - 56 69 56 4F 74 65 63 68 32 00 02 63 00 00 4B B4 00 00 00 00 00 00 00 00 00 00 00 00 00 00 00 00 00 00 00 00 00 00 00 00 00 00 00 00 00 00 00 00 00 00 00 00 00 00 00 00 00 00 00 00 00 00 00 56 69 56 4F 74 65 63 68 32 00 61 01 00 10 03 00 00 02 00 45 4E 03 00 82 57 1C 02 00 00 60 FB 9A 00 00 00 00 00 00 00 00 00 00 00 00 00 00 00 00 00 00 00 00 00 00 00 00 00 00 00 00 00 00 00 56 69 56 4F 74 65 63 68 32 00 61 01 00 19 04 00 00 02 00 45 4E 0C 00 84 01 1C 04 24 1C 04 31 2E 30 30 1C 02 00 F4 21 CC 5C 00 00 00 00 00 00 00 00 00 00 00 00 00 00 00 00 00 00 00 00 00 00 56 69 56 4F 74 65 63 68 32 00 61 01 00 10 03 00 00 02 00 45 4E 03 00 82 1A 1C 02 00 F4 21 58 29 00 00 00 00 00 00 00 00 00 00 00 00 00 00 00 00 00 00 00 00 00 00 00 00 00 00 00 00 00 00 00 56 69 56 4F 74 65 63 68 32 00 61 01 00 10 03 00 00 02 00 45 4E 03 00 82 68 1C 02 00 F4 21 96 F5 00 00 00 00 00 00 00 00 00 00 00 00 00 00 00 00 00 00 00 00 00 00 00 00 00 00 00 00 00 00 00 56 69 56 4F 74 65 63 68 32 00 61 01 00 10 03 00 00 02 00 45 4E 03 00 82 15 1C 02 00 F4 21 9D 2A 00 00 00 00 00 00 00 00 00 00 00 00 00 00 00 00 00 00 00 00 00 00 00 00 00 00 00 00 00 00 00 56 69 56 4F 74 65 63 68 32 00 02 23 01 9F E1 DF EE 26 02 E1 00 DF EE 12 0A FF FF 98 76 54 32 11 00 00 07 DF EF 4C 06 00 27 00 00 00 00 DF EF 4D 28 8A 21 C8 13 22 C5 6F 05 0B B4 DD F3 50 CB 6C D7 B1 B3 86 7D 88 FA 73 79 25 A2 70 F0 1D A2 D6 61 C5 99 38 95 B8 28 6F 7A DF 81 29 08 30 F0 F0 F0 A0 F0 FF 00 DF 81 16 16 1B FF 00 00 13 00 00 00 00 00 00 00 00 00 00 00 00 00 00 00 00 00 FF 81 05 81 E2 57 A1 13 48 31 CC CC CC CC 59 73 D2 81 2C CC CC CC CC CC CC CC CC 57 C1 18 5D 35 67 AC E1 76 B3 A2 FF 1A 39 85 83 41 67 A6 8D 4D FA 9A 2A F8 F9 4D 5F 34 01 00 82 02 20 60 84 07 A0 00 00 00 03 10 10 95 05 00 00 00 00 00 9A 03 26 09 15 9C 01 00 9F 02 06 00 00 00 00 01 00 9F 03 06 00 00 00 00 00 00 9F 06 07 A0 00 00 00 03 10 10 9F 07 02 C0 00 9F 09 02 00 02 9F 10 20 1F 42 03 32 A0 00 00 00 00 10 03 02 73 00 00 00 00 40 00 00 00 00 00 00 00 00 00 00 00 00 00 00 9F 1A 02 08 40 9F 21 03 03 12 41 9F 26 08 25 5C 60 61 A5 99 8F B7 9F 27 01 80 9F 33 03 E0 08 C8 9F 35 01 15 9F 36 02 07 AB 9F 37 04 10 50 E8 3B 9F 39 01 07 8F 01 10 9F 66 04 27 00 40 00 DF EF 7F 01 8C DF ED 6D 01 F1 FF EE 01 0A DF EE 30 01 00 DF EE 5B 01 08 DF EC 1C 1E 08 03 00 04 FF 00 1B 00 00 00 13 FF 00 00 00 00 00 00 00 00 00 00 00 00 00 00 00 00 FF 00 FF EE 06 13 9A 03 26 09 15 9F 21 03 03 12 39 DF EE 02 04 82 6A 83 0C 4D E3 00 00 00 00 00 00 00 00 00 00  

 --- #4. Activate Transaction (VAS and PAY) with delay -- #4

2026/9/15 11:13:06.366 [TX] - 56 69 56 4F 74 65 63 68 32 00 02 40 00 22 F0 9F 02 06 00 00 00 00 01 00 9C 01 00 FF EE 06 11 9F 26 04 00 00 00 01 9F 22 02 01 00 DF EE 01 01 03 2A CD 
2026/9/15 11:13:06.429 [RX] - 56 69 56 4F 74 65 63 68 32 00 02 63 00 00 4B B4 00 00 00 00 00 00 00 00 00 00 00 00 00 00 00 00 00 00 00 00 00 00 00 00 00 00 00 00 00 00 00 00 00 00 00 00 00 00 00 00 00 00 00 00 00 00 00 56 69 56 4F 74 65 63 68 32 00 61 01 00 10 03 00 00 02 00 45 4E 03 00 82 57 1C 02 00 00 60 FB 9A 00 00 00 00 00 00 00 00 00 00 00 00 00 00 00 00 00 00 00 00 00 00 00 00 00 00 00 00 00 00 00 56 69 56 4F 74 65 63 68 32 00 61 01 00 19 04 00 00 02 00 45 4E 0C 00 84 01 1C 04 24 1C 04 31 2E 30 30 1C 02 00 F4 21 CC 5C 00 00 00 00 00 00 00 00 00 00 00 00 00 00 00 00 00 00 00 00 00 00 56 69 56 4F 74 65 63 68 32 00 61 01 00 10 03 00 00 02 00 45 4E 03 00 82 1A 1C 02 00 F4 21 58 29 00 00 00 00 00 00 00 00 00 00 00 00 00 00 00 00 00 00 00 00 00 00 00 00 00 00 00 00 00 00 00 56 69 56 4F 74 65 63 68 32 00 61 01 00 10 03 00 00 02 00 45 4E 03 00 82 68 1C 02 00 F4 21 96 F5 00 00 00 00 00 00 00 00 00 00 00 00 00 00 00 00 00 00 00 00 00 00 00 00 00 00 00 00 00 00 00 56 69 56 4F 74 65 63 68 32 00 61 01 00 10 03 00 00 02 00 45 4E 03 00 82 15 1C 02 00 F4 21 9D 2A 00 00 00 00 00 00 00 00 00 00 00 00 00 00 00 00 00 00 00 00 00 00 00 00 00 00 00 00 00 00 00 56 69 56 4F 74 65 63 68 32 00 02 23 01 9F E1 DF EE 26 02 E1 00 DF EE 12 0A FF FF 98 76 54 32 11 00 00 08 DF EF 4C 06 00 27 00 00 00 00 DF EF 4D 28 0D 44 20 EF CA 94 E6 82 C2 2E 98 72 9A 37 88 7D A9 3B C8 65 39 EC 9F 38 47 66 07 24 A3 00 CC 2A 3F F5 3B CA 95 BD 35 74 DF 81 29 08 30 F0 F0 F0 A0 F0 FF 00 DF 81 16 16 1B FF 00 00 13 00 00 00 00 00 00 00 00 00 00 00 00 00 00 00 00 00 FF 81 05 81 E2 57 A1 13 48 31 CC CC CC CC 59 73 D2 81 2C CC CC CC CC CC CC CC CC 57 C1 18 FF 8F 3C 71 43 D8 3C 0E 88 83 70 AD 78 40 04 60 2F 20 6B 2F A0 16 FE 88 5F 34 01 00 82 02 20 60 84 07 A0 00 00 00 03 10 10 95 05 00 00 00 00 00 9A 03 26 09 15 9C 01 00 9F 02 06 00 00 00 00 01 00 9F 03 06 00 00 00 00 00 00 9F 06 07 A0 00 00 00 03 10 10 9F 07 02 C0 00 9F 09 02 00 02 9F 10 20 1F 42 03 32 A0 00 00 00 00 10 03 02 73 00 00 00 00 40 00 00 00 00 00 00 00 00 00 00 00 00 00 00 9F 1A 02 08 40 9F 21 03 03 12 48 9F 26 08 B9 B3 87 A5 8F F5 0C BD 9F 27 01 80 9F 33 03 E0 08 C8 9F 35 01 15 9F 36 02 07 AC 9F 37 04 50 DF 32 A8 9F 39 01 07 8F 01 10 9F 66 04 27 00 40 00 DF EF 7F 01 8C DF ED 6D 01 F1 FF EE 01 0A DF EE 30 01 00 DF EE 5B 01 08 DF EC 1C 1E 08 03 00 04 FF 00 1B 00 00 00 13 FF 00 00 00 00 00 00 00 00 00 00 00 00 00 00 00 00 FF 00 FF EE 06 13 9A 03 26 09 15 9F 21 03 03 12 46 DF EE 02 04 82 6A 83 0C 1B A7 00 00 00 00 00 00 00 00 00 00  

 --- #4. Activate Transaction (VAS and PAY) with delay -- #5

2026/9/15 11:13:13.343 [TX] - 56 69 56 4F 74 65 63 68 32 00 02 40 00 22 F0 9F 02 06 00 00 00 00 01 00 9C 01 00 FF EE 06 11 9F 26 04 00 00 00 01 9F 22 02 01 00 DF EE 01 01 03 2A CD 
2026/9/15 11:13:13.383 [RX] - 56 69 56 4F 74 65 63 68 32 00 02 63 00 00 4B B4 00 00 00 00 00 00 00 00 00 00 00 00 00 00 00 00 00 00 00 00 00 00 00 00 00 00 00 00 00 00 00 00 00 00 00 00 00 00 00 00 00 00 00 00 00 00 00 56 69 56 4F 74 65 63 68 32 00 61 01 00 10 03 00 00 02 00 45 4E 03 00 82 57 1C 02 00 00 60 FB 9A 00 00 00 00 00 00 00 00 00 00 00 00 00 00 00 00 00 00 00 00 00 00 00 00 00 00 00 00 00 00 00 56 69 56 4F 74 65 63 68 32 00 61 01 00 19 04 00 00 02 00 45 4E 0C 00 84 01 1C 04 24 1C 04 31 2E 30 30 1C 02 00 F4 21 CC 5C 00 00 00 00 00 00 00 00 00 00 00 00 00 00 00 00 00 00 00 00 00 00 56 69 56 4F 74 65 63 68 32 00 61 01 00 10 03 00 00 02 00 45 4E 03 00 82 1A 1C 02 00 F4 21 58 29 00 00 00 00 00 00 00 00 00 00 00 00 00 00 00 00 00 00 00 00 00 00 00 00 00 00 00 00 00 00 00 56 69 56 4F 74 65 63 68 32 00 61 01 00 10 03 00 00 02 00 45 4E 03 00 82 68 1C 02 00 F4 21 96 F5 00 00 00 00 00 00 00 00 00 00 00 00 00 00 00 00 00 00 00 00 00 00 00 00 00 00 00 00 00 00 00 56 69 56 4F 74 65 63 68 32 00 61 01 00 10 03 00 00 02 00 45 4E 03 00 82 15 1C 02 00 F4 21 9D 2A 00 00 00 00 00 00 00 00 00 00 00 00 00 00 00 00 00 00 00 00 00 00 00 00 00 00 00 00 00 00 00 56 69 56 4F 74 65 63 68 32 00 02 23 01 9F E1 DF EE 26 02 E1 00 DF EE 12 0A FF FF 98 76 54 32 11 00 00 09 DF EF 4C 06 00 27 00 00 00 00 DF EF 4D 28 26 FC CD E9 D1 C9 3C 99 B0 A0 6B 43 40 84 7E 65 56 2A BF E8 37 01 39 6C 60 5C 60 61 52 7E 16 39 DC E3 98 74 FC 7B 7B DF DF 81 29 08 30 F0 F0 F0 A0 F0 FF 00 DF 81 16 16 1B FF 00 00 13 00 00 00 00 00 00 00 00 00 00 00 00 00 00 00 00 00 FF 81 05 81 E2 57 A1 13 48 31 CC CC CC CC 59 73 D2 81 2C CC CC CC CC CC CC CC CC 57 C1 18 F4 AF 96 9D 18 F8 07 61 28 B1 90 9C 6B B8 0F 02 71 9C E1 62 32 75 D5 8F 5F 34 01 00 82 02 20 60 84 07 A0 00 00 00 03 10 10 95 05 00 00 00 00 00 9A 03 26 09 15 9C 01 00 9F 02 06 00 00 00 00 01 00 9F 03 06 00 00 00 00 00 00 9F 06 07 A0 00 00 00 03 10 10 9F 07 02 C0 00 9F 09 02 00 02 9F 10 20 1F 42 03 32 A0 00 00 00 00 10 03 02 73 00 00 00 00 40 00 00 00 00 00 00 00 00 00 00 00 00 00 00 9F 1A 02 08 40 9F 21 03 03 12 56 9F 26 08 6F 98 64 97 55 2E 80 36 9F 27 01 80 9F 33 03 E0 08 C8 9F 35 01 15 9F 36 02 07 AD 9F 37 04 19 8F FD 35 9F 39 01 07 8F 01 10 9F 66 04 27 00 40 00 DF EF 7F 01 8C DF ED 6D 01 F1 FF EE 01 0A DF EE 30 01 00 DF EE 5B 01 08 DF EC 1C 1E 08 03 00 04 FF 00 1B 00 00 00 13 FF 00 00 00 00 00 00 00 00 00 00 00 00 00 00 00 00 FF 00 FF EE 06 13 9A 03 26 09 15 9F 21 03 03 12 53 DF EE 02 04 82 6A 83 0C B2 6F 00 00 00 00 00 00 00 00 00 00  
=======================================================================
 

 --- 02-40 pay only -- #1

2026/9/15 11:13:20.001 [TX] - 56 69 56 4F 74 65 63 68 32 00 02 40 00 27 F0 9F 02 06 00 00 00 00 01 00 9C 01 00 FF EE 06 11 9F 26 04 00 00 00 03 9F 22 02 01 00 DF EE 01 01 03 DF EF 37 01 02 40 38 
2026/9/15 11:13:20.252 [RX] - 56 69 56 4F 74 65 63 68 32 00 61 01 00 10 03 00 00 02 00 45 4E 03 00 82 54 1C 02 00 00 60 35 7A 00 00 00 00 00 00 00 00 00 00 00 00 00 00 00 00 00 00 00 00 00 00 00 00 00 00 00 00 00 00 00 56 69 56 4F 74 65 63 68 32 00 61 01 00 19 04 00 00 02 00 45 4E 0C 00 84 01 1C 04 24 1C 04 31 2E 30 30 1C 02 00 F4 21 CC 5C 00 00 00 00 00 00 00 00 00 00 00 00 00 00 00 00 00 00 00 00 00 00 56 69 56 4F 74 65 63 68 32 00 61 01 00 10 03 00 00 02 00 45 4E 03 00 82 1A 1C 02 00 F4 21 58 29 00 00 00 00 00 00 00 00 00 00 00 00 00 00 00 00 00 00 00 00 00 00 00 00 00 00 00 00 00 00 00 56 69 56 4F 74 65 63 68 32 00 61 01 00 10 03 00 00 02 00 45 4E 03 00 82 68 1C 02 00 F4 21 96 F5 00 00 00 00 00 00 00 00 00 00 00 00 00 00 00 00 00 00 00 00 00 00 00 00 00 00 00 00 00 00 00 56 69 56 4F 74 65 63 68 32 00 61 01 00 10 03 00 00 02 00 45 4E 03 00 82 15 1C 02 00 F4 21 9D 2A 00 00 00 00 00 00 00 00 00 00 00 00 00 00 00 00 00 00 00 00 00 00 00 00 00 00 00 00 00 00 00 56 69 56 4F 74 65 63 68 32 00 02 23 01 88 E1 DF EE 26 02 E1 00 DF EE 12 0A FF FF 98 76 54 32 11 00 00 0A DF EF 4C 06 00 27 00 00 00 00 DF EF 4D 28 FA 23 2D 16 76 6E 1E 1D 93 CC C6 10 66 9E B0 33 C6 79 8A BB 1F D8 6D D3 7C 97 E4 76 D7 E0 54 4D DF 7D 4A FC C3 42 58 55 DF 81 29 08 30 F0 F0 F0 A0 F0 FF 00 DF 81 16 16 1B FF 00 00 13 00 00 00 00 00 00 00 00 00 00 00 00 00 00 00 00 00 FF 81 05 81 E2 57 A1 13 48 31 CC CC CC CC 59 73 D2 81 2C CC CC CC CC CC CC CC CC 57 C1 18 B1 04 E6 19 D7 DD E3 AF E3 6A F4 AD ED B1 26 F0 DD 16 5B 7D 1F 19 18 69 5F 34 01 00 82 02 20 60 84 07 A0 00 00 00 03 10 10 95 05 00 00 00 00 00 9A 03 26 09 15 9C 01 00 9F 02 06 00 00 00 00 01 00 9F 03 06 00 00 00 00 00 00 9F 06 07 A0 00 00 00 03 10 10 9F 07 02 C0 00 9F 09 02 00 02 9F 10 20 1F 42 03 32 A0 00 00 00 00 10 03 02 73 00 00 00 00 40 00 00 00 00 00 00 00 00 00 00 00 00 00 00 9F 1A 02 08 40 9F 21 03 03 12 59 9F 26 08 E0 BA D8 AC 22 2B A2 E1 9F 27 01 80 9F 33 03 E0 08 C8 9F 35 01 15 9F 36 02 07 AE 9F 37 04 C6 44 3D 2F 9F 39 01 07 8F 01 10 9F 66 04 27 00 40 00 DF EF 7F 01 8C DF ED 6D 01 F1 FF EE 01 0A DF EE 30 01 00 DF EE 5B 01 08 DF EC 1C 1E 08 03 00 04 FF 00 1B 00 00 00 13 FF 00 00 00 00 00 00 00 00 00 00 00 00 00 00 00 00 FF 00 ED B5 00 00 00 00 00 00 00 00 00 00 00 00 00 00 00 00 00 00 00 00 00 00 00 00 00 00 00 00 00 00 00 00 00  

 --- 02-40 pay only -- #2

2026/9/15 11:13:26.526 [TX] - 56 69 56 4F 74 65 63 68 32 00 02 40 00 27 F0 9F 02 06 00 00 00 00 01 00 9C 01 00 FF EE 06 11 9F 26 04 00 00 00 03 9F 22 02 01 00 DF EE 01 01 03 DF EF 37 01 02 40 38 
2026/9/15 11:13:26.799 [RX] - 56 69 56 4F 74 65 63 68 32 00 61 01 00 10 03 00 00 02 00 45 4E 03 00 82 54 1C 02 00 00 60 35 7A 00 00 00 00 00 00 00 00 00 00 00 00 00 00 00 00 00 00 00 00 00 00 00 00 00 00 00 00 00 00 00 56 69 56 4F 74 65 63 68 32 00 61 01 00 19 04 00 00 02 00 45 4E 0C 00 84 01 1C 04 24 1C 04 31 2E 30 30 1C 02 00 F4 21 CC 5C 00 00 00 00 00 00 00 00 00 00 00 00 00 00 00 00 00 00 00 00 00 00 56 69 56 4F 74 65 63 68 32 00 61 01 00 10 03 00 00 02 00 45 4E 03 00 82 1A 1C 02 00 F4 21 58 29 00 00 00 00 00 00 00 00 00 00 00 00 00 00 00 00 00 00 00 00 00 00 00 00 00 00 00 00 00 00 00 56 69 56 4F 74 65 63 68 32 00 61 01 00 10 03 00 00 02 00 45 4E 03 00 82 68 1C 02 00 F4 21 96 F5 00 00 00 00 00 00 00 00 00 00 00 00 00 00 00 00 00 00 00 00 00 00 00 00 00 00 00 00 00 00 00 56 69 56 4F 74 65 63 68 32 00 61 01 00 10 03 00 00 02 00 45 4E 03 00 82 15 1C 02 00 F4 21 9D 2A 00 00 00 00 00 00 00 00 00 00 00 00 00 00 00 00 00 00 00 00 00 00 00 00 00 00 00 00 00 00 00 56 69 56 4F 74 65 63 68 32 00 02 23 01 88 E1 DF EE 26 02 E1 00 DF EE 12 0A FF FF 98 76 54 32 11 00 00 0B DF EF 4C 06 00 27 00 00 00 00 DF EF 4D 28 F4 7F 10 9E BE E9 3C CD 87 23 38 A6 36 50 1F B4 3B 76 D9 7E 6C 19 03 C0 F6 00 DF A0 A4 08 F3 B3 69 CC 82 CB DF C4 F0 D4 DF 81 29 08 30 F0 F0 F0 A0 F0 FF 00 DF 81 16 16 1B FF 00 00 13 00 00 00 00 00 00 00 00 00 00 00 00 00 00 00 00 00 FF 81 05 81 E2 57 A1 13 48 31 CC CC CC CC 59 73 D2 81 2C CC CC CC CC CC CC CC CC 57 C1 18 46 FA 89 5E 8B ED 16 10 15 F3 0B B4 62 72 E1 53 AA 66 C7 CF 0B 80 5B 66 5F 34 01 00 82 02 20 60 84 07 A0 00 00 00 03 10 10 95 05 00 00 00 00 00 9A 03 26 09 15 9C 01 00 9F 02 06 00 00 00 00 01 00 9F 03 06 00 00 00 00 00 00 9F 06 07 A0 00 00 00 03 10 10 9F 07 02 C0 00 9F 09 02 00 02 9F 10 20 1F 42 03 32 A0 00 00 00 00 10 03 02 73 00 00 00 00 40 00 00 00 00 00 00 00 00 00 00 00 00 00 00 9F 1A 02 08 40 9F 21 03 03 13 05 9F 26 08 10 0D 5C A9 E9 17 0B 4F 9F 27 01 80 9F 33 03 E0 08 C8 9F 35 01 15 9F 36 02 07 AF 9F 37 04 39 6D B5 1A 9F 39 01 07 8F 01 10 9F 66 04 27 00 40 00 DF EF 7F 01 8C DF ED 6D 01 F1 FF EE 01 0A DF EE 30 01 00 DF EE 5B 01 08 DF EC 1C 1E 08 03 00 04 FF 00 1B 00 00 00 13 FF 00 00 00 00 00 00 00 00 00 00 00 00 00 00 00 00 FF 00 20 7B 00 00 00 00 00 00 00 00 00 00 00 00 00 00 00 00 00 00 00 00 00 00 00 00 00 00 00 00 00 00 00 00 00  

 --- 02-40 pay only -- #3

2026/9/15 11:13:33.502 [TX] - 56 69 56 4F 74 65 63 68 32 00 02 40 00 27 F0 9F 02 06 00 00 00 00 01 00 9C 01 00 FF EE 06 11 9F 26 04 00 00 00 03 9F 22 02 01 00 DF EE 01 01 03 DF EF 37 01 02 40 38 
2026/9/15 11:13:33.787 [RX] - 56 69 56 4F 74 65 63 68 32 00 61 01 00 10 03 00 00 02 00 45 4E 03 00 82 54 1C 02 00 00 60 35 7A 00 00 00 00 00 00 00 00 00 00 00 00 00 00 00 00 00 00 00 00 00 00 00 00 00 00 00 00 00 00 00 56 69 56 4F 74 65 63 68 32 00 61 01 00 19 04 00 00 02 00 45 4E 0C 00 84 01 1C 04 24 1C 04 31 2E 30 30 1C 02 00 F4 21 CC 5C 00 00 00 00 00 00 00 00 00 00 00 00 00 00 00 00 00 00 00 00 00 00 56 69 56 4F 74 65 63 68 32 00 61 01 00 10 03 00 00 02 00 45 4E 03 00 82 1A 1C 02 00 F4 21 58 29 00 00 00 00 00 00 00 00 00 00 00 00 00 00 00 00 00 00 00 00 00 00 00 00 00 00 00 00 00 00 00 56 69 56 4F 74 65 63 68 32 00 61 01 00 10 03 00 00 02 00 45 4E 03 00 82 68 1C 02 00 F4 21 96 F5 00 00 00 00 00 00 00 00 00 00 00 00 00 00 00 00 00 00 00 00 00 00 00 00 00 00 00 00 00 00 00 56 69 56 4F 74 65 63 68 32 00 61 01 00 10 03 00 00 02 00 45 4E 03 00 82 15 1C 02 00 F4 21 9D 2A 00 00 00 00 00 00 00 00 00 00 00 00 00 00 00 00 00 00 00 00 00 00 00 00 00 00 00 00 00 00 00 56 69 56 4F 74 65 63 68 32 00 02 23 01 88 E1 DF EE 26 02 E1 00 DF EE 12 0A FF FF 98 76 54 32 11 00 00 0C DF EF 4C 06 00 27 00 00 00 00 DF EF 4D 28 61 58 CA 70 76 67 F2 DB F2 E7 CD 99 2E 89 BA AF 1B 24 BC 65 DA 0A 26 FB FF 0E DA 28 E5 11 4C 6D FB 37 AC 31 26 26 C7 05 DF 81 29 08 30 F0 F0 F0 A0 F0 FF 00 DF 81 16 16 1B FF 00 00 13 00 00 00 00 00 00 00 00 00 00 00 00 00 00 00 00 00 FF 81 05 81 E2 57 A1 13 48 31 CC CC CC CC 59 73 D2 81 2C CC CC CC CC CC CC CC CC 57 C1 18 F4 2A 68 C7 B6 C1 EA 05 C1 6A EF 33 A4 FF DA 45 5E 29 0F D8 D6 87 D3 4C 5F 34 01 00 82 02 20 60 84 07 A0 00 00 00 03 10 10 95 05 00 00 00 00 00 9A 03 26 09 15 9C 01 00 9F 02 06 00 00 00 00 01 00 9F 03 06 00 00 00 00 00 00 9F 06 07 A0 00 00 00 03 10 10 9F 07 02 C0 00 9F 09 02 00 02 9F 10 20 1F 42 03 32 A0 00 00 00 00 10 03 02 73 00 00 00 00 40 00 00 00 00 00 00 00 00 00 00 00 00 00 00 9F 1A 02 08 40 9F 21 03 03 13 12 9F 26 08 02 9C 00 82 43 D8 5A 67 9F 27 01 80 9F 33 03 E0 08 C8 9F 35 01 15 9F 36 02 07 B0 9F 37 04 C6 43 19 66 9F 39 01 07 8F 01 10 9F 66 04 27 00 40 00 DF EF 7F 01 8C DF ED 6D 01 F1 FF EE 01 0A DF EE 30 01 00 DF EE 5B 01 08 DF EC 1C 1E 08 03 00 04 FF 00 1B 00 00 00 13 FF 00 00 00 00 00 00 00 00 00 00 00 00 00 00 00 00 FF 00 D0 C2 00 00 00 00 00 00 00 00 00 00 00 00 00 00 00 00 00 00 00 00 00 00 00 00 00 00 00 00 00 00 00 00 00  

 --- 02-40 pay only -- #4

2026/9/15 11:13:40.767 [TX] - 56 69 56 4F 74 65 63 68 32 00 02 40 00 27 F0 9F 02 06 00 00 00 00 01 00 9C 01 00 FF EE 06 11 9F 26 04 00 00 00 03 9F 22 02 01 00 DF EE 01 01 03 DF EF 37 01 02 40 38 
2026/9/15 11:13:41.053 [RX] - 56 69 56 4F 74 65 63 68 32 00 61 01 00 10 03 00 00 02 00 45 4E 03 00 82 54 1C 02 00 00 60 35 7A 00 00 00 00 00 00 00 00 00 00 00 00 00 00 00 00 00 00 00 00 00 00 00 00 00 00 00 00 00 00 00 56 69 56 4F 74 65 63 68 32 00 61 01 00 19 04 00 00 02 00 45 4E 0C 00 84 01 1C 04 24 1C 04 31 2E 30 30 1C 02 00 F4 21 CC 5C 00 00 00 00 00 00 00 00 00 00 00 00 00 00 00 00 00 00 00 00 00 00 56 69 56 4F 74 65 63 68 32 00 61 01 00 10 03 00 00 02 00 45 4E 03 00 82 1A 1C 02 00 F4 21 58 29 00 00 00 00 00 00 00 00 00 00 00 00 00 00 00 00 00 00 00 00 00 00 00 00 00 00 00 00 00 00 00 56 69 56 4F 74 65 63 68 32 00 61 01 00 10 03 00 00 02 00 45 4E 03 00 82 68 1C 02 00 F4 21 96 F5 00 00 00 00 00 00 00 00 00 00 00 00 00 00 00 00 00 00 00 00 00 00 00 00 00 00 00 00 00 00 00 56 69 56 4F 74 65 63 68 32 00 61 01 00 10 03 00 00 02 00 45 4E 03 00 82 15 1C 02 00 F4 21 9D 2A 00 00 00 00 00 00 00 00 00 00 00 00 00 00 00 00 00 00 00 00 00 00 00 00 00 00 00 00 00 00 00 56 69 56 4F 74 65 63 68 32 00 02 23 01 88 E1 DF EE 26 02 E1 00 DF EE 12 0A FF FF 98 76 54 32 11 00 00 0D DF EF 4C 06 00 27 00 00 00 00 DF EF 4D 28 AC 0D AA 2A 32 2D F9 DE C1 54 7B 7B 05 D0 F0 7C 81 2A CE 2B E3 8F BA 64 32 EC E9 45 1E 19 1C A2 0E 39 6D 43 C9 0C 89 96 DF 81 29 08 30 F0 F0 F0 A0 F0 FF 00 DF 81 16 16 1B FF 00 00 13 00 00 00 00 00 00 00 00 00 00 00 00 00 00 00 00 00 FF 81 05 81 E2 57 A1 13 48 31 CC CC CC CC 59 73 D2 81 2C CC CC CC CC CC CC CC CC 57 C1 18 89 33 36 22 B9 9F DD 21 4E F7 27 9A 3E 24 9C 15 5F BE EB 1F 3B AA 33 57 5F 34 01 00 82 02 20 60 84 07 A0 00 00 00 03 10 10 95 05 00 00 00 00 00 9A 03 26 09 15 9C 01 00 9F 02 06 00 00 00 00 01 00 9F 03 06 00 00 00 00 00 00 9F 06 07 A0 00 00 00 03 10 10 9F 07 02 C0 00 9F 09 02 00 02 9F 10 20 1F 42 03 32 A0 00 00 00 00 10 03 02 73 00 00 00 00 40 00 00 00 00 00 00 00 00 00 00 00 00 00 00 9F 1A 02 08 40 9F 21 03 03 13 19 9F 26 08 00 3A 50 E5 A6 56 F1 03 9F 27 01 80 9F 33 03 E0 08 C8 9F 35 01 15 9F 36 02 07 B1 9F 37 04 B2 39 0F 15 9F 39 01 07 8F 01 10 9F 66 04 27 00 40 00 DF EF 7F 01 8C DF ED 6D 01 F1 FF EE 01 0A DF EE 30 01 00 DF EE 5B 01 08 DF EC 1C 1E 08 03 00 04 FF 00 1B 00 00 00 13 FF 00 00 00 00 00 00 00 00 00 00 00 00 00 00 00 00 FF 00 F7 09 00 00 00 00 00 00 00 00 00 00 00 00 00 00 00 00 00 00 00 00 00 00 00 00 00 00 00 00 00 00 00 00 00  

 --- 02-40 pay only -- #5

2026/9/15 11:13:47.440 [TX] - 56 69 56 4F 74 65 63 68 32 00 02 40 00 27 F0 9F 02 06 00 00 00 00 01 00 9C 01 00 FF EE 06 11 9F 26 04 00 00 00 03 9F 22 02 01 00 DF EE 01 01 03 DF EF 37 01 02 40 38 
2026/9/15 11:13:47.684 [RX] - 56 69 56 4F 74 65 63 68 32 00 61 01 00 10 03 00 00 02 00 45 4E 03 00 82 54 1C 02 00 00 60 35 7A 00 00 00 00 00 00 00 00 00 00 00 00 00 00 00 00 00 00 00 00 00 00 00 00 00 00 00 00 00 00 00 56 69 56 4F 74 65 63 68 32 00 61 01 00 19 04 00 00 02 00 45 4E 0C 00 84 01 1C 04 24 1C 04 31 2E 30 30 1C 02 00 F4 21 CC 5C 00 00 00 00 00 00 00 00 00 00 00 00 00 00 00 00 00 00 00 00 00 00 56 69 56 4F 74 65 63 68 32 00 61 01 00 10 03 00 00 02 00 45 4E 03 00 82 1A 1C 02 00 F4 21 58 29 00 00 00 00 00 00 00 00 00 00 00 00 00 00 00 00 00 00 00 00 00 00 00 00 00 00 00 00 00 00 00 56 69 56 4F 74 65 63 68 32 00 61 01 00 10 03 00 00 02 00 45 4E 03 00 82 68 1C 02 00 F4 21 96 F5 00 00 00 00 00 00 00 00 00 00 00 00 00 00 00 00 00 00 00 00 00 00 00 00 00 00 00 00 00 00 00 56 69 56 4F 74 65 63 68 32 00 61 01 00 10 03 00 00 02 00 45 4E 03 00 82 15 1C 02 00 F4 21 9D 2A 00 00 00 00 00 00 00 00 00 00 00 00 00 00 00 00 00 00 00 00 00 00 00 00 00 00 00 00 00 00 00 56 69 56 4F 74 65 63 68 32 00 02 23 01 88 E1 DF EE 26 02 E1 00 DF EE 12 0A FF FF 98 76 54 32 11 00 00 0E DF EF 4C 06 00 27 00 00 00 00 DF EF 4D 28 53 B1 0B FC F3 B3 86 8B AA 2F 3E 86 14 B6 83 FC B1 F9 BD CF 81 50 54 48 27 38 0E 91 01 11 6A C3 B7 C5 4D 3A 9D C2 F3 53 DF 81 29 08 30 F0 F0 F0 A0 F0 FF 00 DF 81 16 16 1B FF 00 00 13 00 00 00 00 00 00 00 00 00 00 00 00 00 00 00 00 00 FF 81 05 81 E2 57 A1 13 48 31 CC CC CC CC 59 73 D2 81 2C CC CC CC CC CC CC CC CC 57 C1 18 32 03 AA 88 15 13 62 5E FF CA 87 30 6F 3C 12 93 97 67 85 FC 89 94 08 FB 5F 34 01 00 82 02 20 60 84 07 A0 00 00 00 03 10 10 95 05 00 00 00 00 00 9A 03 26 09 15 9C 01 00 9F 02 06 00 00 00 00 01 00 9F 03 06 00 00 00 00 00 00 9F 06 07 A0 00 00 00 03 10 10 9F 07 02 C0 00 9F 09 02 00 02 9F 10 20 1F 42 03 32 A0 00 00 00 00 10 03 02 73 00 00 00 00 40 00 00 00 00 00 00 00 00 00 00 00 00 00 00 9F 1A 02 08 40 9F 21 03 03 13 26 9F 26 08 17 D3 9C 9E 0D 6A F9 AC 9F 27 01 80 9F 33 03 E0 08 C8 9F 35 01 15 9F 36 02 07 B2 9F 37 04 75 50 60 97 9F 39 01 07 8F 01 10 9F 66 04 27 00 40 00 DF EF 7F 01 8C DF ED 6D 01 F1 FF EE 01 0A DF EE 30 01 00 DF EE 5B 01 08 DF EC 1C 1E 08 03 00 04 FF 00 1B 00 00 00 13 FF 00 00 00 00 00 00 00 00 00 00 00 00 00 00 00 00 FF 00 84 BB 00 00 00 00 00 00 00 00 00 00 00 00 00 00 00 00 00 00 00 00 00 00 00 00 00 00 00 00 00 00 00 00 00  

1) AT w/ AppleVAS -- VAS and PAY, Failed count (5 cycles): 0
 
2) AT w/ AppleVAS -- PAY only, Failed count (5 cycles): 0
 

 ---------- END OF TEST ----------


 Please judge result by yourself...


 * Is Failed count reasonable?

 * Item 1 Failed count was more then Item 2?


Docklight Log File (HEX) - Stopped 2026/9/15 11:13:52.599 

