Docklight Log File (HEX) - Started 2026/9/9 11:16:47.814 
 TEST CASE: VL008

 --- Set POS COM PORT Settings
 Set POS COM PORT...
 POS operating on COM90 @ 115200 baud...
 Set POS COM PORT - COMPLETE

 

 >> Done button -- NA

2026/9/9 11:16:49.119 [TX] - 56 69 56 4F 74 65 63 68 32 00 F0 F4 00 03 05 00 00 27 06 
2026/9/9 11:16:49.123 [RX] - 56 69 56 4F 74 65 63 68 32 00 F0 05 00 00 10 5A  05 00 00 00 00 00 00 00 00 00 00 00 00 00 00 00 00 00 00 00 00 00 00 00 00 00 00 00 00 00 00 00 00 00 00 00 00 00 00 00 00 00 00 00 00 00 00 00  

 >> Swipe button -- NA

2026/9/9 11:16:49.629 [TX] - 56 69 56 4F 74 65 63 68 32 00 F0 F4 00 03 00 05 00 22 12 
2026/9/9 11:16:49.638 [RX] - 56 69 56 4F 74 65 63 68 32 00 F0 05 00 00 10 5A  05 00 00 00 00 00 00 00 00 00 00 00 00 00 00 00 00 00 00 00 00 00 00 00 00 00 00 00 00 00 00 00 00 00 00 00 00 00 00 00 00 00 00 00 00 00 00 00  

 >> Delay time -- NA

2026/9/9 11:16:50.145 [TX] - 56 69 56 4F 74 65 63 68 32 00 F0 F4 00 03 00 00 3C 08 1A 
2026/9/9 11:16:50.154 [RX] - 56 69 56 4F 74 65 63 68 32 00 F0 05 00 00 10 5A  05 00 00 00 00 00 00 00 00 00 00 00 00 00 00 00 00 00 00 00 00 00 00 00 00 00 00 00 00 00 00 00 00 00 00 00 00 00 00 00 00 00 00 00 00 00 00 00  

 >> Blue LED -- NA

2026/9/9 11:16:50.662 [TX] - 56 69 56 4F 74 65 63 68 32 00 F0 F7 00 01 00 25 09 
2026/9/9 11:16:50.670 [RX] - 56 69 56 4F 74 65 63 68 32 00 F0 0B 00 00 0B 5B 00 00 00 00 00 00 00 00 00 00 00 00 00 00 00 00 00 00 00 00 00 00 00 00 00 00 00 00 00 00 00 00 00 00 00 00 00 00 00 00 00 00 00 00 00 00 00  

 >> Line1 -- NA

2026/9/9 11:16:51.184 [TX] - 56 69 56 4F 74 65 63 68 32 00 F0 FC 00 21 61 61 61 61 61 61 61 61 61 61 61 61 61 61 61 61 61 61 61 61 61 61 61 61 61 61 61 61 61 61 61 61 61 01 C8 
2026/9/9 11:16:51.188 [RX] - 56 69 56 4F 74 65 63 68 32 00 F0 05 00 00 10 5A  05 00 00 00 00 00 00 00 00 00 00 00 00 00 00 00 00 00 00 00 00 00 00 00 00 00 00 00 00 00 00 00 00 00 00 00 00 00 00 00 00 00 00 00 00 00 00 00  

 >> Line2 -- NA

2026/9/9 11:16:51.699 [TX] - 56 69 56 4F 74 65 63 68 32 00 F0 FD 00 11 61 61 61 61 61 61 61 61 61 61 61 61 61 61 61 61 61 AF FB 
2026/9/9 11:16:51.706 [RX] - 56 69 56 4F 74 65 63 68 32 00 F0 05 00 00 10 5A  05 00 00 00 00 00 00 00 00 00 00 00 00 00 00 00 00 00 00 00 00 00 00 00 00 00 00 00 00 00 00 00 00 00 00 00 00 00 00 00 00 00 00 00 00 00 00 00  

 Result = PASSED
 ---------- END OF TEST ----------

 Result = PASSED
 

 MASTER RESULT = PASSED


Docklight Log File (HEX) - Stopped 2026/9/9 11:16:53.307 

