Docklight Log File (HEX) - Started 2026/9/14 15:16:48.339 
 TEST CASE: PCD004

 --- Set POS COM PORT Settings
 Set POS COM PORT...
 POS operating on COM90 @ 115200 baud...
 Set POS COM PORT - COMPLETE


2026/9/14 15:16:51.114 [TX] - 56 69 56 4F 74 65 63 68 32 00 2C 01 00 01 00 38 0D 
2026/9/14 15:16:51.120 [RX] - 56 69 56 4F 74 65 63 68 32 00 2C 0C 00 00 69 FA 00 00 00 00 00 00 00 00 00 00 00 00 00 00 00 00 00 00 00 00 00 00 00 00 00 00 00 00 00 00 00 00 00 00 00 00 00 00 00 00 00 00 00 00 00 00 00  --- Start PT Mode

2026/9/14 15:16:55.660 [TX] - 56 69 56 4F 74 65 63 68 32 00 2C 01 00 01 01 19 1D 
2026/9/14 15:16:55.674 [RX] - 56 69 56 4F 74 65 63 68 32 00 2C 00 00 00 1C 9B 00 00 00 00 00 00 00 00 00 00 00 00 00 00 00 00 00 00 00 00 00 00 00 00 00 00 00 00 00 00 00 00 00 00 00 00 00 00 00 00 00 00 00 00 00 00 00  ---Turn On Antenna

2026/9/14 15:16:56.101 [TX] - 56 69 56 4F 74 65 63 68 32 00 28 01 00 01 01 1F 94 
2026/9/14 15:16:56.113 [RX] - 56 69 56 4F 74 65 63 68 32 00 28 00 00 00 D6 6A 00 00 00 00 00 00 00 00 00 00 00 00 00 00 00 00 00 00 00 00 00 00 00 00 00 00 00 00 00 00 00 00 00 00 00 00 00 00 00 00 00 00 00 00 00 00 00  ---Poll For Token

2026/9/14 15:16:56.530 [TX] - 56 69 56 4F 74 65 63 68 32 00 2C 02 00 02 00 C8 6B 06 
2026/9/14 15:16:56.587 [RX] - 56 69 56 4F 74 65 63 68 32 00 2C 00 00 05 03 7E BD BA E5 FA EE 00 00 00 00 00 00 00 00 00 00 00 00 00 00 00 00 00 00 00 00 00 00 00 00 00 00 00 00 00 00 00 00 00 00 00 00 00 00 00 00 00 00  --- PCD Load Key 0F0F0F0F

2026/9/14 15:16:57.027 [TX] - 56 69 56 4F 74 65 63 68 32 00 2C 04 00 13 19 00 00 29 68 01 0F 0F 0F 0F 0F 0F 0F 0F 0F 0F 0F 0F 0F 0E 89 
2026/9/14 15:16:57.036 [RX] - 56 69 56 4F 74 65 63 68 32 00 2C 00 00 05 00 00 00 00 00 14 F0 00 00 00 00 00 00 00 00 00 00 00 00 00 00 00 00 00 00 00 00 00 00 00 00 00 00 00 00 00 00 00 00 00 00 00 00 00 00 00 00 00 00  --- PCD Auth Sector 0 - add card snr

2026/9/14 15:16:57.453 [TX] - 56 69 56 4F 74 65 63 68 32 00 2C 04 00 0D 0C 00 00 29 68 01 0F 60 03 7E BD BA E5 EA C9 
2026/9/14 15:16:57.462 [RX] - 56 69 56 4F 74 65 63 68 32 00 2C 00 00 05 00 00 00 00 00 14 F0 00 00 00 00 00 00 00 00 00 00 00 00 00 00 00 00 00 00 00 00 00 00 00 00 00 00 00 00 00 00 00 00 00 00 00 00 00 00 00 00 00 00  --- PCD Read Block 0

2026/9/14 15:16:57.881 [TX] - 56 69 56 4F 74 65 63 68 32 00 2C 04 00 09 1E 00 00 29 68 01 0F 30 00 2C C1 
2026/9/14 15:16:57.891 [RX] - 56 69 56 4F 74 65 63 68 32 00 2C 00 00 15 00 00 00 00 80 7E BD BA E5 9C 88 04 00 46 8F 34 94 5D 00 22 10 9F 9B 00 00 00 00 00 00 00 00 00 00 00 00 00 00 00 00 00 00 00 00 00 00 00 00 00 00  --- PCD Read Block 1

2026/9/14 15:16:58.307 [TX] - 56 69 56 4F 74 65 63 68 32 00 2C 04 00 09 1E 00 00 29 68 01 0F 30 01 0D D1 
2026/9/14 15:16:58.318 [RX] - 56 69 56 4F 74 65 63 68 32 00 2C 00 00 15 00 00 00 00 80 11 11 11 11 11 11 11 11 11 11 11 11 11 11 11 11 13 15 00 00 00 00 00 00 00 00 00 00 00 00 00 00 00 00 00 00 00 00 00 00 00 00 00 00  --- PCD Read Block 2

2026/9/14 15:16:58.751 [TX] - 56 69 56 4F 74 65 63 68 32 00 2C 04 00 09 1E 00 00 29 68 01 0F 30 02 6E E1 
2026/9/14 15:16:58.760 [RX] - 56 69 56 4F 74 65 63 68 32 00 2C 00 00 15 00 00 00 00 80 22 22 22 22 22 22 22 22 22 22 22 22 22 22 22 22 E3 1F 00 00 00 00 00 00 00 00 00 00 00 00 00 00 00 00 00 00 00 00 00 00 00 00 00 00  --- PCD Read Block 3

2026/9/14 15:16:59.202 [TX] - 56 69 56 4F 74 65 63 68 32 00 2C 04 00 09 1E 00 00 29 68 01 0F 30 03 4F F1 
2026/9/14 15:16:59.211 [RX] - 56 69 56 4F 74 65 63 68 32 00 2C 00 00 15 00 00 00 00 80 00 00 00 00 00 00 FF 07 80 69 FF FF FF FF FF FF 6D 34 00 00 00 00 00 00 00 00 00 00 00 00 00 00 00 00 00 00 00 00 00 00 00 00 00 00 
2026/9/14 15:16:59.222 [TX] - 56 69 56 4F 74 65 63 68 32 00 2C 01 00 01 00 38 0D 
2026/9/14 15:16:59.234 [RX] - 56 69 56 4F 74 65 63 68 32 00 2C 00 00 00 1C 9B 00 00 00 00 00 00 00 00 00 00 00 00 00 00 00 00 00 00 00 00 00 00 00 00 00 00 00 00 00 00 00 00 00 00 00 00 00 00 00 00 00 00 00 00 00 00 00  

 Result = PASSED
 ---------- END OF TEST ----------

 

 MASTER RESULT = PASSED


Docklight Log File (HEX) - Stopped 2026/9/14 15:17:00.853 

