Docklight Log File (HEX) - Started 2026/9/14 10:28:55.204 
 TEST CASE: CR034

 --- Set POS COM PORT Settings
 Set POS COM PORT...
 POS operating on COM90 @ 115200 baud...
 Set POS COM PORT - COMPLETE

 --- PassThrough: START

2026/9/14 10:28:56.540 [TX] - 56 69 56 4F 74 65 63 68 32 00 2C 01 00 01 01 1D 19 
2026/9/14 10:28:56.555 [RX] - 56 69 56 4F 74 65 63 68 32 00 2C 00  PASS 00 00 1C 9B 00 00 00 00 00 00 00 00 00 00 00 00 00 00 00 00 00 00 00 00 00 00 00 00 00 00 00 00 00 00 00 00 00 00 00 00 00 00 00 00 00 00 00 00 00 00 00  

 --- Get ATR length error

2026/9/14 10:28:56.568 [TX] - 56 69 56 4F 74 65 63 68 32 00 2C 12 00 01 20 20 21 A1 
2026/9/14 10:28:56.571 [RX] - 56 69 56 4F 74 65 63 68 32 00 2C 04 00 00 C0 5B 00 00 00 00 00 00 00 00 00 00 00 00 00 00 00 00 00 00 00 00 00 00 00 00 00 00 00 00 00 00 00 00 00 00 00 00 00 00 00 00 00 00 00 00 00 00 00  

 --- Get ATR data error

2026/9/14 10:28:56.601 [TX] - 56 69 56 4F 74 65 63 68 32 00 2C 12 00 01 29 08 38 
2026/9/14 10:28:56.606 [RX] - 56 69 56 4F 74 65 63 68 32 00 2C 05 00 00 F7 6B 00 00 00 00 00 00 00 00 00 00 00 00 00 00 00 00 00 00 00 00 00 00 00 00 00 00 00 00 00 00 00 00 00 00 00 00 00 00 00 00 00 00 00 00 00 00 00  

 --- Get ATR crc error

2026/9/14 10:28:56.634 [TX] - 56 69 56 4F 74 65 63 68 32 00 2C 12 00 01 20 11 11 
2026/9/14 10:28:56.650 [RX] - 56 69 56 4F 74 65 63 68 32 00 2C 04 00 00 C0 5B 00 00 00 00 00 00 00 00 00 00 00 00 00 00 00 00 00 00 00 00 00 00 00 00 00 00 00 00 00 00 00 00 00 00 00 00 00 00 00 00 00 00 00 00 00 00 00  

 --- Exchange APDU Data length error

2026/9/14 10:28:56.671 [TX] - 56 69 56 4F 74 65 63 68 32 00 2C 13 00 13 20 00 A4 04 00 0E 31 50 41 59 2E 53 59 53 2E 44 44 46 30 31 E4 F1 
2026/9/14 10:28:56.681 [RX] - 56 69 56 4F 74 65 63 68 32 00 2C 04 00 00 C0 5B 00 00 00 00 00 00 00 00 00 00 00 00 00 00 00 00 00 00 00 00 00 00 00 00 00 00 00 00 00 00 00 00 00 00 00 00 00 00 00 00 00 00 00 00 00 00 00  

 --- Exchange APDU Data data error

2026/9/14 10:28:56.702 [TX] - 56 69 56 4F 74 65 63 68 32 00 2C 13 00 14 29 00 A4 04 00 0E 31 50 41 59 2E 53 59 53 2E 44 44 46 30 31 7B 65 
2026/9/14 10:28:56.712 [RX] - 56 69 56 4F 74 65 63 68 32 00 2C 05 00 00 F7 6B 00 00 00 00 00 00 00 00 00 00 00 00 00 00 00 00 00 00 00 00 00 00 00 00 00 00 00 00 00 00 00 00 00 00 00 00 00 00 00 00 00 00 00 00 00 00 00  

 --- Exchange APDU Data crc error

2026/9/14 10:28:56.740 [TX] - 56 69 56 4F 74 65 63 68 32 00 2C 13 00 14 20 00 A4 04 00 0E 31 50 41 59 2E 53 59 53 2E 44 44 46 30 31 11 11 
2026/9/14 10:28:56.742 [RX] - 56 69 56 4F 74 65 63 68 32 00 2C 04 00 00 C0 5B 00 00 00 00 00 00 00 00 00 00 00 00 00 00 00 00 00 00 00 00 00 00 00 00 00 00 00 00 00 00 00 00 00 00 00 00 00 00 00 00 00 00 00 00 00 00 00  

 --- Contact Power Off length error

2026/9/14 10:28:56.764 [TX] - 56 69 56 4F 74 65 63 68 32 00 2C 18 00 01 20 20 67 0F 
2026/9/14 10:28:56.774 [RX] - 56 69 56 4F 74 65 63 68 32 00 2C 04 00 00 C0 5B 00 00 00 00 00 00 00 00 00 00 00 00 00 00 00 00 00 00 00 00 00 00 00 00 00 00 00 00 00 00 00 00 00 00 00 00 00 00 00 00 00 00 00 00 00 00 00  

 --- Contact Power Off data error

2026/9/14 10:28:56.803 [TX] - 56 69 56 4F 74 65 63 68 32 00 2C 18 00 01 29 A3 50 
2026/9/14 10:28:56.807 [RX] - 56 69 56 4F 74 65 63 68 32 00 2C 05 00 00 F7 6B 00 00 00 00 00 00 00 00 00 00 00 00 00 00 00 00 00 00 00 00 00 00 00 00 00 00 00 00 00 00 00 00 00 00 00 00 00 00 00 00 00 00 00 00 00 00 00  

 --- Contact Power Off crc error

2026/9/14 10:28:56.849 [TX] - 56 69 56 4F 74 65 63 68 32 00 2C 18 00 01 20 11 11 
2026/9/14 10:28:56.853 [RX] - 56 69 56 4F 74 65 63 68 32 00 2C 04 00 00 C0 5B 00 00 00 00 00 00 00 00 00 00 00 00 00 00 00 00 00 00 00 00 00 00 00 00 00 00 00 00 00 00 00 00 00 00 00 00 00 00 00 00 00 00 00 00 00 00 00  

 --- PassThrough: STOP

2026/9/14 10:28:56.881 [TX] - 56 69 56 4F 74 65 63 68 32 00 2C 01 00 01 00 0D 38 
2026/9/14 10:28:56.893 [RX] - 56 69 56 4F 74 65 63 68 32 00 2C 00  PASS 00 00 1C 9B 00 00 00 00 00 00 00 00 00 00 00 00 00 00 00 00 00 00 00 00 00 00 00 00 00 00 00 00 00 00 00 00 00 00 00 00 00 00 00 00 00 00 00 00 00 00 00  

 Result = PASSED
 ---------- END OF TEST ----------

 Result = PASSED
 

 MASTER RESULT = PASSED


Docklight Log File (HEX) - Stopped 2026/9/14 10:28:58.041 

