Docklight Log File (HEX) - Started 2026/9/9 16:48:39.432 
 TEST CASE: BTS012

 --- Set POS COM PORT Settings
 Set POS COM PORT...
 POS operating on COM90 @ 115200 baud...
 Set POS COM PORT - COMPLETE

 --- Data Encrypt disable

2026/9/9 16:48:40.580 [TX] - 56 69 56 4F 74 65 63 68 32 00 C7 36 00 01 00 0F A7 
2026/9/9 16:48:40.583 [RX] - 56 69 56 4F 74 65 63 68 32 00 C7 00 00 00 86 6E 00 00 00 00 00 00 00 00 00 00 00 00 00 00 00 00 00 00 00 00 00 00 00 00 00 00 00 00 00 00 00 00 00 00 00 00 00 00 00 00 00 00 00 00 00 00 00  

 --- (04-00) DFED3F disable VAS Encryption

2026/9/9 16:48:41.106 [TX] - 56 69 56 4F 74 65 63 68 32 00 04 00 00 05 DF ED 3F 01 00 21 AF 
2026/9/9 16:48:41.149 [RX] - 56 69 56 4F 74 65 63 68 32 00 04 00 00 00 AE 16 00 00 00 00 00 00 00 00 00 00 00 00 00 00 00 00 00 00 00 00 00 00 00 00 00 00 00 00 00 00 00 00 00 00 00 00 00 00 00 00 00 00 00 00 00 00 00  

 --- (04-00) DFEF4B Enable Transact Output

2026/9/9 16:48:41.687 [TX] - 56 69 56 4F 74 65 63 68 32 00 04 00 00 07 DF EF 4B 03 12 00 02 4C 49 
2026/9/9 16:48:41.771 [RX] - 56 69 56 4F 74 65 63 68 32 00 04 00 00 00 AE 16 00 00 00 00 00 00 00 00 00 00 00 00 00 00 00 00 00 00 00 00 00 00 00 00 00 00 00 00 00 00 00 00 00 00 00 00 00 00 00 00 00 00 00 00 00 00 00  

 --- Poll on demand

2026/9/9 16:48:42.297 [TX] - 56 69 56 4F 74 65 63 68 32 00 01 01 00 01 01 D7 34 
2026/9/9 16:48:42.305 [RX] - 56 69 56 4F 74 65 63 68 32 00 01 00 00 00 12 53 00 00 00 00 00 00 00 00 00 00 00 00 00 00 00 00 00 00 00 00 00 00 00 00 00 00 00 00 00 00 00 00 00 00 00 00 00 00 00 00 00 00 00 00 00 00 00  

 --- Burst mode off

2026/9/9 16:48:42.828 [TX] - 56 69 56 4F 74 65 63 68 32 00 04 00 00 05 DF EE 7E 01 00 60 1E 
2026/9/9 16:48:42.874 [RX] - 56 69 56 4F 74 65 63 68 32 00 04 00 00 00 AE 16 00 00 00 00 00 00 00 00 00 00 00 00 00 00 00 00 00 00 00 00 00 00 00 00 00 00 00 00 00 00 00 00 00 00 00 00 00 00 00 00 00 00 00 00 00 00 00  

 --- C7 6D _Set Campus Keyset - SWARTHMORE

2026/9/9 16:48:43.415 [TX] - 56 69 56 4F 74 65 63 68 32 00 C7 6D 00 C9 00 00 01 01 C9 02 01 1D 03 01 00 04 1D 41 6C 6C 65 67 69 6F 6E 20 46 4C 20 49 6E 73 74 69 74 75 74 65 20 6F 66 20 54 65 63 68 05 03 02 04 19 10 01 00 11 01 01 12 01 00 13 01 05 14 03 A1 1E 00 15 10 43 4E E7 0F 7C 5C B1 3A 07 13 12 9A FC BA AB 96 16 03 A1 1E 01 17 10 6A 0E 02 CA 7A 74 C2 E8 6E 37 D2 E4 82 FF 1C 5D 18 03 A1 1E 02 19 10 87 FA E3 91 47 A5 92 04 A2 E0 56 E2 E9 48 E5 D5 20 01 00 21 01 01 22 01 00 23 01 50 24 03 03 05 19 25 10 53 BC 7F 4D DD A9 78 20 43 26 04 55 9A 6F 0D F8 40 01 01 41 01 02 42 01 00 43 01 30 44 03 F3 32 F5 45 10 A4 34 7E 7C EF 4C 85 CB 48 17 48 8E 25 74 6E 57 46 01 00 BD B1 
2026/9/9 16:48:43.429 [RX] - 56 69 56 4F 74 65 63 68 32 00 C7 00 00 3D 4E 92 BB DB 2A 45 1E 66 87 8F 6B 35 B4 0E 9D 04 08 7B 33 4C 4D 20 5B 93 2D 5B DD 28 1B CB 9F 47 41 6C 6C 65 67 69 6F 6E 20 46 4C 20 49 6E 73 74 69 74 75 74 65 20 6F 66 20 54 65 63 68 A4 2D 00 00 00 00 00 00 00 00 00 00 00 00 00 00 00 00 00 00 00 00 00 00 00 00 00 00 00 00 00 00 00 00 00 00 00 00 00 00 00 00 00 00 00 00 00 00 00 00 00  

 --- (02-40) Apple VAS (NEO2)

2026/9/9 16:48:54.220 [TX] - 56 69 56 4F 74 65 63 68 32 00 02 40 00 29 30 9F 02 06 00 00 00 00 00 01 FF EE 06 1B 9F 22 02 02 00 9F 26 04 00 00 00 02 DF ED 57 06 C3 02 00 02 00 01 DF EE 01 01 03 5E DD 
2026/9/9 16:48:54.808 [RX] - 56 69 56 4F 74 65 63 68 32 00 02 00 00 52 21 DF EE 26 02 21 00 DF EF 4C 06 00 00 00 00 30 00 DF EF 4D 30 00 04 00 00 00 03 55 00 00 00 00 00 03 45 59 00 00 00 00 00 10 01 00 00 01 AC 60 01 0D FF 28 58 00 00 00 00 00 00 00 00 FC F8 6D BC 68 70 41 01 9F 39 01 07 FF EE 01 05 DF EE 30 01 00 E3 E3 00 00 00 00 00 00 00 00 00 00 00 00 00 00 00 00 00 00 00 00 00 00 00 00 00 00 00 00  

 --- (02 40) SmartTap 2

2026/9/9 16:48:56.029 [TX] - 56 69 56 4F 74 65 63 68 32 00 02 40 00 22 30 9F 02 06 00 00 00 00 00 01 FF EE 08 14 DF ED 57 06 00 00 00 02 00 01 DF EF 1A 01 02 DF ED 28 01 00 9F 4F 
2026/9/9 16:48:56.712 [RX] - 56 69 56 4F 74 65 63 68 32 00 02 00 00 52 21 DF EE 26 02 21 00 DF EF 4C 06 00 00 00 00 30 00 DF EF 4D 30 00 04 00 00 00 03 55 00 00 00 00 00 03 45 59 00 00 00 00 00 10 01 00 00 01 AC 60 01 0D FF 28 58 00 00 00 00 00 00 00 00 FC F8 6D BC 68 70 41 01 9F 39 01 07 FF EE 01 05 DF EE 30 01 00 E3 E3 00 00 00 00 00 00 00 00 00 00 00 00 00 00 00 00 00 00 00 00 00 00 00 00 00 00 00 00  

 --- 02-40 w/ AppleVAS -- VAS or PAY (NEO2)

2026/9/9 16:48:58.254 [TX] - 56 69 56 4F 74 65 63 68 32 00 02 40 00 34 30 9F 02 06 00 00 00 00 00 01 9C 01 00 FF EE 06 23 9F 22 02 02 00 9F 26 04 00 00 00 00 9F 2B 05 01 00 00 00 00 DF EE 01 01 01 DF ED 57 06 C3 02 00 02 00 01 C9 CC 
2026/9/9 16:48:58.805 [RX] - 56 69 56 4F 74 65 63 68 32 00 02 00 00 52 21 DF EE 26 02 21 00 DF EF 4C 06 00 00 00 00 30 00 DF EF 4D 30 00 04 00 00 00 03 55 00 00 00 00 00 03 45 59 00 00 00 00 00 10 01 00 00 01 AC 60 01 0D FF 28 58 00 00 00 00 00 00 00 00 FC F8 6D BC 68 70 41 01 9F 39 01 07 FF EE 01 05 DF EE 30 01 00 E3 E3 00 00 00 00 00 00 00 00 00 00 00 00 00 00 00 00 00 00 00 00 00 00 00 00 00 00 00 00  

 --- 02-40 w/ AppleVAS -- VAS and PAY (NEO2)

2026/9/9 16:48:59.998 [TX] - 56 69 56 4F 74 65 63 68 32 00 02 40 00 34 30 9F 02 06 00 00 00 00 00 01 9C 01 00 FF EE 06 23 9F 22 02 02 00 9F 26 04 00 00 00 01 9F 2B 05 01 00 00 00 00 DF EE 01 01 01 DF ED 57 06 C3 02 00 02 00 01 CA FB 
2026/9/9 16:49:00.477 [RX] - 56 69 56 4F 74 65 63 68 32 00 02 00 00 52 21 DF EE 26 02 21 00 DF EF 4C 06 00 00 00 00 30 00 DF EF 4D 30 00 04 00 00 00 03 55 00 00 00 00 00 03 45 59 00 00 00 00 00 10 01 00 00 01 AC 60 01 0D FF 28 58 00 00 00 00 00 00 00 00 FC F8 6D BC 68 70 41 01 9F 39 01 07 FF EE 01 05 DF EE 30 01 00 E3 E3 00 00 00 00 00 00 00 00 00 00 00 00 00 00 00 00 00 00 00 00 00 00 00 00 00 00 00 00  

 --- 02-40 w/ SmartTAP -- VAS or PAY

2026/9/9 16:49:01.501 [TX] - 56 69 56 4F 74 65 63 68 32 00 02 40 00 25 30 9F 02 06 00 00 00 00 00 01 9C 01 00 FF EE 08 14 DF ED 57 06 00 00 00 02 00 01 DF EF 1A 01 00 DF ED 28 01 00 81 0F 
2026/9/9 16:49:01.933 [RX] - 56 69 56 4F 74 65 63 68 32 00 02 00 00 52 21 DF EE 26 02 21 00 DF EF 4C 06 00 00 00 00 30 00 DF EF 4D 30 00 04 00 00 00 03 55 00 00 00 00 00 03 45 59 00 00 00 00 00 10 01 00 00 01 AC 60 01 0D FF 28 58 00 00 00 00 00 00 00 00 FC F8 6D BC 68 70 41 01 9F 39 01 07 FF EE 01 05 DF EE 30 01 00 E3 E3 00 00 00 00 00 00 00 00 00 00 00 00 00 00 00 00 00 00 00 00 00 00 00 00 00 00 00 00  

 --- 02-40 w/ SmartTAP -- VAS and PAY

2026/9/9 16:49:02.931 [TX] - 56 69 56 4F 74 65 63 68 32 00 02 40 00 25 30 9F 02 06 00 00 00 00 00 01 9C 01 00 FF EE 08 14 DF ED 57 06 00 00 00 02 00 01 DF EF 1A 01 01 DF ED 28 01 00 21 4A 
2026/9/9 16:49:03.404 [RX] - 56 69 56 4F 74 65 63 68 32 00 02 00 00 52 21 DF EE 26 02 21 00 DF EF 4C 06 00 00 00 00 30 00 DF EF 4D 30 00 04 00 00 00 03 55 00 00 00 00 00 03 45 59 00 00 00 00 00 10 01 00 00 01 AC 60 01 0D FF 28 58 00 00 00 00 00 00 00 00 FC F8 6D BC 68 70 41 01 9F 39 01 07 FF EE 01 05 DF EE 30 01 00 E3 E3 00 00 00 00 00 00 00 00 00 00 00 00 00 00 00 00 00 00 00 00 00 00 00 00 00 00 00 00  

 ---------- END OF TEST ----------

 Result = PASSED


Docklight Log File (HEX) - Stopped 2026/9/9 16:49:03.503 

