Docklight Log File (HEX) - Started 2026/9/30 15:39:44.709 
 TEST CASE: MF000405-4K

 --- Set POS COM PORT Settings
 Set POS COM PORT...
 POS operating on COM90 @ 115200 baud...
 Set POS COM PORT - COMPLETE


2026/9/30 15:39:46.053 [TX] - 56 69 56 4F 74 65 63 68 32 00 2C 01 00 01 00 0D 38 
2026/9/30 15:39:46.069 [RX] - 56 69 56 4F 74 65 63 68 32 00 2C 0C 00 00 69 FA 00 00 00 00 00 00 00 00 00 00 00 00 00 00 00 00 00 00 00 00 00 00 00 00 00 00 00 00 00 00 00 00 00 00 00 00 00 00 00 00 00 00 00 00 00 00 00  
PT Start


2026/9/30 15:39:47.062 [TX] - 56 69 56 4F 74 65 63 68 32 00 2C 01 00 01 01 1D 19 
2026/9/30 15:39:47.074 [RX] - 56 69 56 4F 74 65 63 68 32 00 2C 00 00 00 1C 9B  PT command (OK)

2026/9/30 15:39:47.074 [RX] - 00 00 00 00 00 00 00 00 00 00 00 00 00 00 00 00 00 00 00 00 00 00 00 00 00 00 00 00 00 00 00 00 00 00 00 00 00 00 00 00 00 00 00 00 00 00 00  
Antenna Enable


2026/9/30 15:39:47.082 [TX] - 56 69 56 4F 74 65 63 68 32 00 28 01 00 01 01 94 1F 
2026/9/30 15:39:47.092 [RX] - 56 69 56 4F 74 65 63 68 32 00 28 00 00 00 D6 6A  Antenna Enable (OK)

2026/9/30 15:39:47.092 [RX] - 00 00 00 00 00 00 00 00 00 00 00 00 00 00 00 00 00 00 00 00 00 00 00 00 00 00 00 00 00 00 00 00 00 00 00 00 00 00 00 00 00 00 00 00 00 00 00  
Poll for Token (10 sec)


2026/9/30 15:39:47.691 [TX] - 56 69 56 4F 74 65 63 68 32 00 2C 02 00 02 0A 00 B1 E4 
2026/9/30 15:39:47.830 [RX] - 56 69 56 4F 74 65 63 68 32 00 2C 00 00 05 03 E8 C3 E5 95 B8 F7  Poll for Token (OK)

2026/9/30 15:39:47.830 [RX] - 00 00 00 00 00 00 00 00 00 00 00 00 00 00 00 00 00 00 00 00 00 00 00 00 00 00 00 00 00 00 00 00 00 00 00 00 00 00 00 00 00 00  
Mifare auth - Sector 34


2026/9/30 15:39:57.596 [TX] - 56 69 56 4F 74 65 63 68 32 00 2C 06 00 08 88 01 FF FF FF FF FF FF EF 40 
2026/9/30 15:39:57.609 [RX] - 56 69 56 4F 74 65 63 68 32 00 2C 00 00 00 1C 9B  PT command (OK)

2026/9/30 15:39:57.609 [RX] - 00 00 00 00 00 00 00 00 00 00 00 00 00 00 00 00 00 00 00 00 00 00 00 00 00 00 00 00 00 00 00 00 00 00 00 00 00 00 00 00 00 00 00 00 00 00 00  
Read 15 block started on block #136 (across blks in 2nd 2K area)


2026/9/30 15:39:57.628 [TX] - 56 69 56 4F 74 65 63 68 32 00 2C 07 00 02 3F 88 78 53 
2026/9/30 15:39:57.677 [RX] - 56 69 56 4F 74 65 63 68 32 00 2C 00 00 F0 89 00 00 00 00 00 00 00 00 00 00 00 00 00 00 00 8A 00 00 00 00 00 00 00 00 00 00 00 00 00 00 00 8B 00 00 00 00 00 00 00 00 00 00 00 00 00 00 00 8C 00 00 00 00 00 00 00 00 00 00 00 00 00 00 00 8D 00 00 00 00 00 00 00 00 00 00 00 00 00 00 00 8E 00 00 00 00 00 00 00 00 00 00 00 00 00 00 00 8F 00 00 00 00 00 00 00 00 00 00 00 00 00 00 00 91 00 00 00 00 00 00 00 00 00 00 00 00 00 00 00 92 00 00 00 00 00 00 00 00 00 00 00 00 00 00 00 93 00 00 00 00 00 00 00 00 00 00 00 00 00 00 00 94 00 00 00 00 00 00 00 00 00 00 00 00 00 00 00 95 00 00 00 00 00 00 00 00 00 00 00 00 00 00 00 96 00 00 00 00 00 00 00 00 00 00 00 00 00 00 00 97 00 00 00 00 00 00 00 00 00 00 00 00 00 00 00 98 00 00 00 00 00 00 00 00 00 00 00 00 00 00 00 03 C7 00 00 00 00 00 00 00 00 00 00 00 00 00 00 00 00 00 00 00 00 00 00 00 00 00 00 00 00 00 00 00 00 00 00 00 00 00 00 00 00 00 00 00 00 00 00 00 00 00 00 00 00 00 00 00 00 00 00 00 
2026/9/30 15:39:57.697 [TX] - 56 69 56 4F 74 65 63 68 32 00 2C 01 00 01 00 0D 38 
2026/9/30 15:39:57.710 [RX] - 56 69 56 4F 74 65 63 68 32 00 2C 00 00 00 1C 9B  PT command (OK)

2026/9/30 15:39:57.710 [RX] - 00 00 00 00 00 00 00 00 00 00 00 00 00 00 00 00 00 00 00 00 00 00 00 00 00 00 00 00 00 00 00 00 00 00 00 00 00 00 00 00 00 00 00 00 00 00 00  Result = PASSED
 ---------- END OF TEST ----------

 

 MASTER RESULT = PASSED


Docklight Log File (HEX) - Stopped 2026/9/30 15:39:58.816 

