Docklight Log File (HEX) - Started 2026/10/1 14:08:20.121 
 TEST CASE: PG001

 --- Set POS COM PORT Settings
 Set POS COM PORT...
 POS operating on COM90 @ 115200 baud...
 Set POS COM PORT - COMPLETE

 --- Reader Info
 Reader Type: NEO2
 Reader Model: NA
 FW Version: NA
 FW Build: NA
 General Flag: NA

 --- Test objective
  This test is to verify basic ping cmd

 --- PING

2026/10/1 14:08:21.440 [TX] - 56 69 56 4F 74 65 63 68 32 00 18 01 00 00 B3 CD 
2026/10/1 14:08:21.452 [RX] - 56 69 56 4F 74 65 63 68 32 00 18 00 00 00 FA 83 00 00 00 00 00 00 00 00 00 00 00 00 00 00 00 00 00 00 00 00 00 00 00 00 00 00 00 00 00 00 00 00 00 00 00 00 00 00 00 00 00 00 00 00 00 00 00  --- PING

2026/10/1 14:08:21.462 [TX] - 56 69 56 4F 74 65 63 68 32 00 18 01 00 00 B3 CD 
2026/10/1 14:08:21.468 [RX] - 56 69 56 4F 74 65 63 68 32 00 18 00 00 00 FA 83 00 00 00 00 00 00 00 00 00 00 00 00 00 00 00 00 00 00 00 00 00 00 00 00 00 00 00 00 00 00 00 00 00 00 00 00 00 00 00 00 00 00 00 00 00 00 00  --- PING

2026/10/1 14:08:21.480 [TX] - 56 69 56 4F 74 65 63 68 32 00 18 01 00 00 B3 CD 
2026/10/1 14:08:21.483 [RX] - 56 69 56 4F 74 65 63 68 32 00 18 00 00 00 FA 83 00 00 00 00 00 00 00 00 00 00 00 00 00 00 00 00 00 00 00 00 00 00 00 00 00 00 00 00 00 00 00 00 00 00 00 00 00 00 00 00 00 00 00 00 00 00 00  --- PING

2026/10/1 14:08:21.503 [TX] - 56 69 56 4F 74 65 63 68 32 00 18 01 00 00 B3 CD 
2026/10/1 14:08:21.514 [RX] - 56 69 56 4F 74 65 63 68 32 00 18 00 00 00 FA 83 00 00 00 00 00 00 00 00 00 00 00 00 00 00 00 00 00 00 00 00 00 00 00 00 00 00 00 00 00 00 00 00 00 00 00 00 00 00 00 00 00 00 00 00 00 00 00  --- PING

2026/10/1 14:08:21.532 [TX] - 56 69 56 4F 74 65 63 68 32 00 18 01 00 00 B3 CD 
2026/10/1 14:08:21.544 [RX] - 56 69 56 4F 74 65 63 68 32 00 18 00 00 00 FA 83 00 00 00 00 00 00 00 00 00 00 00 00 00 00 00 00 00 00 00 00 00 00 00 00 00 00 00 00 00 00 00 00 00 00 00 00 00 00 00 00 00 00 00 00 00 00 00  --- PING

2026/10/1 14:08:21.569 [TX] - 56 69 56 4F 74 65 63 68 32 00 18 01 00 00 B3 CD 
2026/10/1 14:08:21.575 [RX] - 56 69 56 4F 74 65 63 68 32 00 18 00 00 00 FA 83 00 00 00 00 00 00 00 00 00 00 00 00 00 00 00 00 00 00 00 00 00 00 00 00 00 00 00 00 00 00 00 00 00 00 00 00 00 00 00 00 00 00 00 00 00 00 00  --- PING

2026/10/1 14:08:21.598 [TX] - 56 69 56 4F 74 65 63 68 32 00 18 01 00 00 B3 CD 
2026/10/1 14:08:21.606 [RX] - 56 69 56 4F 74 65 63 68 32 00 18 00 00 00 FA 83 00 00 00 00 00 00 00 00 00 00 00 00 00 00 00 00 00 00 00 00 00 00 00 00 00 00 00 00 00 00 00 00 00 00 00 00 00 00 00 00 00 00 00 00 00 00 00  --- PING

2026/10/1 14:08:21.627 [TX] - 56 69 56 4F 74 65 63 68 32 00 18 01 00 00 B3 CD 
2026/10/1 14:08:21.638 [RX] - 56 69 56 4F 74 65 63 68 32 00 18 00 00 00 FA 83 00 00 00 00 00 00 00 00 00 00 00 00 00 00 00 00 00 00 00 00 00 00 00 00 00 00 00 00 00 00 00 00 00 00 00 00 00 00 00 00 00 00 00 00 00 00 00  --- PING

2026/10/1 14:08:21.663 [TX] - 56 69 56 4F 74 65 63 68 32 00 18 01 00 00 B3 CD 
2026/10/1 14:08:21.669 [RX] - 56 69 56 4F 74 65 63 68 32 00 18 00 00 00 FA 83 00 00 00 00 00 00 00 00 00 00 00 00 00 00 00 00 00 00 00 00 00 00 00 00 00 00 00 00 00 00 00 00 00 00 00 00 00 00 00 00 00 00 00 00 00 00 00  --- PING

2026/10/1 14:08:21.691 [TX] - 56 69 56 4F 74 65 63 68 32 00 18 01 00 00 B3 CD 
2026/10/1 14:08:21.701 [RX] - 56 69 56 4F 74 65 63 68 32 00 18 00 00 00 FA 83 00 00 00 00 00 00 00 00 00 00 00 00 00 00 00 00 00 00 00 00 00 00 00 00 00 00 00 00 00 00 00 00 00 00 00 00 00 00 00 00 00 00 00 00 00 00 00  --- PING

2026/10/1 14:08:21.721 [TX] - 56 69 56 4F 74 65 63 68 32 00 18 01 00 00 B3 CD 
2026/10/1 14:08:21.732 [RX] - 56 69 56 4F 74 65 63 68 32 00 18 00 00 00 FA 83 00 00 00 00 00 00 00 00 00 00 00 00 00 00 00 00 00 00 00 00 00 00 00 00 00 00 00 00 00 00 00 00 00 00 00 00 00 00 00 00 00 00 00 00 00 00 00  --- PING

2026/10/1 14:08:21.751 [TX] - 56 69 56 4F 74 65 63 68 32 00 18 01 00 00 B3 CD 
2026/10/1 14:08:21.763 [RX] - 56 69 56 4F 74 65 63 68 32 00 18 00 00 00 FA 83 00 00 00 00 00 00 00 00 00 00 00 00 00 00 00 00 00 00 00 00 00 00 00 00 00 00 00 00 00 00 00 00 00 00 00 00 00 00 00 00 00 00 00 00 00 00 00  --- PING

2026/10/1 14:08:21.785 [TX] - 56 69 56 4F 74 65 63 68 32 00 18 01 00 00 B3 CD 
2026/10/1 14:08:21.795 [RX] - 56 69 56 4F 74 65 63 68 32 00 18 00 00 00 FA 83 00 00 00 00 00 00 00 00 00 00 00 00 00 00 00 00 00 00 00 00 00 00 00 00 00 00 00 00 00 00 00 00 00 00 00 00 00 00 00 00 00 00 00 00 00 00 00  --- PING

2026/10/1 14:08:21.815 [TX] - 56 69 56 4F 74 65 63 68 32 00 18 01 00 00 B3 CD 
2026/10/1 14:08:21.825 [RX] - 56 69 56 4F 74 65 63 68 32 00 18 00 00 00 FA 83 00 00 00 00 00 00 00 00 00 00 00 00 00 00 00 00 00 00 00 00 00 00 00 00 00 00 00 00 00 00 00 00 00 00 00 00 00 00 00 00 00 00 00 00 00 00 00  --- PING

2026/10/1 14:08:21.847 [TX] - 56 69 56 4F 74 65 63 68 32 00 18 01 00 00 B3 CD 
2026/10/1 14:08:21.855 [RX] - 56 69 56 4F 74 65 63 68 32 00 18 00 00 00 FA 83 00 00 00 00 00 00 00 00 00 00 00 00 00 00 00 00 00 00 00 00 00 00 00 00 00 00 00 00 00 00 00 00 00 00 00 00 00 00 00 00 00 00 00 00 00 00 00  --- PING

2026/10/1 14:08:21.875 [TX] - 56 69 56 4F 74 65 63 68 32 00 18 01 00 00 B3 CD 
2026/10/1 14:08:21.886 [RX] - 56 69 56 4F 74 65 63 68 32 00 18 00 00 00 FA 83 00 00 00 00 00 00 00 00 00 00 00 00 00 00 00 00 00 00 00 00 00 00 00 00 00 00 00 00 00 00 00 00 00 00 00 00 00 00 00 00 00 00 00 00 00 00 00  --- PING

2026/10/1 14:08:21.907 [TX] - 56 69 56 4F 74 65 63 68 32 00 18 01 00 00 B3 CD 
2026/10/1 14:08:21.916 [RX] - 56 69 56 4F 74 65 63 68 32 00 18 00 00 00 FA 83 00 00 00 00 00 00 00 00 00 00 00 00 00 00 00 00 00 00 00 00 00 00 00 00 00 00 00 00 00 00 00 00 00 00 00 00 00 00 00 00 00 00 00 00 00 00 00  --- PING

2026/10/1 14:08:21.936 [TX] - 56 69 56 4F 74 65 63 68 32 00 18 01 00 00 B3 CD 
2026/10/1 14:08:21.948 [RX] - 56 69 56 4F 74 65 63 68 32 00 18 00 00 00 FA 83 00 00 00 00 00 00 00 00 00 00 00 00 00 00 00 00 00 00 00 00 00 00 00 00 00 00 00 00 00 00 00 00 00 00 00 00 00 00 00 00 00 00 00 00 00 00 00  --- PING

2026/10/1 14:08:21.968 [TX] - 56 69 56 4F 74 65 63 68 32 00 18 01 00 00 B3 CD 
2026/10/1 14:08:21.979 [RX] - 56 69 56 4F 74 65 63 68 32 00 18 00 00 00 FA 83 00 00 00 00 00 00 00 00 00 00 00 00 00 00 00 00 00 00 00 00 00 00 00 00 00 00 00 00 00 00 00 00 00 00 00 00 00 00 00 00 00 00 00 00 00 00 00  --- PING

2026/10/1 14:08:21.998 [TX] - 56 69 56 4F 74 65 63 68 32 00 18 01 00 00 B3 CD 
2026/10/1 14:08:22.010 [RX] - 56 69 56 4F 74 65 63 68 32 00 18 00 00 00 FA 83 00 00 00 00 00 00 00 00 00 00 00 00 00 00 00 00 00 00 00 00 00 00 00 00 00 00 00 00 00 00 00 00 00 00 00 00 00 00 00 00 00 00 00 00 00 00 00  --- PING

2026/10/1 14:08:22.029 [TX] - 56 69 56 4F 74 65 63 68 32 00 18 01 00 00 B3 CD 
2026/10/1 14:08:22.041 [RX] - 56 69 56 4F 74 65 63 68 32 00 18 00 00 00 FA 83 00 00 00 00 00 00 00 00 00 00 00 00 00 00 00 00 00 00 00 00 00 00 00 00 00 00 00 00 00 00 00 00 00 00 00 00 00 00 00 00 00 00 00 00 00 00 00  --- PING

2026/10/1 14:08:22.068 [TX] - 56 69 56 4F 74 65 63 68 32 00 18 01 00 00 B3 CD 
2026/10/1 14:08:22.073 [RX] - 56 69 56 4F 74 65 63 68 32 00 18 00 00 00 FA 83 00 00 00 00 00 00 00 00 00 00 00 00 00 00 00 00 00 00 00 00 00 00 00 00 00 00 00 00 00 00 00 00 00 00 00 00 00 00 00 00 00 00 00 00 00 00 00  --- PING

2026/10/1 14:08:22.097 [TX] - 56 69 56 4F 74 65 63 68 32 00 18 01 00 00 B3 CD 
2026/10/1 14:08:22.105 [RX] - 56 69 56 4F 74 65 63 68 32 00 18 00 00 00 FA 83 00 00 00 00 00 00 00 00 00 00 00 00 00 00 00 00 00 00 00 00 00 00 00 00 00 00 00 00 00 00 00 00 00 00 00 00 00 00 00 00 00 00 00 00 00 00 00  --- PING

2026/10/1 14:08:22.125 [TX] - 56 69 56 4F 74 65 63 68 32 00 18 01 00 00 B3 CD 
2026/10/1 14:08:22.135 [RX] - 56 69 56 4F 74 65 63 68 32 00 18 00 00 00 FA 83 00 00 00 00 00 00 00 00 00 00 00 00 00 00 00 00 00 00 00 00 00 00 00 00 00 00 00 00 00 00 00 00 00 00 00 00 00 00 00 00 00 00 00 00 00 00 00  --- PING

2026/10/1 14:08:22.158 [TX] - 56 69 56 4F 74 65 63 68 32 00 18 01 00 00 B3 CD 
2026/10/1 14:08:22.167 [RX] - 56 69 56 4F 74 65 63 68 32 00 18 00 00 00 FA 83 00 00 00 00 00 00 00 00 00 00 00 00 00 00 00 00 00 00 00 00 00 00 00 00 00 00 00 00 00 00 00 00 00 00 00 00 00 00 00 00 00 00 00 00 00 00 00  --- PING

2026/10/1 14:08:22.186 [TX] - 56 69 56 4F 74 65 63 68 32 00 18 01 00 00 B3 CD 
2026/10/1 14:08:22.198 [RX] - 56 69 56 4F 74 65 63 68 32 00 18 00 00 00 FA 83 00 00 00 00 00 00 00 00 00 00 00 00 00 00 00 00 00 00 00 00 00 00 00 00 00 00 00 00 00 00 00 00 00 00 00 00 00 00 00 00 00 00 00 00 00 00 00  --- PING

2026/10/1 14:08:22.218 [TX] - 56 69 56 4F 74 65 63 68 32 00 18 01 00 00 B3 CD 
2026/10/1 14:08:22.228 [RX] - 56 69 56 4F 74 65 63 68 32 00 18 00 00 00 FA 83 00 00 00 00 00 00 00 00 00 00 00 00 00 00 00 00 00 00 00 00 00 00 00 00 00 00 00 00 00 00 00 00 00 00 00 00 00 00 00 00 00 00 00 00 00 00 00  --- PING

2026/10/1 14:08:22.247 [TX] - 56 69 56 4F 74 65 63 68 32 00 18 01 00 00 B3 CD 
2026/10/1 14:08:22.260 [RX] - 56 69 56 4F 74 65 63 68 32 00 18 00 00 00 FA 83 00 00 00 00 00 00 00 00 00 00 00 00 00 00 00 00 00 00 00 00 00 00 00 00 00 00 00 00 00 00 00 00 00 00 00 00 00 00 00 00 00 00 00 00 00 00 00  --- PING

2026/10/1 14:08:22.280 [TX] - 56 69 56 4F 74 65 63 68 32 00 18 01 00 00 B3 CD 
2026/10/1 14:08:22.292 [RX] - 56 69 56 4F 74 65 63 68 32 00 18 00 00 00 FA 83 00 00 00 00 00 00 00 00 00 00 00 00 00 00 00 00 00 00 00 00 00 00 00 00 00 00 00 00 00 00 00 00 00 00 00 00 00 00 00 00 00 00 00 00 00 00 00  --- PING

2026/10/1 14:08:22.312 [TX] - 56 69 56 4F 74 65 63 68 32 00 18 01 00 00 B3 CD 
2026/10/1 14:08:22.323 [RX] - 56 69 56 4F 74 65 63 68 32 00 18 00 00 00 FA 83 00 00 00 00 00 00 00 00 00 00 00 00 00 00 00 00 00 00 00 00 00 00 00 00 00 00 00 00 00 00 00 00 00 00 00 00 00 00 00 00 00 00 00 00 00 00 00  --- PING

2026/10/1 14:08:22.348 [TX] - 56 69 56 4F 74 65 63 68 32 00 18 01 00 00 B3 CD 
2026/10/1 14:08:22.355 [RX] - 56 69 56 4F 74 65 63 68 32 00 18 00 00 00 FA 83 00 00 00 00 00 00 00 00 00 00 00 00 00 00 00 00 00 00 00 00 00 00 00 00 00 00 00 00 00 00 00 00 00 00 00 00 00 00 00 00 00 00 00 00 00 00 00  --- PING

2026/10/1 14:08:22.376 [TX] - 56 69 56 4F 74 65 63 68 32 00 18 01 00 00 B3 CD 
2026/10/1 14:08:22.387 [RX] - 56 69 56 4F 74 65 63 68 32 00 18 00 00 00 FA 83 00 00 00 00 00 00 00 00 00 00 00 00 00 00 00 00 00 00 00 00 00 00 00 00 00 00 00 00 00 00 00 00 00 00 00 00 00 00 00 00 00 00 00 00 00 00 00  --- PING

2026/10/1 14:08:22.408 [TX] - 56 69 56 4F 74 65 63 68 32 00 18 01 00 00 B3 CD 
2026/10/1 14:08:22.418 [RX] - 56 69 56 4F 74 65 63 68 32 00 18 00 00 00 FA 83 00 00 00 00 00 00 00 00 00 00 00 00 00 00 00 00 00 00 00 00 00 00 00 00 00 00 00 00 00 00 00 00 00 00 00 00 00 00 00 00 00 00 00 00 00 00 00  --- PING

2026/10/1 14:08:22.437 [TX] - 56 69 56 4F 74 65 63 68 32 00 18 01 00 00 B3 CD 
2026/10/1 14:08:22.449 [RX] - 56 69 56 4F 74 65 63 68 32 00 18 00 00 00 FA 83 00 00 00 00 00 00 00 00 00 00 00 00 00 00 00 00 00 00 00 00 00 00 00 00 00 00 00 00 00 00 00 00 00 00 00 00 00 00 00 00 00 00 00 00 00 00 00  --- PING

2026/10/1 14:08:22.471 [TX] - 56 69 56 4F 74 65 63 68 32 00 18 01 00 00 B3 CD 
2026/10/1 14:08:22.481 [RX] - 56 69 56 4F 74 65 63 68 32 00 18 00 00 00 FA 83 00 00 00 00 00 00 00 00 00 00 00 00 00 00 00 00 00 00 00 00 00 00 00 00 00 00 00 00 00 00 00 00 00 00 00 00 00 00 00 00 00 00 00 00 00 00 00  --- PING

2026/10/1 14:08:22.502 [TX] - 56 69 56 4F 74 65 63 68 32 00 18 01 00 00 B3 CD 
2026/10/1 14:08:22.513 [RX] - 56 69 56 4F 74 65 63 68 32 00 18 00 00 00 FA 83 00 00 00 00 00 00 00 00 00 00 00 00 00 00 00 00 00 00 00 00 00 00 00 00 00 00 00 00 00 00 00 00 00 00 00 00 00 00 00 00 00 00 00 00 00 00 00  --- PING

2026/10/1 14:08:22.665 [TX] - 56 69 56 4F 74 65 63 68 32 00 18 01 00 00 B3 CD 
2026/10/1 14:08:22.668 [RX] - 56 69 56 4F 74 65 63 68 32 00 18 00 00 00 FA 83 00 00 00 00 00 00 00 00 00 00 00 00 00 00 00 00 00 00 00 00 00 00 00 00 00 00 00 00 00 00 00 00 00 00 00 00 00 00 00 00 00 00 00 00 00 00 00  --- PING

2026/10/1 14:08:22.703 [TX] - 56 69 56 4F 74 65 63 68 32 00 18 01 00 00 B3 CD 
2026/10/1 14:08:22.715 [RX] - 56 69 56 4F 74 65 63 68 32 00 18 00 00 00 FA 83 00 00 00 00 00 00 00 00 00 00 00 00 00 00 00 00 00 00 00 00 00 00 00 00 00 00 00 00 00 00 00 00 00 00 00 00 00 00 00 00 00 00 00 00 00 00 00  --- PING

2026/10/1 14:08:22.735 [TX] - 56 69 56 4F 74 65 63 68 32 00 18 01 00 00 B3 CD 
2026/10/1 14:08:22.746 [RX] - 56 69 56 4F 74 65 63 68 32 00 18 00 00 00 FA 83 00 00 00 00 00 00 00 00 00 00 00 00 00 00 00 00 00 00 00 00 00 00 00 00 00 00 00 00 00 00 00 00 00 00 00 00 00 00 00 00 00 00 00 00 00 00 00  --- PING

2026/10/1 14:08:22.766 [TX] - 56 69 56 4F 74 65 63 68 32 00 18 01 00 00 B3 CD 
2026/10/1 14:08:22.777 [RX] - 56 69 56 4F 74 65 63 68 32 00 18 00 00 00 FA 83 00 00 00 00 00 00 00 00 00 00 00 00 00 00 00 00 00 00 00 00 00 00 00 00 00 00 00 00 00 00 00 00 00 00 00 00 00 00 00 00 00 00 00 00 00 00 00  --- PING

2026/10/1 14:08:22.797 [TX] - 56 69 56 4F 74 65 63 68 32 00 18 01 00 00 B3 CD 
2026/10/1 14:08:22.809 [RX] - 56 69 56 4F 74 65 63 68 32 00 18 00 00 00 FA 83 00 00 00 00 00 00 00 00 00 00 00 00 00 00 00 00 00 00 00 00 00 00 00 00 00 00 00 00 00 00 00 00 00 00 00 00 00 00 00 00 00 00 00 00 00 00 00  --- PING

2026/10/1 14:08:22.831 [TX] - 56 69 56 4F 74 65 63 68 32 00 18 01 00 00 B3 CD 
2026/10/1 14:08:22.839 [RX] - 56 69 56 4F 74 65 63 68 32 00 18 00 00 00 FA 83 00 00 00 00 00 00 00 00 00 00 00 00 00 00 00 00 00 00 00 00 00 00 00 00 00 00 00 00 00 00 00 00 00 00 00 00 00 00 00 00 00 00 00 00 00 00 00  --- PING

2026/10/1 14:08:22.864 [TX] - 56 69 56 4F 74 65 63 68 32 00 18 01 00 00 B3 CD 
2026/10/1 14:08:22.871 [RX] - 56 69 56 4F 74 65 63 68 32 00 18 00 00 00 FA 83 00 00 00 00 00 00 00 00 00 00 00 00 00 00 00 00 00 00 00 00 00 00 00 00 00 00 00 00 00 00 00 00 00 00 00 00 00 00 00 00 00 00 00 00 00 00 00  --- PING

2026/10/1 14:08:22.892 [TX] - 56 69 56 4F 74 65 63 68 32 00 18 01 00 00 B3 CD 
2026/10/1 14:08:22.902 [RX] - 56 69 56 4F 74 65 63 68 32 00 18 00 00 00 FA 83 00 00 00 00 00 00 00 00 00 00 00 00 00 00 00 00 00 00 00 00 00 00 00 00 00 00 00 00 00 00 00 00 00 00 00 00 00 00 00 00 00 00 00 00 00 00 00  --- PING

2026/10/1 14:08:22.925 [TX] - 56 69 56 4F 74 65 63 68 32 00 18 01 00 00 B3 CD 
2026/10/1 14:08:22.934 [RX] - 56 69 56 4F 74 65 63 68 32 00 18 00 00 00 FA 83 00 00 00 00 00 00 00 00 00 00 00 00 00 00 00 00 00 00 00 00 00 00 00 00 00 00 00 00 00 00 00 00 00 00 00 00 00 00 00 00 00 00 00 00 00 00 00  --- PING

2026/10/1 14:08:22.954 [TX] - 56 69 56 4F 74 65 63 68 32 00 18 01 00 00 B3 CD 
2026/10/1 14:08:22.965 [RX] - 56 69 56 4F 74 65 63 68 32 00 18 00 00 00 FA 83 00 00 00 00 00 00 00 00 00 00 00 00 00 00 00 00 00 00 00 00 00 00 00 00 00 00 00 00 00 00 00 00 00 00 00 00 00 00 00 00 00 00 00 00 00 00 00  --- PING

2026/10/1 14:08:22.986 [TX] - 56 69 56 4F 74 65 63 68 32 00 18 01 00 00 B3 CD 
2026/10/1 14:08:22.996 [RX] - 56 69 56 4F 74 65 63 68 32 00 18 00 00 00 FA 83 00 00 00 00 00 00 00 00 00 00 00 00 00 00 00 00 00 00 00 00 00 00 00 00 00 00 00 00 00 00 00 00 00 00 00 00 00 00 00 00 00 00 00 00 00 00 00  --- PING

2026/10/1 14:08:23.015 [TX] - 56 69 56 4F 74 65 63 68 32 00 18 01 00 00 B3 CD 
2026/10/1 14:08:23.027 [RX] - 56 69 56 4F 74 65 63 68 32 00 18 00 00 00 FA 83 00 00 00 00 00 00 00 00 00 00 00 00 00 00 00 00 00 00 00 00 00 00 00 00 00 00 00 00 00 00 00 00 00 00 00 00 00 00 00 00 00 00 00 00 00 00 00  --- PING

2026/10/1 14:08:23.047 [TX] - 56 69 56 4F 74 65 63 68 32 00 18 01 00 00 B3 CD 
2026/10/1 14:08:23.059 [RX] - 56 69 56 4F 74 65 63 68 32 00 18 00 00 00 FA 83 00 00 00 00 00 00 00 00 00 00 00 00 00 00 00 00 00 00 00 00 00 00 00 00 00 00 00 00 00 00 00 00 00 00 00 00 00 00 00 00 00 00 00 00 00 00 00  --- PING

2026/10/1 14:08:23.081 [TX] - 56 69 56 4F 74 65 63 68 32 00 18 01 00 00 B3 CD 
2026/10/1 14:08:23.090 [RX] - 56 69 56 4F 74 65 63 68 32 00 18 00 00 00 FA 83 00 00 00 00 00 00 00 00 00 00 00 00 00 00 00 00 00 00 00 00 00 00 00 00 00 00 00 00 00 00 00 00 00 00 00 00 00 00 00 00 00 00 00 00 00 00 00  --- PING

2026/10/1 14:08:23.113 [TX] - 56 69 56 4F 74 65 63 68 32 00 18 01 00 00 B3 CD 
2026/10/1 14:08:23.121 [RX] - 56 69 56 4F 74 65 63 68 32 00 18 00 00 00 FA 83 00 00 00 00 00 00 00 00 00 00 00 00 00 00 00 00 00 00 00 00 00 00 00 00 00 00 00 00 00 00 00 00 00 00 00 00 00 00 00 00 00 00 00 00 00 00 00  --- PING

2026/10/1 14:08:23.142 [TX] - 56 69 56 4F 74 65 63 68 32 00 18 01 00 00 B3 CD 
2026/10/1 14:08:23.152 [RX] - 56 69 56 4F 74 65 63 68 32 00 18 00 00 00 FA 83 00 00 00 00 00 00 00 00 00 00 00 00 00 00 00 00 00 00 00 00 00 00 00 00 00 00 00 00 00 00 00 00 00 00 00 00 00 00 00 00 00 00 00 00 00 00 00  --- PING

2026/10/1 14:08:23.175 [TX] - 56 69 56 4F 74 65 63 68 32 00 18 01 00 00 B3 CD 
2026/10/1 14:08:23.183 [RX] - 56 69 56 4F 74 65 63 68 32 00 18 00 00 00 FA 83 00 00 00 00 00 00 00 00 00 00 00 00 00 00 00 00 00 00 00 00 00 00 00 00 00 00 00 00 00 00 00 00 00 00 00 00 00 00 00 00 00 00 00 00 00 00 00  --- PING

2026/10/1 14:08:23.205 [TX] - 56 69 56 4F 74 65 63 68 32 00 18 01 00 00 B3 CD 
2026/10/1 14:08:23.215 [RX] - 56 69 56 4F 74 65 63 68 32 00 18 00 00 00 FA 83 00 00 00 00 00 00 00 00 00 00 00 00 00 00 00 00 00 00 00 00 00 00 00 00 00 00 00 00 00 00 00 00 00 00 00 00 00 00 00 00 00 00 00 00 00 00 00  --- PING

2026/10/1 14:08:23.237 [TX] - 56 69 56 4F 74 65 63 68 32 00 18 01 00 00 B3 CD 
2026/10/1 14:08:23.245 [RX] - 56 69 56 4F 74 65 63 68 32 00 18 00 00 00 FA 83 00 00 00 00 00 00 00 00 00 00 00 00 00 00 00 00 00 00 00 00 00 00 00 00 00 00 00 00 00 00 00 00 00 00 00 00 00 00 00 00 00 00 00 00 00 00 00  --- PING

2026/10/1 14:08:23.272 [TX] - 56 69 56 4F 74 65 63 68 32 00 18 01 00 00 B3 CD 
2026/10/1 14:08:23.276 [RX] - 56 69 56 4F 74 65 63 68 32 00 18 00 00 00 FA 83 00 00 00 00 00 00 00 00 00 00 00 00 00 00 00 00 00 00 00 00 00 00 00 00 00 00 00 00 00 00 00 00 00 00 00 00 00 00 00 00 00 00 00 00 00 00 00  --- PING

2026/10/1 14:08:23.298 [TX] - 56 69 56 4F 74 65 63 68 32 00 18 01 00 00 B3 CD 
2026/10/1 14:08:23.308 [RX] - 56 69 56 4F 74 65 63 68 32 00 18 00 00 00 FA 83 00 00 00 00 00 00 00 00 00 00 00 00 00 00 00 00 00 00 00 00 00 00 00 00 00 00 00 00 00 00 00 00 00 00 00 00 00 00 00 00 00 00 00 00 00 00 00  --- PING

2026/10/1 14:08:23.330 [TX] - 56 69 56 4F 74 65 63 68 32 00 18 01 00 00 B3 CD 
2026/10/1 14:08:23.340 [RX] - 56 69 56 4F 74 65 63 68 32 00 18 00 00 00 FA 83 00 00 00 00 00 00 00 00 00 00 00 00 00 00 00 00 00 00 00 00 00 00 00 00 00 00 00 00 00 00 00 00 00 00 00 00 00 00 00 00 00 00 00 00 00 00 00  --- PING

2026/10/1 14:08:23.364 [TX] - 56 69 56 4F 74 65 63 68 32 00 18 01 00 00 B3 CD 
2026/10/1 14:08:23.370 [RX] - 56 69 56 4F 74 65 63 68 32 00 18 00 00 00 FA 83 00 00 00 00 00 00 00 00 00 00 00 00 00 00 00 00 00 00 00 00 00 00 00 00 00 00 00 00 00 00 00 00 00 00 00 00 00 00 00 00 00 00 00 00 00 00 00  --- PING

2026/10/1 14:08:23.392 [TX] - 56 69 56 4F 74 65 63 68 32 00 18 01 00 00 B3 CD 
2026/10/1 14:08:23.401 [RX] - 56 69 56 4F 74 65 63 68 32 00 18 00 00 00 FA 83 00 00 00 00 00 00 00 00 00 00 00 00 00 00 00 00 00 00 00 00 00 00 00 00 00 00 00 00 00 00 00 00 00 00 00 00 00 00 00 00 00 00 00 00 00 00 00  --- PING

2026/10/1 14:08:23.420 [TX] - 56 69 56 4F 74 65 63 68 32 00 18 01 00 00 B3 CD 
2026/10/1 14:08:23.431 [RX] - 56 69 56 4F 74 65 63 68 32 00 18 00 00 00 FA 83 00 00 00 00 00 00 00 00 00 00 00 00 00 00 00 00 00 00 00 00 00 00 00 00 00 00 00 00 00 00 00 00 00 00 00 00 00 00 00 00 00 00 00 00 00 00 00  --- PING

2026/10/1 14:08:23.453 [TX] - 56 69 56 4F 74 65 63 68 32 00 18 01 00 00 B3 CD 
2026/10/1 14:08:23.462 [RX] - 56 69 56 4F 74 65 63 68 32 00 18 00 00 00 FA 83 00 00 00 00 00 00 00 00 00 00 00 00 00 00 00 00 00 00 00 00 00 00 00 00 00 00 00 00 00 00 00 00 00 00 00 00 00 00 00 00 00 00 00 00 00 00 00  --- PING

2026/10/1 14:08:23.483 [TX] - 56 69 56 4F 74 65 63 68 32 00 18 01 00 00 B3 CD 
2026/10/1 14:08:23.493 [RX] - 56 69 56 4F 74 65 63 68 32 00 18 00 00 00 FA 83 00 00 00 00 00 00 00 00 00 00 00 00 00 00 00 00 00 00 00 00 00 00 00 00 00 00 00 00 00 00 00 00 00 00 00 00 00 00 00 00 00 00 00 00 00 00 00  --- PING

2026/10/1 14:08:23.515 [TX] - 56 69 56 4F 74 65 63 68 32 00 18 01 00 00 B3 CD 
2026/10/1 14:08:23.524 [RX] - 56 69 56 4F 74 65 63 68 32 00 18 00 00 00 FA 83 00 00 00 00 00 00 00 00 00 00 00 00 00 00 00 00 00 00 00 00 00 00 00 00 00 00 00 00 00 00 00 00 00 00 00 00 00 00 00 00 00 00 00 00 00 00 00  --- PING

2026/10/1 14:08:23.548 [TX] - 56 69 56 4F 74 65 63 68 32 00 18 01 00 00 B3 CD 
2026/10/1 14:08:23.556 [RX] - 56 69 56 4F 74 65 63 68 32 00 18 00 00 00 FA 83 00 00 00 00 00 00 00 00 00 00 00 00 00 00 00 00 00 00 00 00 00 00 00 00 00 00 00 00 00 00 00 00 00 00 00 00 00 00 00 00 00 00 00 00 00 00 00  --- PING

2026/10/1 14:08:23.577 [TX] - 56 69 56 4F 74 65 63 68 32 00 18 01 00 00 B3 CD 
2026/10/1 14:08:23.587 [RX] - 56 69 56 4F 74 65 63 68 32 00 18 00 00 00 FA 83 00 00 00 00 00 00 00 00 00 00 00 00 00 00 00 00 00 00 00 00 00 00 00 00 00 00 00 00 00 00 00 00 00 00 00 00 00 00 00 00 00 00 00 00 00 00 00  --- PING

2026/10/1 14:08:23.610 [TX] - 56 69 56 4F 74 65 63 68 32 00 18 01 00 00 B3 CD 
2026/10/1 14:08:23.618 [RX] - 56 69 56 4F 74 65 63 68 32 00 18 00 00 00 FA 83 00 00 00 00 00 00 00 00 00 00 00 00 00 00 00 00 00 00 00 00 00 00 00 00 00 00 00 00 00 00 00 00 00 00 00 00 00 00 00 00 00 00 00 00 00 00 00  --- PING

2026/10/1 14:08:23.638 [TX] - 56 69 56 4F 74 65 63 68 32 00 18 01 00 00 B3 CD 
2026/10/1 14:08:23.649 [RX] - 56 69 56 4F 74 65 63 68 32 00 18 00 00 00 FA 83 00 00 00 00 00 00 00 00 00 00 00 00 00 00 00 00 00 00 00 00 00 00 00 00 00 00 00 00 00 00 00 00 00 00 00 00 00 00 00 00 00 00 00 00 00 00 00  --- PING

2026/10/1 14:08:23.670 [TX] - 56 69 56 4F 74 65 63 68 32 00 18 01 00 00 B3 CD 
2026/10/1 14:08:23.680 [RX] - 56 69 56 4F 74 65 63 68 32 00 18 00 00 00 FA 83 00 00 00 00 00 00 00 00 00 00 00 00 00 00 00 00 00 00 00 00 00 00 00 00 00 00 00 00 00 00 00 00 00 00 00 00 00 00 00 00 00 00 00 00 00 00 00  --- PING

2026/10/1 14:08:23.704 [TX] - 56 69 56 4F 74 65 63 68 32 00 18 01 00 00 B3 CD 
2026/10/1 14:08:23.711 [RX] - 56 69 56 4F 74 65 63 68 32 00 18 00 00 00 FA 83 00 00 00 00 00 00 00 00 00 00 00 00 00 00 00 00 00 00 00 00 00 00 00 00 00 00 00 00 00 00 00 00 00 00 00 00 00 00 00 00 00 00 00 00 00 00 00  --- PING

2026/10/1 14:08:23.733 [TX] - 56 69 56 4F 74 65 63 68 32 00 18 01 00 00 B3 CD 
2026/10/1 14:08:23.742 [RX] - 56 69 56 4F 74 65 63 68 32 00 18 00 00 00 FA 83 00 00 00 00 00 00 00 00 00 00 00 00 00 00 00 00 00 00 00 00 00 00 00 00 00 00 00 00 00 00 00 00 00 00 00 00 00 00 00 00 00 00 00 00 00 00 00  --- PING

2026/10/1 14:08:23.764 [TX] - 56 69 56 4F 74 65 63 68 32 00 18 01 00 00 B3 CD 
2026/10/1 14:08:23.773 [RX] - 56 69 56 4F 74 65 63 68 32 00 18 00 00 00 FA 83 00 00 00 00 00 00 00 00 00 00 00 00 00 00 00 00 00 00 00 00 00 00 00 00 00 00 00 00 00 00 00 00 00 00 00 00 00 00 00 00 00 00 00 00 00 00 00  --- PING

2026/10/1 14:08:23.798 [TX] - 56 69 56 4F 74 65 63 68 32 00 18 01 00 00 B3 CD 
2026/10/1 14:08:23.805 [RX] - 56 69 56 4F 74 65 63 68 32 00 18 00 00 00 FA 83 00 00 00 00 00 00 00 00 00 00 00 00 00 00 00 00 00 00 00 00 00 00 00 00 00 00 00 00 00 00 00 00 00 00 00 00 00 00 00 00 00 00 00 00 00 00 00  --- PING

2026/10/1 14:08:23.828 [TX] - 56 69 56 4F 74 65 63 68 32 00 18 01 00 00 B3 CD 
2026/10/1 14:08:23.837 [RX] - 56 69 56 4F 74 65 63 68 32 00 18 00 00 00 FA 83 00 00 00 00 00 00 00 00 00 00 00 00 00 00 00 00 00 00 00 00 00 00 00 00 00 00 00 00 00 00 00 00 00 00 00 00 00 00 00 00 00 00 00 00 00 00 00  --- PING

2026/10/1 14:08:23.860 [TX] - 56 69 56 4F 74 65 63 68 32 00 18 01 00 00 B3 CD 
2026/10/1 14:08:23.868 [RX] - 56 69 56 4F 74 65 63 68 32 00 18 00 00 00 FA 83 00 00 00 00 00 00 00 00 00 00 00 00 00 00 00 00 00 00 00 00 00 00 00 00 00 00 00 00 00 00 00 00 00 00 00 00 00 00 00 00 00 00 00 00 00 00 00  --- PING

2026/10/1 14:08:23.897 [TX] - 56 69 56 4F 74 65 63 68 32 00 18 01 00 00 B3 CD 
2026/10/1 14:08:23.899 [RX] - 56 69 56 4F 74 65 63 68 32 00 18 00 00 00 FA 83 00 00 00 00 00 00 00 00 00 00 00 00 00 00 00 00 00 00 00 00 00 00 00 00 00 00 00 00 00 00 00 00 00 00 00 00 00 00 00 00 00 00 00 00 00 00 00  --- PING

2026/10/1 14:08:23.921 [TX] - 56 69 56 4F 74 65 63 68 32 00 18 01 00 00 B3 CD 
2026/10/1 14:08:23.930 [RX] - 56 69 56 4F 74 65 63 68 32 00 18 00 00 00 FA 83 00 00 00 00 00 00 00 00 00 00 00 00 00 00 00 00 00 00 00 00 00 00 00 00 00 00 00 00 00 00 00 00 00 00 00 00 00 00 00 00 00 00 00 00 00 00 00  --- PING

2026/10/1 14:08:23.954 [TX] - 56 69 56 4F 74 65 63 68 32 00 18 01 00 00 B3 CD 
2026/10/1 14:08:23.961 [RX] - 56 69 56 4F 74 65 63 68 32 00 18 00 00 00 FA 83 00 00 00 00 00 00 00 00 00 00 00 00 00 00 00 00 00 00 00 00 00 00 00 00 00 00 00 00 00 00 00 00 00 00 00 00 00 00 00 00 00 00 00 00 00 00 00  --- PING

2026/10/1 14:08:23.980 [TX] - 56 69 56 4F 74 65 63 68 32 00 18 01 00 00 B3 CD 
2026/10/1 14:08:23.992 [RX] - 56 69 56 4F 74 65 63 68 32 00 18 00 00 00 FA 83 00 00 00 00 00 00 00 00 00 00 00 00 00 00 00 00 00 00 00 00 00 00 00 00 00 00 00 00 00 00 00 00 00 00 00 00 00 00 00 00 00 00 00 00 00 00 00  --- PING

2026/10/1 14:08:24.015 [TX] - 56 69 56 4F 74 65 63 68 32 00 18 01 00 00 B3 CD 
2026/10/1 14:08:24.024 [RX] - 56 69 56 4F 74 65 63 68 32 00 18 00 00 00 FA 83 00 00 00 00 00 00 00 00 00 00 00 00 00 00 00 00 00 00 00 00 00 00 00 00 00 00 00 00 00 00 00 00 00 00 00 00 00 00 00 00 00 00 00 00 00 00 00  --- PING

2026/10/1 14:08:24.049 [TX] - 56 69 56 4F 74 65 63 68 32 00 18 01 00 00 B3 CD 
2026/10/1 14:08:24.054 [RX] - 56 69 56 4F 74 65 63 68 32 00 18 00 00 00 FA 83 00 00 00 00 00 00 00 00 00 00 00 00 00 00 00 00 00 00 00 00 00 00 00 00 00 00 00 00 00 00 00 00 00 00 00 00 00 00 00 00 00 00 00 00 00 00 00  --- PING

2026/10/1 14:08:24.078 [TX] - 56 69 56 4F 74 65 63 68 32 00 18 01 00 00 B3 CD 
2026/10/1 14:08:24.086 [RX] - 56 69 56 4F 74 65 63 68 32 00 18 00 00 00 FA 83 00 00 00 00 00 00 00 00 00 00 00 00 00 00 00 00 00 00 00 00 00 00 00 00 00 00 00 00 00 00 00 00 00 00 00 00 00 00 00 00 00 00 00 00 00 00 00  --- PING

2026/10/1 14:08:24.105 [TX] - 56 69 56 4F 74 65 63 68 32 00 18 01 00 00 B3 CD 
2026/10/1 14:08:24.117 [RX] - 56 69 56 4F 74 65 63 68 32 00 18 00 00 00 FA 83 00 00 00 00 00 00 00 00 00 00 00 00 00 00 00 00 00 00 00 00 00 00 00 00 00 00 00 00 00 00 00 00 00 00 00 00 00 00 00 00 00 00 00 00 00 00 00  --- PING

2026/10/1 14:08:24.139 [TX] - 56 69 56 4F 74 65 63 68 32 00 18 01 00 00 B3 CD 
2026/10/1 14:08:24.148 [RX] - 56 69 56 4F 74 65 63 68 32 00 18 00 00 00 FA 83 00 00 00 00 00 00 00 00 00 00 00 00 00 00 00 00 00 00 00 00 00 00 00 00 00 00 00 00 00 00 00 00 00 00 00 00 00 00 00 00 00 00 00 00 00 00 00  --- PING

2026/10/1 14:08:24.170 [TX] - 56 69 56 4F 74 65 63 68 32 00 18 01 00 00 B3 CD 
2026/10/1 14:08:24.178 [RX] - 56 69 56 4F 74 65 63 68 32 00 18 00 00 00 FA 83 00 00 00 00 00 00 00 00 00 00 00 00 00 00 00 00 00 00 00 00 00 00 00 00 00 00 00 00 00 00 00 00 00 00 00 00 00 00 00 00 00 00 00 00 00 00 00  --- PING

2026/10/1 14:08:24.200 [TX] - 56 69 56 4F 74 65 63 68 32 00 18 01 00 00 B3 CD 
2026/10/1 14:08:24.210 [RX] - 56 69 56 4F 74 65 63 68 32 00 18 00 00 00 FA 83 00 00 00 00 00 00 00 00 00 00 00 00 00 00 00 00 00 00 00 00 00 00 00 00 00 00 00 00 00 00 00 00 00 00 00 00 00 00 00 00 00 00 00 00 00 00 00  --- PING

2026/10/1 14:08:24.230 [TX] - 56 69 56 4F 74 65 63 68 32 00 18 01 00 00 B3 CD 
2026/10/1 14:08:24.242 [RX] - 56 69 56 4F 74 65 63 68 32 00 18 00 00 00 FA 83 00 00 00 00 00 00 00 00 00 00 00 00 00 00 00 00 00 00 00 00 00 00 00 00 00 00 00 00 00 00 00 00 00 00 00 00 00 00 00 00 00 00 00 00 00 00 00  --- PING

2026/10/1 14:08:24.265 [TX] - 56 69 56 4F 74 65 63 68 32 00 18 01 00 00 B3 CD 
2026/10/1 14:08:24.273 [RX] - 56 69 56 4F 74 65 63 68 32 00 18 00 00 00 FA 83 00 00 00 00 00 00 00 00 00 00 00 00 00 00 00 00 00 00 00 00 00 00 00 00 00 00 00 00 00 00 00 00 00 00 00 00 00 00 00 00 00 00 00 00 00 00 00  --- PING

2026/10/1 14:08:24.294 [TX] - 56 69 56 4F 74 65 63 68 32 00 18 01 00 00 B3 CD 
2026/10/1 14:08:24.304 [RX] - 56 69 56 4F 74 65 63 68 32 00 18 00 00 00 FA 83 00 00 00 00 00 00 00 00 00 00 00 00 00 00 00 00 00 00 00 00 00 00 00 00 00 00 00 00 00 00 00 00 00 00 00 00 00 00 00 00 00 00 00 00 00 00 00  --- PING

2026/10/1 14:08:24.327 [TX] - 56 69 56 4F 74 65 63 68 32 00 18 01 00 00 B3 CD 
2026/10/1 14:08:24.335 [RX] - 56 69 56 4F 74 65 63 68 32 00 18 00 00 00 FA 83 00 00 00 00 00 00 00 00 00 00 00 00 00 00 00 00 00 00 00 00 00 00 00 00 00 00 00 00 00 00 00 00 00 00 00 00 00 00 00 00 00 00 00 00 00 00 00  --- PING

2026/10/1 14:08:24.355 [TX] - 56 69 56 4F 74 65 63 68 32 00 18 01 00 00 B3 CD 
2026/10/1 14:08:24.366 [RX] - 56 69 56 4F 74 65 63 68 32 00 18 00 00 00 FA 83 00 00 00 00 00 00 00 00 00 00 00 00 00 00 00 00 00 00 00 00 00 00 00 00 00 00 00 00 00 00 00 00 00 00 00 00 00 00 00 00 00 00 00 00 00 00 00  --- PING

2026/10/1 14:08:24.389 [TX] - 56 69 56 4F 74 65 63 68 32 00 18 01 00 00 B3 CD 
2026/10/1 14:08:24.397 [RX] - 56 69 56 4F 74 65 63 68 32 00 18 00 00 00 FA 83 00 00 00 00 00 00 00 00 00 00 00 00 00 00 00 00 00 00 00 00 00 00 00 00 00 00 00 00 00 00 00 00 00 00 00 00 00 00 00 00 00 00 00 00 00 00 00  --- PING

2026/10/1 14:08:24.420 [TX] - 56 69 56 4F 74 65 63 68 32 00 18 01 00 00 B3 CD 
2026/10/1 14:08:24.429 [RX] - 56 69 56 4F 74 65 63 68 32 00 18 00 00 00 FA 83 00 00 00 00 00 00 00 00 00 00 00 00 00 00 00 00 00 00 00 00 00 00 00 00 00 00 00 00 00 00 00 00 00 00 00 00 00 00 00 00 00 00 00 00 00 00 00  --- PING

2026/10/1 14:08:24.449 [TX] - 56 69 56 4F 74 65 63 68 32 00 18 01 00 00 B3 CD 
2026/10/1 14:08:24.459 [RX] - 56 69 56 4F 74 65 63 68 32 00 18 00 00 00 FA 83 00 00 00 00 00 00 00 00 00 00 00 00 00 00 00 00 00 00 00 00 00 00 00 00 00 00 00 00 00 00 00 00 00 00 00 00 00 00 00 00 00 00 00 00 00 00 00  --- PING

2026/10/1 14:08:24.481 [TX] - 56 69 56 4F 74 65 63 68 32 00 18 01 00 00 B3 CD 
2026/10/1 14:08:24.491 [RX] - 56 69 56 4F 74 65 63 68 32 00 18 00 00 00 FA 83 00 00 00 00 00 00 00 00 00 00 00 00 00 00 00 00 00 00 00 00 00 00 00 00 00 00 00 00 00 00 00 00 00 00 00 00 00 00 00 00 00 00 00 00 00 00 00  --- PING

2026/10/1 14:08:24.521 [TX] - 56 69 56 4F 74 65 63 68 32 00 18 01 00 00 B3 CD 
2026/10/1 14:08:24.522 [RX] - 56 69 56 4F 74 65 63 68 32 00 18 00 00 00 FA 83 00 00 00 00 00 00 00 00 00 00 00 00 00 00 00 00 00 00 00 00 00 00 00 00 00 00 00 00 00 00 00 00 00 00 00 00 00 00 00 00 00 00 00 00 00 00 00  --- PING

2026/10/1 14:08:24.540 [TX] - 56 69 56 4F 74 65 63 68 32 00 18 01 00 00 B3 CD 
2026/10/1 14:08:24.553 [RX] - 56 69 56 4F 74 65 63 68 32 00 18 00 00 00 FA 83 00 00 00 00 00 00 00 00 00 00 00 00 00 00 00 00 00 00 00 00 00 00 00 00 00 00 00 00 00 00 00 00 00 00 00 00 00 00 00 00 00 00 00 00 00 00 00  --- PING

2026/10/1 14:08:24.573 [TX] - 56 69 56 4F 74 65 63 68 32 00 18 01 00 00 B3 CD 
2026/10/1 14:08:24.584 [RX] - 56 69 56 4F 74 65 63 68 32 00 18 00 00 00 FA 83 00 00 00 00 00 00 00 00 00 00 00 00 00 00 00 00 00 00 00 00 00 00 00 00 00 00 00 00 00 00 00 00 00 00 00 00 00 00 00 00 00 00 00 00 00 00 00  --- PING

2026/10/1 14:08:24.605 [TX] - 56 69 56 4F 74 65 63 68 32 00 18 01 00 00 B3 CD 
2026/10/1 14:08:24.616 [RX] - 56 69 56 4F 74 65 63 68 32 00 18 00 00 00 FA 83 00 00 00 00 00 00 00 00 00 00 00 00 00 00 00 00 00 00 00 00 00 00 00 00 00 00 00 00 00 00 00 00 00 00 00 00 00 00 00 00 00 00 00 00 00 00 00  --- PING

2026/10/1 14:08:24.637 [TX] - 56 69 56 4F 74 65 63 68 32 00 18 01 00 00 B3 CD 
2026/10/1 14:08:24.648 [RX] - 56 69 56 4F 74 65 63 68 32 00 18 00 00 00 FA 83 00 00 00 00 00 00 00 00 00 00 00 00 00 00 00 00 00 00 00 00 00 00 00 00 00 00 00 00 00 00 00 00 00 00 00 00 00 00 00 00 00 00 00 00 00 00 00  

 Result = PASSED
 ---------- END OF TEST ----------

 Result = PASSED
 

 MASTER RESULT = PASSED


Docklight Log File (HEX) - Stopped 2026/10/1 14:08:25.793 

