Docklight Log File (HEX) - Started 2026/9/21 16:24:03.111 
 TEST CASE: MFC003-1

 --- Set POS COM PORT Settings
 Set POS COM PORT...
 POS operating on COM90 @ 115200 baud...
 Set POS COM PORT - COMPLETE

 --- 04-09

2026/9/21 16:24:04.564 [TX] - 56 69 56 4F 74 65 63 68 32 00 04 09 00 00 87 30 
2026/9/21 16:24:05.350 [RX] - 56 69 56 4F 74 65 63 68 32 00 04 00 00 00 AE 16 00 00 00 00 00 00 00 00 00 00 00 00 00 00 00 00 00 00 00 00 00 00 00 00 00 00 00 00 00 00 00 00 00 00 00 00 00 00 00 00 00 00 00 00 00 00 00  

--- Poll on Demand (01-01)

2026/9/21 16:24:05.370 [TX] - 56 69 56 4F 74 65 63 68 32 00 01 01 00 01 01 D7 34 
2026/9/21 16:24:05.404 [RX] - 56 69 56 4F 74 65 63 68 32 00 01 00 00 00 12 53 00 00 00 00 00 00 00 00 00 00 00 00 00 00 00 00 00 00 00 00 00 00 00 00 00 00 00 00 00 00 00 00 00 00 00 00 00 00 00 00 00 00 00 00 00 00 00  
--- Burst Off (04-00)

2026/9/21 16:24:05.415 [TX] - 56 69 56 4F 74 65 63 68 32 00 04 00 00 05 DF EE 7E 01 00 60 1E 
2026/9/21 16:24:05.510 [RX] - 56 69 56 4F 74 65 63 68 32 00 04 00 00 00 AE 16 00 00 00 00 00 00 00 00 00 00 00 00 00 00 00 00 00 00 00 00 00 00 00 00 00 00 00 00 00 00 00 00 00 00 00 00 00 00 00 00 00 00 00 00 00 00 00  

--- 02-40_w/o DFEC53

2026/9/21 16:24:08.513 [TX] - 56 69 56 4F 74 65 63 68 32 00 02 40 00 15 1E 9F 02 06 00 00 00 00 10 00 9A 03 07 11 21 9F 21 03 10 15 20 28 DD 
2026/9/21 16:24:09.924 [RX] - 56 69 56 4F 74 65 63 68 32 00 02 00 00 C3 28 DF EE 25 02 00 11 DF EE 23 81 83 02 7D 00 80 1F 44 28 00 A3 00 25 42 36 35 31 30 30 30 30 30 30 30 30 30 30 30 32 36 5E 43 41 52 44 2F 49 4D 41 47 45 20 30 33 20 20 20 20 20 20 20 20 20 20 20 20 20 5E 31 37 31 32 32 30 31 31 30 30 30 30 32 31 30 30 30 30 30 30 3F 25 3B 36 35 31 30 30 30 30 30 30 30 30 30 30 30 32 36 3D 31 37 31 32 32 30 31 31 30 30 30 30 32 31 30 30 30 30 30 30 3F 3B 36 33 33 5A 30 30 31 30 35 35 3D E3 03 9F 39 01 90 FF EE 01 05 DF EE 30 01 0C DF EE 26 02 28 00 9F 02 06 00 00 00 00 10 00 9F 03 06 00 00 00 00 00 00 DF 5B 01 05 9A 03 26 09 21 9F 21 03 08 24 06 76 20 00 00 00 00 00 00 00 00 00 00 00 00 00 00 00 00 00 00 00 00 00 00 00 00 00 00 00 00 00 00 00 00 00 00 00 00 00 00 00 00 00  

**LCD MSG FAIL**

2026/9/21 16:24:12.691 [TX] - 56 69 56 4F 74 65 63 68 32 00 05 01 00 00 92 EF 
2026/9/21 16:24:12.702 [RX] - 56 69 56 4F 74 65 63 68 32 00 05 00 00 00 D8 A2 00 00 00 00 00 00 00 00 00 00 00 00 00 00 00 00 00 00 00 00 00 00 00 00 00 00 00 00 00 00 00 00 00 00 00 00 00 00 00 00 00 00 00 00 00 00 00  

 Result = FAILED
 ---------- END OF TEST ----------

 

 MASTER RESULT = FAILED


Docklight Log File (HEX) - Stopped 2026/9/21 16:24:14.621 

