Docklight Log File (HEX) - Started 2026/10/1 14:29:32.236 
 TEST CASE: MF010500

 --- Set POS COM PORT Settings
 Set POS COM PORT...
 POS operating on COM90 @ 115200 baud...
 Set POS COM PORT - COMPLETE


2026/10/1 14:29:33.661 [TX] - 56 69 56 4F 74 65 63 68 32 00 2C 01 00 01 01 1D 19 
2026/10/1 14:29:33.668 [RX] - 56 69 56 4F 74 65 63 68 32 00 2C 00 00 00 1C 9B  

2026/10/1 14:29:33.668 [RX] - 00 00 00 00 00 00 00 00 00 00 00 00 00 00 00 00 00 00 00 00 00 00 00 00 00 00 00 00 00 00 00 00 00 00 00 00 00 00 00 00 00 00 00 00 00 00 00 
2026/10/1 14:29:33.673 [TX] - 56 69 56 4F 74 65 63 68 32 00 28 01 00 01 01 94 1F 
2026/10/1 14:29:33.683 [RX] - 56 69 56 4F 74 65 63 68 32 00 28 00 00 00 D6 6A  

2026/10/1 14:29:33.683 [RX] - 00 00 00 00 00 00 00 00 00 00 00 00 00 00 00 00 00 00 00 00 00 00 00 00 00 00 00 00 00 00 00 00 00 00 00 00 00 00 00 00 00 00 00 00 00 00 00 
2026/10/1 14:29:34.082 [TX] - 56 69 56 4F 74 65 63 68 32 00 2C 02 00 02 0A 00 B1 E4 
2026/10/1 14:29:34.232 [RX] - 56 69 56 4F 74 65 63 68 32 00 2C 00 00 05  

2026/10/1 14:29:34.232 [RX] - 03 7E BD BA E5 FA EE 00 00 00 00 00 00 00 00 00 00 00 00 00 00 00 00 00 00 00 00 00 00 00 00 00 00 00 00 00 00 00 00 00 00 00 00 00 00 00 00 00 00  
Start Initialize Card...

 
You are about to authenticate Block 54 with valid Key A.


2026/10/1 14:29:35.106 [TX] - 56 69 56 4F 74 65 63 68 32 00 2C 06 00 08 36 01 FF FF FF FF FF FF CA 0C 
2026/10/1 14:29:35.119 [RX] - 56 69 56 4F 74 65 63 68 32 00 2C 00 00 00 1C 9B  

2026/10/1 14:29:35.119 [RX] - 00 00 00 00 00 00 00 00 00 00 00 00 00 00 00 00 00 00 00 00 00 00 00 00 00 00 00 00 00 00 00 00 00 00 00 00 00 00 00 00 00 00 00 00 00 00 00  Result = PASSED
 
Writing Key A = 11 22 33 44 55 66 to card.


2026/10/1 14:29:35.147 [TX] - 56 69 56 4F 74 65 63 68 32 00 2C 08 00 12 31 37 11 22 33 44 55 66 FF 07 80 69 FF FF FF FF FF FF 58 48 
2026/10/1 14:29:35.161 [RX] - 56 69 56 4F 74 65 63 68 32 00 2C 00 00 00 1C 9B  

2026/10/1 14:29:35.161 [RX] - 00 00 00 00 00 00 00 00 00 00 00 00 00 00 00 00 00 00 00 00 00 00 00 00 00 00 00 00 00 00 00 00 00 00 00 00 00 00 00 00 00 00 00 00 00 00 00  Result = PASSED
 
You are about to authenticate Block 49 with valid Key A.


2026/10/1 14:29:35.185 [TX] - 56 69 56 4F 74 65 63 68 32 00 2C 06 00 08 31 01 FF FF FF FF FF FF 0D 14 
2026/10/1 14:29:35.197 [RX] - 56 69 56 4F 74 65 63 68 32 00 2C 00 00 00 1C 9B  

2026/10/1 14:29:35.197 [RX] - 00 00 00 00 00 00 00 00 00 00 00 00 00 00 00 00 00 00 00 00 00 00 00 00 00 00 00 00 00 00 00 00 00 00 00 00 00 00 00 00 00 00 00 00 00 00 00  Result = PASSED
 
Initialize Card - COMPLETE


2026/10/1 14:29:35.243 [TX] - 56 69 56 4F 74 65 63 68 32 00 2C 07 00 02 31 31 6D AE 
2026/10/1 14:29:35.252 [RX] - 56 69 56 4F 74 65 63 68 32 00 2C 00 00 10 49  

2026/10/1 14:29:35.252 [RX] - 49 49 49 49 49 49 49 49 49 49 49 49 49 49 49 C8 2E 00 00 00 00 00 00 00 00 00 00 00 00 00 00 00 00 00 00 00 00 00 00 00 00 00 00 00 00 00 00 00  Result = PASSED

2026/10/1 14:29:35.276 [TX] - 56 69 56 4F 74 65 63 68 32 00 2C 07 00 02 31 32 5D CD 
2026/10/1 14:29:35.286 [RX] - 56 69 56 4F 74 65 63 68 32 00 2C 00 00 10 50  

2026/10/1 14:29:35.286 [RX] - 50 50 50 50 50 50 50 50 50 50 50 50 50 50 50 32 90 00 00 00 00 00 00 00 00 00 00 00 00 00 00 00 00 00 00 00 00 00 00 00 00 00 00 00 00 00 00 00  Result = PASSED

2026/10/1 14:29:35.311 [TX] - 56 69 56 4F 74 65 63 68 32 00 2C 07 00 02 31 33 4D EC 
2026/10/1 14:29:35.320 [RX] - 56 69 56 4F 74 65 63 68 32 00 2C 00 00 10 00  

2026/10/1 14:29:35.320 [RX] - 00 00 00 00 00 FF 07 80 69 FF FF FF FF FF FF 5C 83 00 00 00 00 00 00 00 00 00 00 00 00 00 00 00 00 00 00 00 00 00 00 00 00 00 00 00 00 00 00 00  Result = PASSED

2026/10/1 14:29:35.342 [TX] - 56 69 56 4F 74 65 63 68 32 00 2C 07 00 02 31 36 1D 49 
2026/10/1 14:29:35.487 [RX] - 56 69 56 4F 74 65 63 68 32 00 2C 0A 00 00 DB 5A  

2026/10/1 14:29:35.487 [RX] - 00 00 00 00 00 00 00 00 00 00 00 00 00 00 00 00 00 00 00 00 00 00 00 00 00 00 00 00 00 00 00 00 00 00 00 00 00 00 00 00 00 00 00 00 00 00 00  Result = PASSED

2026/10/1 14:29:35.503 [TX] - 56 69 56 4F 74 65 63 68 32 00 2C 07 00 02 31 37 0D 68 
2026/10/1 14:29:35.646 [RX] - 56 69 56 4F 74 65 63 68 32 00 2C 0A 00 00 DB 5A  

2026/10/1 14:29:35.646 [RX] - 00 00 00 00 00 00 00 00 00 00 00 00 00 00 00 00 00 00 00 00 00 00 00 00 00 00 00 00 00 00 00 00 00 00 00 00 00 00 00 00 00 00 00 00 00 00 00  Result = PASSED

2026/10/1 14:29:35.672 [TX] - 56 69 56 4F 74 65 63 68 32 00 2C 07 00 02 31 31 6D AE 
2026/10/1 14:29:35.741 [RX] - 56 69 56 4F 74 65 63 68 32 00 2C 00 00 10 49  

2026/10/1 14:29:35.741 [RX] - 49 49 49 49 49 49 49 49 49 49 49 49 49 49 49 C8 2E 00 00 00 00 00 00 00 00 00 00 00 00 00 00 00 00 00 00 00 00 00 00 00 00 00 00 00 00 00 00 00  Result = FAILED

2026/10/1 14:29:40.692 [TX] - 56 69 56 4F 74 65 63 68 32 00 2C 07 00 02 31 39 EC A6 
2026/10/1 14:29:40.707 [RX] - 56 69 56 4F 74 65 63 68 32 00 2C 00 00 10 57  

2026/10/1 14:29:40.707 [RX] - 57 57 57 57 57 57 57 57 57 57 57 57 57 57 57 58 35 00 00 00 00 00 00 00 00 00 00 00 00 00 00 00 00 00 00 00 00 00 00 00 00 00 00 00 00 00 00 00  Result = FAILED
 
TEST COMPLETE


2026/10/1 14:29:45.714 [TX] - 56 69 56 4F 74 65 63 68 32 00 2C 01 00 01 01 1D 19 
2026/10/1 14:29:45.721 [RX] - 56 69 56 4F 74 65 63 68 32 00 2C 00 00 00 1C 9B  

2026/10/1 14:29:45.721 [RX] - 00 00 00 00 00 00 00 00 00 00 00 00 00 00 00 00 00 00 00 00 00 00 00 00 00 00 00 00 00 00 00 00 00 00 00 00 00 00 00 00 00 00 00 00 00 00 00 
2026/10/1 14:29:45.731 [TX] - 56 69 56 4F 74 65 63 68 32 00 28 01 00 01 01 94 1F 
2026/10/1 14:29:45.747 [RX] - 56 69 56 4F 74 65 63 68 32 00 28 00 00 00 D6 6A  

2026/10/1 14:29:45.747 [RX] - 00 00 00 00 00 00 00 00 00 00 00 00 00 00 00 00 00 00 00 00 00 00 00 00 00 00 00 00 00 00 00 00 00 00 00 00 00 00 00 00 00 00 00 00 00 00 00 
2026/10/1 14:29:46.914 [TX] - 56 69 56 4F 74 65 63 68 32 00 2C 02 00 02 0A 00 B1 E4 
2026/10/1 14:29:47.059 [RX] - 56 69 56 4F 74 65 63 68 32 00 2C 00 00 05  

2026/10/1 14:29:47.059 [RX] - 03 7E BD BA E5 FA EE 00 00 00 00 00 00 00 00 00 00 00 00 00 00 00 00 00 00 00 00 00 00 00 00 00 00 00 00 00 00 00 00 00 00 00 00 00 00 00 00 00 00  
Start Set Card To Default...

 
You are about to authenticate Block 54 with valid Key A.


2026/10/1 14:29:47.935 [TX] - 56 69 56 4F 74 65 63 68 32 00 2C 06 00 08 36 01 11 22 33 44 55 66 C5 B2 
2026/10/1 14:29:47.947 [RX] - 56 69 56 4F 74 65 63 68 32 00 2C 00 00 00 1C 9B  

2026/10/1 14:29:47.947 [RX] - 00 00 00 00 00 00 00 00 00 00 00 00 00 00 00 00 00 00 00 00 00 00 00 00 00 00 00 00 00 00 00 00 00 00 00 00 00 00 00 00 00 00 00 00 00 00 00  Result = PASSED
 
Writing Key A = FF FF FF FF FF FF to card.


2026/10/1 14:29:47.979 [TX] - 56 69 56 4F 74 65 63 68 32 00 2C 08 00 12 31 37 FF FF FF FF FF FF FF 07 80 69 FF FF FF FF FF FF 36 3E 
2026/10/1 14:29:47.992 [RX] - 56 69 56 4F 74 65 63 68 32 00 2C 00 00 00 1C 9B  

2026/10/1 14:29:47.992 [RX] - 00 00 00 00 00 00 00 00 00 00 00 00 00 00 00 00 00 00 00 00 00 00 00 00 00 00 00 00 00 00 00 00 00 00 00 00 00 00 00 00 00 00 00 00 00 00 00  Result = PASSED
 
Set Card To Default - COMPLETE

 

 Result = PASSED
 ---------- END OF TEST ----------

 

 MASTER RESULT = PASSED


Docklight Log File (HEX) - Stopped 2026/10/1 14:29:51.336 

