Docklight Log File (HEX) - Started 2026/10/1 14:09:47.959 
 TEST CASE: ADPT005-1

 --- Set POS COM PORT Settings
 Set POS COM PORT...
 POS operating on COM90 @ 115200 baud...
 Set POS COM PORT - COMPLETE

 

 --- PassThrough Start

2026/10/1 14:10:01.962 [TX] - 56 69 56 4F 74 65 63 68 32 00 2C 01 00 01 01 1D 19 
2026/10/1 14:10:01.975 [RX] - 56 69 56 4F 74 65 63 68 32 00 2C 00 00 00 1C 9B 00 00 00 00 00 00 00 00 00 00 00 00 00 00 00 00 00 00 00 00 00 00 00 00 00 00 00 00 00 00 00 00 00 00 00 00 00 00 00 00 00 00 00 00 00 00 00  

 --- Poll for token

2026/10/1 14:10:02.502 [TX] - 56 69 56 4F 74 65 63 68 32 00 2C 02 00 02 00 C8 06 6B 
2026/10/1 14:10:02.642 [RX] - 56 69 56 4F 74 65 63 68 32 00 2C 00 00 08 0E 04 9B 4C FA 22 2A 80 7D 26 00 00 00 00 00 00 00 00 00 00 00 00 00 00 00 00 00 00 00 00 00 00 00 00 00 00 00 00 00 00 00 00 00 00 00 00 00 00 00  

 --- GetVersion 1

2026/10/1 14:10:03.175 [TX] - 56 69 56 4F 74 65 63 68 32 00 2C 03 00 05 90 60 00 00 00 A3 DD 
2026/10/1 14:10:03.184 [RX] - 56 69 56 4F 74 65 63 68 32 00 2C 00 00 09 04 01 01 01 00 16 05 91 AF 4B 96 00 00 00 00 00 00 00 00 00 00 00 00 00 00 00 00 00 00 00 00 00 00 00 00 00 00 00 00 00 00 00 00 00 00 00 00 00 00  

 --- GetVersion 2

2026/10/1 14:10:03.707 [TX] - 56 69 56 4F 74 65 63 68 32 00 2C 03 00 05 90 AF 00 00 00 C4 97 
2026/10/1 14:10:03.716 [RX] - 56 69 56 4F 74 65 63 68 32 00 2C 00 00 09 04 01 01 01 04 16 05 91 AF C2 90 00 00 00 00 00 00 00 00 00 00 00 00 00 00 00 00 00 00 00 00 00 00 00 00 00 00 00 00 00 00 00 00 00 00 00 00 00 00  

 --- GetVersion 3

2026/10/1 14:10:04.242 [TX] - 56 69 56 4F 74 65 63 68 32 00 2C 03 00 05 90 AF 00 00 00 C4 97 
2026/10/1 14:10:04.251 [RX] - 56 69 56 4F 74 65 63 68 32 00 2C 00 00 10 04 9B 4C FA 22 2A 80 BA 34 53 93 00 14 12 91 00 68 B1 00 00 00 00 00 00 00 00 00 00 00 00 00 00 00 00 00 00 00 00 00 00 00 00 00 00 00 00 00 00 00  

 --- Select default AID

2026/10/1 14:10:04.790 [TX] - 56 69 56 4F 74 65 63 68 32 00 2C 03 00 0C 00 A4 04 00 07 D2 76 00 00 85 01 00 D8 CC 
2026/10/1 14:10:04.799 [RX] - 56 69 56 4F 74 65 63 68 32 00 2C 00 00 02 90 00 02 47 00 00 00 00 00 00 00 00 00 00 00 00 00 00 00 00 00 00 00 00 00 00 00 00 00 00 00 00 00 00 00 00 00 00 00 00 00 00 00 00 00 00 00 00 00  

 --- Auth 1 Get RandA

2026/10/1 14:10:05.337 [TX] - 56 69 56 4F 74 65 63 68 32 00 2C 03 00 07 90 0A 00 00 01 00 00 33 71 
2026/10/1 14:10:05.349 [RX] - 56 69 56 4F 74 65 63 68 32 00 2C 00 00 0A 25 28 C7 BB C2 16 61 1F 91 AF 4A 0A 00 00 00 00 00 00 00 00 00 00 00 00 00 00 00 00 00 00 00 00 00 00 00 00 00 00 00 00 00 00 00 00 00 00 00 00 00  

 --- Authenticate

2026/10/1 14:10:05.882 [TX] - 56 69 56 4F 74 65 63 68 32 00 2C 03 00 16 90 AF 00 00 10 89 B0 7B 35 A1 B3 F4 7E A3 55 F7 0C 7B CB 81 50 00 74 FD 
2026/10/1 14:10:05.893 [RX] - 56 69 56 4F 74 65 63 68 32 00 2C 00 00 02 91 AE 65 52 00 00 00 00 00 00 00 00 00 00 00 00 00 00 00 00 00 00 00 00 00 00 00 00 00 00 00 00 00 00 00 00 00 00 00 00 00 00 00 00 00 00 00 00 00  

 --- Select APP 000000

2026/10/1 14:10:06.428 [TX] - 56 69 56 4F 74 65 63 68 32 00 2C 03 00 09 90 5A 00 00 03 00 00 00 00 88 63 
2026/10/1 14:10:06.437 [RX] - 56 69 56 4F 74 65 63 68 32 00 2C 00 00 02 91 00 31 76 00 00 00 00 00 00 00 00 00 00 00 00 00 00 00 00 00 00 00 00 00 00 00 00 00 00 00 00 00 00 00 00 00 00 00 00 00 00 00 00 00 00 00 00 00  

 --- Create App 000111 with KeySetting 0F and 01 Key

2026/10/1 14:10:06.958 [TX] - 56 69 56 4F 74 65 63 68 32 00 2C 03 00 0B 90 CA 00 00 05 00 01 11 0F 01 00 C1 DB 
2026/10/1 14:10:06.967 [RX] - 56 69 56 4F 74 65 63 68 32 00 2C 00 00 02 91 DE 1B C5 00 00 00 00 00 00 00 00 00 00 00 00 00 00 00 00 00 00 00 00 00 00 00 00 00 00 00 00 00 00 00 00 00 00 00 00 00 00 00 00 00 00 00 00 00  

 --- Select APP 000111

2026/10/1 14:10:07.492 [TX] - 56 69 56 4F 74 65 63 68 32 00 2C 03 00 09 90 5A 00 00 03 00 01 11 00 8F 11 
2026/10/1 14:10:07.502 [RX] - 56 69 56 4F 74 65 63 68 32 00 2C 00 00 02 91 00 31 76 00 00 00 00 00 00 00 00 00 00 00 00 00 00 00 00 00 00 00 00 00 00 00 00 00 00 00 00 00 00 00 00 00 00 00 00 00 00 00 00 00 00 00 00 00  

 --- Create a Plain Text with ID 01, size 100000

2026/10/1 14:10:08.035 [TX] - 56 69 56 4F 74 65 63 68 32 00 2C 03 00 0D 90 CD 00 00 07 01 00 EE EE 10 00 00 00 CD 7B 
2026/10/1 14:10:08.044 [RX] - 56 69 56 4F 74 65 63 68 32 00 2C 00 00 02 91 DE 1B C5 00 00 00 00 00 00 00 00 00 00 00 00 00 00 00 00 00 00 00 00 00 00 00 00 00 00 00 00 00 00 00 00 00 00 00 00 00 00 00 00 00 00 00 00 00  

 --- Write Data  AA AA BB BB CC CC DD DD AA AA BB BB CC CC DD DD

2026/10/1 14:10:08.565 [TX] - 56 69 56 4F 74 65 63 68 32 00 2C 03 00 1D 90 3D 00 00 17 01 00 00 00 10 00 00 AA AA BB BB CC CC DD DD AA AA BB BB CC CC DD DD 00 ED 67 
2026/10/1 14:10:08.578 [RX] - 56 69 56 4F 74 65 63 68 32 00 2C 00 00 02 91 00 31 76 00 00 00 00 00 00 00 00 00 00 00 00 00 00 00 00 00 00 00 00 00 00 00 00 00 00 00 00 00 00 00 00 00 00 00 00 00 00 00 00 00 00 00 00 00  

 --- Read file 01, no offset , no size

2026/10/1 14:10:09.110 [TX] - 56 69 56 4F 74 65 63 68 32 00 2C 03 00 0D 90 BD 00 00 07 01 00 00 00 00 00 00 00 AD 53 
2026/10/1 14:10:09.121 [RX] - 56 69 56 4F 74 65 63 68 32 00 2C 00 00 12 AA AA BB BB CC CC DD DD AA AA BB BB CC CC DD DD 91 00 0E 9C  Read OK! 00 00 00 00 00 00 00 00 00 00 00 00 00 00 00 00 00 00 00 00 00 00 00 00 00 00 00 00 00  

 --- 2C-0D w/ A8 = DESELECT !!!!!!!!!!!!!!!!!!!!!!!!!!!!!!!!

2026/10/1 14:10:09.657 [TX] - 56 69 56 4F 74 65 63 68 32 00 2C 0D 00 01 A8 76 E8 
2026/10/1 14:10:09.664 [RX] - 56 69 56 4F 74 65 63 68 32 00 2C 00 00 00 1C 9B 00 00 00 00 00 00 00 00 00 00 00 00 00 00 00 00 00 00 00 00 00 00 00 00 00 00 00 00 00 00 00 00 00 00 00 00 00 00 00 00 00 00 00 00 00 00 00  

 --- Select APP 000111

2026/10/1 14:10:10.199 [TX] - 56 69 56 4F 74 65 63 68 32 00 2C 03 00 09 90 5A 00 00 03 00 01 11 00 8F 11 
2026/10/1 14:10:10.225 [RX] - 56 69 56 4F 74 65 63 68 32 00 2C 0A 00 00 DB 5A  0A 00 00 00 00 00 00 00 00 00 00 00 00 00 00 00 00 00 00 00 00 00 00 00 00 00 00 00 00 00 00 00 00 00 00 00 00 00 00 00 00 00 00 00 00 00 00 00  

 --- Read file 01, no offset , no size

2026/10/1 14:10:10.757 [TX] - 56 69 56 4F 74 65 63 68 32 00 2C 03 00 0D 90 BD 00 00 07 01 00 00 00 00 00 00 00 AD 53 
2026/10/1 14:10:10.783 [RX] - 56 69 56 4F 74 65 63 68 32 00 2C 0A 00 00 DB 5A  0A 00 00 00 00 00 00 00 00 00 00 00 00 00 00 00 00 00 00 00 00 00 00 00 00 00 00 00 00 00 00 00 00 00 00 00 00 00 00 00 00 00 00 00 00 00 00 00  

 --- Poll for token

2026/10/1 14:10:11.317 [TX] - 56 69 56 4F 74 65 63 68 32 00 2C 02 00 02 00 C8 06 6B 
2026/10/1 14:10:11.471 [RX] - 56 69 56 4F 74 65 63 68 32 00 2C 00 00 08 0E 04 9B 4C FA 22 2A 80 7D 26 00 00 00 00 00 00 00 00 00 00 00 00 00 00 00 00 00 00 00 00 00 00 00 00 00 00 00 00 00 00 00 00 00 00 00 00 00 00 00  

 --- Select APP 000111

2026/10/1 14:10:12.008 [TX] - 56 69 56 4F 74 65 63 68 32 00 2C 03 00 09 90 5A 00 00 03 00 01 11 00 8F 11 
2026/10/1 14:10:12.018 [RX] - 56 69 56 4F 74 65 63 68 32 00 2C 00 00 02 91 00 31 76 00 00 00 00 00 00 00 00 00 00 00 00 00 00 00 00 00 00 00 00 00 00 00 00 00 00 00 00 00 00 00 00 00 00 00 00 00 00 00 00 00 00 00 00 00  

 --- Read file 01, no offset , no size

2026/10/1 14:10:12.552 [TX] - 56 69 56 4F 74 65 63 68 32 00 2C 03 00 0D 90 BD 00 00 07 01 00 00 00 00 00 00 00 AD 53 
2026/10/1 14:10:12.563 [RX] - 56 69 56 4F 74 65 63 68 32 00 2C 00 00 12 AA AA BB BB CC CC DD DD AA AA BB BB CC CC DD DD 91 00 0E 9C  Read OK! 00 00 00 00 00 00 00 00 00 00 00 00 00 00 00 00 00 00 00 00 00 00 00 00 00 00 00 00 00  

 --- PassThrough Stop

2026/10/1 14:10:13.093 [TX] - 56 69 56 4F 74 65 63 68 32 00 2C 01 00 01 00 0D 38 
2026/10/1 14:10:13.106 [RX] - 56 69 56 4F 74 65 63 68 32 00 2C 00 00 00 1C 9B 00 00 00 00 00 00 00 00 00 00 00 00 00 00 00 00 00 00 00 00 00 00 00 00 00 00 00 00 00 00 00 00 00 00 00 00 00 00 00 00 00 00 00 00 00 00 00  

 ---------- END OF TEST ----------

 Result = PASSED
 

 MASTER RESULT = PASSED


Docklight Log File (HEX) - Stopped 2026/10/1 14:10:14.232 

