Docklight Log File (HEX) - Started 2026/10/2 16:47:26.433 
 TEST CASE: EVT102

 --- Set POS COM PORT Settings
 Set POS COM PORT...
 POS operating on COM90 @ 115200 baud...
 Set POS COM PORT - COMPLETE

 

 --- LCD ON

2026/10/2 16:47:27.777 [TX] - 56 69 56 4F 74 65 63 68 32 00 01 0B 00 02 01 01 08 AE 
2026/10/2 16:47:27.793 [RX] - 56 69 56 4F 74 65 63 68 32 00 01 00 00 00 12 53 00 00 00 00 00 00 00 00 00 00 00 00 00 00 00 00 00 00 00 00 00 00 00 00 00 00 00 00 00 00 00 00 00 00 00 00 00 00 00 00 00 00 00 00 00 00 00  

 --- LCD OFF

2026/10/2 16:47:30.455 [TX] - 56 69 56 4F 74 65 63 68 32 00 01 0B 00 02 01 00 29 BE 
2026/10/2 16:47:30.459 [RX] - 56 69 56 4F 74 65 63 68 32 00 01 00 00 00 12 53 00 00 00 00 00 00 00 00 00 00 00 00 00 00 00 00 00 00 00 00 00 00 00 00 00 00 00 00 00 00 00 00 00 00 00 00 00 00 00 00 00 00 00 00 00 00 00  

 --- Transaction msg ID 14 (TRY AGAIN)

2026/10/2 16:47:31.848 [TX] - 56 69 56 4F 74 65 63 68 32 00 01 0B 00 04 0D 45 4E 14 D5 80 
2026/10/2 16:47:31.854 [RX] - 56 69 56 4F 74 65 63 68 32 00 01 00 00 00 12 53 00 00 00 00 00 00 00 00 00 00 00 00 00 00 00 00 00 00 00 00 00 00 00 00 00 00 00 00 00 00 00 00 00 00 00 00 00 00 00 00 00 00 00 00 00 00 00  

 ---------- END OF TEST ----------

 Result = PASSED


Docklight Log File (HEX) - Stopped 2026/10/2 16:47:34.467 

