Docklight Log File (HEX) - Started 2026/10/1 14:23:54.156 
 TEST CASE: MF000450

 --- Set POS COM PORT Settings
 Set POS COM PORT...
 POS operating on COM90 @ 115200 baud...
 Set POS COM PORT - COMPLETE


2026/10/1 14:23:55.346 [TX] - 56 69 56 4F 74 65 63 68 32 00 2C 01 00 01 00 0D 38 
2026/10/1 14:23:55.353 [RX] - 56 69 56 4F 74 65 63 68 32 00 2C 0C 00 00 69 FA 00 00 00 00 00 00 00 00 00 00 00 00 00 00 00 00 00 00 00 00 00 00 00 00 00 00 00 00 00 00 00 00 00 00 00 00 00 00 00 00 00 00 00 00 00 00 00 
2026/10/1 14:23:56.818 [TX] - 56 69 56 4F 74 65 63 68 32 00 2C 01 00 01 01 1D 19 
2026/10/1 14:23:56.831 [RX] - 56 69 56 4F 74 65 63 68 32 00 2C 00 00 00 1C 9B  PT command (OK)

2026/10/1 14:23:56.831 [RX] - 00 00 00 00 00 00 00 00 00 00 00 00 00 00 00 00 00 00 00 00 00 00 00 00 00 00 00 00 00 00 00 00 00 00 00 00 00 00 00 00 00 00 00 00 00 00 00 
2026/10/1 14:23:56.846 [TX] - 56 69 56 4F 74 65 63 68 32 00 28 01 00 01 01 94 1F 
2026/10/1 14:23:56.872 [RX] - 56 69 56 4F 74 65 63 68 32 00 28 00 00 00 D6 6A  Antenna Enable (OK)

2026/10/1 14:23:56.872 [RX] - 00 00 00 00 00 00 00 00 00 00 00 00 00 00 00 00 00 00 00 00 00 00 00 00 00 00 00 00 00 00 00 00 00 00 00 00 00 00 00 00 00 00 00 00 00 00 00 
2026/10/1 14:23:56.890 [TX] - 56 69 56 4F 74 65 63 68 32 00 2C 02 00 02 0A 00 B1 E4 
2026/10/1 14:23:57.033 [RX] - 56 69 56 4F 74 65 63 68 32 00 2C 00 00 05  Poll for Token (OK)

2026/10/1 14:23:57.033 [RX] - 03 7E BD BA E5 FA EE 00 00 00 00 00 00 00 00 00 00 00 00 00 00 00 00 00 00 00 00 00 00 00 00 00 00 00 00 00 00 00 00 00 00 00 00 00 00 00 00 00 00 
2026/10/1 14:23:57.044 [TX] - 56 69 56 4F 74 65 63 68 32 00 2C 06 00 08 01 01 FF FF FF FF FF FF 4B C8 
2026/10/1 14:23:57.056 [RX] - 56 69 56 4F 74 65 63 68 32 00 2C 00 00 00 1C 9B  PT command (OK)

2026/10/1 14:23:57.056 [RX] - 00 00 00 00 00 00 00 00 00 00 00 00 00 00 00 00 00 00 00 00 00 00 00 00 00 00 00 00 00 00 00 00 00 00 00 00 00 00 00 00 00 00 00 00 00 00 00  ----- Read 1 Block and start at Block 0. -----

2026/10/1 14:24:00.053 [TX] - 56 69 56 4F 74 65 63 68 32 00 2C 07 00 02 31 00 4B DC 
2026/10/1 14:24:00.064 [RX] - 56 69 56 4F 74 65 63 68 32 00 2C 00 00 10 7E BD BA E5 9C 88 04 00 46 8F 34 94 5D 00 22 10 AE 2C  MiFare Read 1 Block - Start at Block 0 - (OK)

2026/10/1 14:24:00.064 [RX] - 00 00 00 00 00 00 00 00 00 00 00 00 00 00 00 00 00 00 00 00 00 00 00 00 00 00 00 00 00 00 00  ----- Read 3 Block and start at Block 0 (Blocks 0,1, and 2 are read). -----

2026/10/1 14:24:00.584 [TX] - 56 69 56 4F 74 65 63 68 32 00 2C 07 00 02 33 00 2D BE 
2026/10/1 14:24:00.598 [RX] - 56 69 56 4F 74 65 63 68 32 00 2C 00 00 30 7E BD BA E5 9C 88 04 00 46 8F 34 94 5D 00 22 10 11 11 11 11 11 11 11 11 11 11 11 11 11 11 11 11 22 22 22 22 22 22 22 22 22 22 22 22 22 22 22 22 0B 8B  MiFare Read 3 Block - Start at Block 0 - (OK)

2026/10/1 14:24:00.599 [RX] - 00 00 00 00 00 00 00 00 00 00 00 00 00 00 00 00 00 00 00 00 00 00 00 00 00 00 00 00 00 00 00 00 00 00 00 00 00 00 00 00 00 00 00 00 00 00 00 00 00 00 00 00 00 00 00 00 00 00 00 00 00 00  ----- Read 5 Block and start at Block 0 (Blocks 0,1,2,4 and 5 are read --- Trailer Block 3 is skipped). -----

2026/10/1 14:24:01.131 [TX] - 56 69 56 4F 74 65 63 68 32 00 2C 07 00 02 35 00 87 18 
2026/10/1 14:24:01.156 [RX] - 56 69 56 4F 74 65 63 68 32 00 2C 00 00 50 7E BD BA E5 9C 88 04 00 46 8F 34 94 5D 00 22 10 11 11 11 11 11 11 11 11 11 11 11 11 11 11 11 11 22 22 22 22 22 22 22 22 22 22 22 22 22 22 22 22 44 44 44 44 44 44 44 44 44 44 44 44 44 44 44 44 55 55 55 55 55 55 55 55 55 55 55 55 55 55 55 55 98 A0  MiFare Read 5 Block - Start at Block 0 - (OK)

2026/10/1 14:24:01.157 [RX] - 00 00 00 00 00 00 00 00 00 00 00 00 00 00 00 00 00 00 00 00 00 00 00 00 00 00 00 00 00 00  ----- Read 15 Block and start at Block 0 (Blocks 0 to 18 are read --- Trailer Blocks 3, 7, 11, and 15 are skipped). -----

2026/10/1 14:24:01.692 [TX] - 56 69 56 4F 74 65 63 68 32 00 2C 07 00 02 3F 00 68 D3 
2026/10/1 14:24:01.763 [RX] - 56 69 56 4F 74 65 63 68 32 00 2C 00 00 F0 7E BD BA E5 9C 88 04 00 46 8F 34 94 5D 00 22 10 11 11 11 11 11 11 11 11 11 11 11 11 11 11 11 11 22 22 22 22 22 22 22 22 22 22 22 22 22 22 22 22 44 44 44 44 44 44 44 44 44 44 44 44 44 44 44 44 55 55 55 55 55 55 55 55 55 55 55 55 55 55 55 55 66 66 66 66 66 66 66 66 66 66 66 66 66 66 66 66 88 88 88 88 88 88 88 88 88 88 88 88 88 88 88 88 99 99 99 99 99 99 99 99 99 99 99 99 99 99 99 99 10 10 10 10 10 10 10 10 10 10 10 10 10 10 10 10 12 12 12 12 12 12 12 12 12 12 12 12 12 12 12 12 13 13 13 13 13 13 13 13 13 13 13 13 13 13 13 13 14 14 14 14 14 14 14 14 14 14 14 14 14 14 14 14 16 16 16 16 16 16 16 16 16 16 16 16 16 16 16 16 17 17 17 17 17 17 17 17 17 17 17 17 17 17 17 17 18 18 18 18 18 18 18 18 18 18 18 18 18 18 18 18 78 E0  MiFare Read 15 Block - Start at Block 0 - (OK)

2026/10/1 14:24:01.767 [RX] - 00 00 00 00 00 00 00 00 00 00 00 00 00 00 00 00 00 00 00 00 00 00 00 00 00 00 00 00 00 00 00 00 00 00 00 00 00 00 00 00 00 00 00 00 00 00 00 00 00 00 00 00 00 00 00 00 00 00 00  ----- Read 15 Block and start at Block 19 (Blocks 19 to 38 are read --- Trailer Blocks 19, 23, 27, 31, 35 are skipped). -----

2026/10/1 14:24:02.300 [TX] - 56 69 56 4F 74 65 63 68 32 00 2C 07 00 02 3F 13 4A 81 
2026/10/1 14:24:02.370 [RX] - 56 69 56 4F 74 65 63 68 32 00 2C 00 00 F0 20 20 20 20 20 20 20 20 20 20 20 20 20 20 20 20 21 21 21 21 21 21 21 21 21 21 21 21 21 21 21 21 22 22 22 22 22 22 22 22 22 22 22 22 22 22 22 22 24 24 24 24 24 24 24 24 24 24 24 24 24 24 24 24 25 25 25 25 25 25 25 25 25 25 25 25 25 25 25 25 26 26 26 26 26 26 26 26 26 26 26 26 26 26 26 26 28 28 28 28 28 28 28 28 28 28 28 28 28 28 28 28 29 29 29 29 29 29 29 29 29 29 29 29 29 29 29 29 30 30 30 30 30 30 30 30 30 30 30 30 30 30 30 30 32 32 32 32 32 32 32 32 32 32 32 32 32 32 32 32 33 33 33 33 33 33 33 33 33 33 33 33 33 33 33 33 34 34 34 34 34 34 34 34 34 34 34 34 34 34 34 34 36 36 36 36 36 36 36 36 36 36 36 36 36 36 36 36 37 37 37 37 37 37 37 37 37 37 37 37 37 37 37 37 38 38 38 38 38 38 38 38 38 38 38 38 38 38 38 38 AC D1  MiFare Read next 15 Block - Start at Block 19 - (OK)

2026/10/1 14:24:02.374 [RX] - 00 00 00 00 00 00 00 00 00 00 00 00 00 00 00 00 00 00 00 00 00 00 00 00 00 00 00 00 00 00 00 00 00 00 00 00 00 00 00 00 00 00 00 00 00 00 00 00 00 00 00 00 00 00 00 00 00 00 00  ----- Read 15 Block and start at Block 39 (Blocks 39 to 58 are read --- Trailer Blocks 39, 43, 47, 51, 55 are skipped). -----

2026/10/1 14:24:02.893 [TX] - 56 69 56 4F 74 65 63 68 32 00 2C 07 00 02 3F 27 3C 56 
2026/10/1 14:24:02.963 [RX] - 56 69 56 4F 74 65 63 68 32 00 2C 00 00 F0 40 40 40 40 40 40 40 40 40 40 40 40 40 40 40 40 41 41 41 41 41 41 41 41 41 41 41 41 41 41 41 41 42 42 42 42 42 42 42 42 42 42 42 42 42 42 42 42 44 44 44 44 44 44 44 44 44 44 44 44 44 44 44 44 45 45 45 45 45 45 45 45 45 45 45 45 45 45 45 45 46 46 46 46 46 46 46 46 46 46 46 46 46 46 46 46 48 48 48 48 48 48 48 48 48 48 48 48 48 48 48 48 49 49 49 49 49 49 49 49 49 49 49 49 49 49 49 49 50 50 50 50 50 50 50 50 50 50 50 50 50 50 50 50 52 52 52 52 52 52 52 52 52 52 52 52 52 52 52 52 53 53 53 53 53 53 53 53 53 53 53 53 53 53 53 53 54 54 54 54 54 54 54 54 54 54 54 54 54 54 54 54 56 56 56 56 56 56 56 56 56 56 56 56 56 56 56 56 57 57 57 57 57 57 57 57 57 57 57 57 57 57 57 57 58 58 58 58 58 58 58 58 58 58 58 58 58 58 58 58 68 AD  MiFare Read next 15 Block - Start at Block 39 - (OK)

2026/10/1 14:24:02.967 [RX] - 00 00 00 00 00 00 00 00 00 00 00 00 00 00 00 00 00 00 00 00 00 00 00 00 00 00 00 00 00 00 00 00 00 00 00 00 00 00 00 00 00 00 00 00 00 00 00 00 00 00 00 00 00 00 00 00 00 00 00  ----- Read 2 Block and start at Block 59 (Blocks 59 to 61 are read --- Trailer Block 59 is skipped). -----

2026/10/1 14:24:03.501 [TX] - 56 69 56 4F 74 65 63 68 32 00 2C 07 00 02 32 3B 99 B7 
2026/10/1 14:24:03.518 [RX] - 56 69 56 4F 74 65 63 68 32 00 2C 00 00 20 60 60 60 60 60 60 60 60 60 60 60 60 60 60 60 60 61 61 61 61 61 61 61 61 61 61 61 61 61 61 61 61 F3 C4  MiFare Read next 2 Block - Start at Block 59 - (OK)

2026/10/1 14:24:03.518 [RX] - 00 00 00 00 00 00 00 00 00 00 00 00 00 00 00  ----- Read 3 Block and start at Block 59 (Blocks 59 to 62 are read --- Trailer Block 59 is skipped). -----

2026/10/1 14:24:04.051 [TX] - 56 69 56 4F 74 65 63 68 32 00 2C 07 00 02 33 3B AA 86 
2026/10/1 14:24:04.076 [RX] - 56 69 56 4F 74 65 63 68 32 00 2C 00 00 30 60 60 60 60 60 60 60 60 60 60 60 60 60 60 60 60 61 61 61 61 61 61 61 61 61 61 61 61 61 61 61 61 62 62 62 62 62 62 62 62 62 62 62 62 62 62 62 62 2E E1  MiFare Read next 3 Block - Start at Block 59 or 60 - (OK)

2026/10/1 14:24:04.077 [RX] - 00 00 00 00 00 00 00 00 00 00 00 00 00 00 00 00 00 00 00 00 00 00 00 00 00 00 00 00 00 00 00 00 00 00 00 00 00 00 00 00 00 00 00 00 00 00 00 00 00 00 00 00 00 00 00 00 00 00 00 00 00 00  ----- Read 2 Block and start at Block 61 (Blocks 61 to 62 are read). -----

2026/10/1 14:24:04.598 [TX] - 56 69 56 4F 74 65 63 68 32 00 2C 07 00 02 32 3D F9 71 
2026/10/1 14:24:04.610 [RX] - 56 69 56 4F 74 65 63 68 32 00 2C 00 00 20 61 61 61 61 61 61 61 61 61 61 61 61 61 61 61 61 62 62 62 62 62 62 62 62 62 62 62 62 62 62 62 62 DB D5  MiFare Read next 2 Block - Start at Block 61 - (OK)

2026/10/1 14:24:04.610 [RX] - 00 00 00 00 00 00 00 00 00 00 00 00 00 00 00  ----- Read 1 Block and start at Block 62 (Block 62 is read). -----

2026/10/1 14:24:05.145 [TX] - 56 69 56 4F 74 65 63 68 32 00 2C 07 00 02 31 3E 9C 41 
2026/10/1 14:24:05.154 [RX] - 56 69 56 4F 74 65 63 68 32 00 2C 00 00 10 62 62 62 62 62 62 62 62 62 62 62 62 62 62 62 62 D7 CD  MiFare Read 1 Block - Start at Block 0 - (OK)
 MiFare Read next 1 Block - Start at Block 62 - (OK)

2026/10/1 14:24:05.154 [RX] - 00 00 00 00 00 00 00 00 00 00 00 00 00 00 00 00 00 00 00 00 00 00 00 00 00 00 00 00 00 00 00  ----- Read 1 Block and start at Block 63 (Block 63 is read --- Block 63 is a Trailer Block, but not skipped because this is a single read and not multiple block read). -----

2026/10/1 14:24:05.691 [TX] - 56 69 56 4F 74 65 63 68 32 00 2C 07 00 02 31 3F 8C 60 
2026/10/1 14:24:05.700 [RX] - 56 69 56 4F 74 65 63 68 32 00 2C 00 00 10 00 00 00 00 00 00 FF 07 80 BC FF FF FF FF FF FF 64 4A  MiFare Read 1 Block - Start at Block 0 - (OK)
 MiFare Read next 1 Block - Start at Block 63 (OK)

2026/10/1 14:24:05.700 [RX] - 00 00 00 00 00 00 00 00 00 00 00 00 00 00 00 00 00 00 00 00 00 00 00 00 00 00 00 00 00 00 00  ----- Read 2 Block and start at Block 63 (No blocks are read because there is nothing beyond Block 63). -----

2026/10/1 14:24:06.221 [TX] - 56 69 56 4F 74 65 63 68 32 00 2C 07 00 02 32 3F D9 33 
2026/10/1 14:24:06.307 [RX] - 56 69 56 4F 74 65 63 68 32 00 2C 0A 00 00 DB 5A  MiFare Read Error Expected - (OK)

2026/10/1 14:24:06.307 [RX] - 00 00 00 00 00 00 00 00 00 00 00 00 00 00 00 00 00 00 00 00 00 00 00 00 00 00 00 00 00 00 00 00 00 00 00 00 00 00 00 00 00 00 00 00 00 00 00 
2026/10/1 14:24:06.825 [TX] - 56 69 56 4F 74 65 63 68 32 00 2C 02 00 02 0A 00 B1 E4 
2026/10/1 14:24:06.971 [RX] - 56 69 56 4F 74 65 63 68 32 00 2C 00 00 05  Poll for Token (OK)

2026/10/1 14:24:06.971 [RX] - 03 7E BD BA E5 FA EE 00 00 00 00 00 00 00 00 00 00 00 00 00 00 00 00 00 00 00 00 00 00 00 00 00 00 00 00 00 00 00 00 00 00 00 00 00 00 00 00 00 00  ----- Read 1 Block and start at Block 35 (Block 35 is read --- Block 35 is a Trailer Block, but not skipped because this is a single read and not multiple block read). -----

2026/10/1 14:24:07.501 [TX] - 56 69 56 4F 74 65 63 68 32 00 2C 07 00 02 31 23 5F DD 
2026/10/1 14:24:07.516 [RX] - 56 69 56 4F 74 65 63 68 32 00 2C 00 00 10 00 00 00 00 00 00 FF 07 80 69 FF FF FF FF FF FF 5C 83  MiFare Read 1 Block - Start at Block 0 - (OK)
 MiFare Read next 1 Block - Start at Block 35 (OK)

2026/10/1 14:24:07.516 [RX] - 00 00 00 00 00 00 00 00 00 00 00 00 00 00 00 00 00 00 00 00 00 00 00 00 00 00 00 00 00 00 00 
2026/10/1 14:24:09.048 [TX] - 56 69 56 4F 74 65 63 68 32 00 2C 01 00 01 00 0D 38 
2026/10/1 14:24:09.064 [RX] - 56 69 56 4F 74 65 63 68 32 00 2C 00 00 00 1C 9B  PT command (OK)

2026/10/1 14:24:09.064 [RX] - 00 00 00 00 00 00 00 00 00 00 00 00 00 00 00 00 00 00 00 00 00 00 00 00 00 00 00 00 00 00 00 00 00 00 00 00 00 00 00 00 00 00 00 00 00 00 00  Result = PASSED
 ---------- END OF TEST ----------

 

 MASTER RESULT = PASSED


Docklight Log File (HEX) - Stopped 2026/10/1 14:24:10.164 

