Docklight Log File (HEX) - Started 2026/10/1 14:43:51.302 
 TEST CASE: ADPT101

 --- Set POS COM PORT Settings
 Set POS COM PORT...
 POS operating on COM90 @ 115200 baud...
 Set POS COM PORT - COMPLETE

 

 --- PassThrough Stop

2026/10/1 14:43:53.481 [TX] - 56 69 56 4F 74 65 63 68 32 00 2C 01 00 01 00 0D 38 
2026/10/1 14:43:53.489 [RX] - 56 69 56 4F 74 65 63 68 32 00 2C 0C 00 00 69 FA 00 00 00 00 00 00 00 00 00 00 00 00 00 00 00 00 00 00 00 00 00 00 00 00 00 00 00 00 00 00 00 00 00 00 00 00 00 00 00 00 00 00 00 00 00 00 00 
2026/10/1 14:43:53.694 [TX] - 56 69 56 4F 74 65 63 68 32 00 04 00 00 05 DF EE 7C 01 01 60 21 
2026/10/1 14:43:53.736 [RX] - 56 69 56 4F 74 65 63 68 32 00 04 00 00 00 AE 16 00 00 00 00 00 00 00 00 00 00 00 00 00 00 00 00 00 00 00 00 00 00 00 00 00 00 00 00 00 00 00 00 00 00 00 00 00 00 00 00 00 00 00 00 00 00 00  

 --- 02-40 w/ tag DFEC20

2026/10/1 14:43:59.656 [TX] - 56 69 56 4F 74 65 63 68 32 00 02 40 00 27 05 9C 01 00 9F 02 06 00 00 00 00 10 00 DF EC 20 16 00 A4 04 00 10 A0 00 00 03 96 56 43 41 03 00 30 00 00 00 00 00 00 0F 90 
2026/10/1 14:43:59.860 [RX] - 56 69 56 4F 74 65 63 68 32 00 02 50 00 2A E5 DF EE 26 02 E5 01 DF EE 02 04 27 90 00 00 DF EC 0F 17 03 6F 12 85 10 14 02 0C 11 22 33 44 55 66 77 00 00 61 41 A9 5D 90 00  Tag DFEC0F = 03 EB 7A 00 00 00 00 00  

 --- 2c-03  AID (virtual card)

2026/10/1 14:43:59.882 [TX] - 56 69 56 4F 74 65 63 68 32 00 2C 03 00 16 00 A4 04 00 10 A0 00 00 03 96 56 43 41 03 00 30 00 00 00 00 00 00 4C E7 
2026/10/1 14:43:59.901 [RX] - 56 69 56 4F 74 65 63 68 32 00 2C 00 00 16 6F 12 85 10 14 02 0C 11 22 33 44 55 66 77 00 00 61 41 A9 5D 90 00 44 96 00 00 00 00 00 00 00 00 00 00 00 00 00 00 00 00 00 00 00 00 00 00 00 00 00  

 --- PassThrough Stop

2026/10/1 14:44:00.646 [TX] - 56 69 56 4F 74 65 63 68 32 00 2C 01 00 01 00 0D 38 
2026/10/1 14:44:00.659 [RX] - 56 69 56 4F 74 65 63 68 32 00 2C 00 00 00 1C 9B 00 00 00 00 00 00 00 00 00 00 00 00 00 00 00 00 00 00 00 00 00 00 00 00 00 00 00 00 00 00 00 00 00 00 00 00 00 00 00 00 00 00 00 00 00 00 00 
2026/10/1 14:44:01.696 [TX] - 56 69 56 4F 74 65 63 68 32 00 04 00 00 05 DF EE 7C 01 00 70 00 
2026/10/1 14:44:01.818 [RX] - 56 69 56 4F 74 65 63 68 32 00 04 00 00 00 AE 16 00 00 00 00 00 00 00 00 00 00 00 00 00 00 00 00 00 00 00 00 00 00 00 00 00 00 00 00 00 00 00 00 00 00 00 00 00 00 00 00 00 00 00 00 00 00 00  

 ---------- END OF TEST ----------

 Result = PASSED


Docklight Log File (HEX) - Stopped 2026/10/1 14:44:02.002 

