Docklight Log File (HEX) - Started 2026/9/14 10:26:50.352 
 TEST CASE: CR022

 --- Set POS COM PORT Settings
 Set POS COM PORT...
 POS operating on COM90 @ 115200 baud...
 Set POS COM PORT - COMPLETE

 --- 60-0C length error

2026/9/14 10:26:51.691 [TX] - 56 69 56 4F 74 65 63 68 32 00 60 0C 00 01 11 22 46 9D 
2026/9/14 10:26:51.705 [RX] - 56 69 56 4F 74 65 63 68 32 00 60 04 00 00 E1 F5 00 00 00 00 00 00 00 00 00 00 00 00 00 00 00 00 00 00 00 00 00 00 00 00 00 00 00 00 00 00 00 00 00 00 00 00 00 00 00 00 00 00 00 00 00 00 00  

 --- 60-0C data error

2026/9/14 10:26:51.718 [TX] - 56 69 56 4F 74 65 63 68 32 00 60 0C 00 01 01 DC BE 
2026/9/14 10:26:51.722 [RX] - 56 69 56 4F 74 65 63 68 32 00 60 05 00 00 D6 C5 00 00 00 00 00 00 00 00 00 00 00 00 00 00 00 00 00 00 00 00 00 00 00 00 00 00 00 00 00 00 00 00 00 00 00 00 00 00 00 00 00 00 00 00 00 00 00  

 --- 60-0C crc error

2026/9/14 10:26:51.750 [TX] - 56 69 56 4F 74 65 63 68 32 00 60 0C 00 00 00 00 
2026/9/14 10:26:51.767 [RX] - 56 69 56 4F 74 65 63 68 32 00 60 04 00 00 E1 F5 00 00 00 00 00 00 00 00 00 00 00 00 00 00 00 00 00 00 00 00 00 00 00 00 00 00 00 00 00 00 00 00 00 00 00 00 00 00 00 00 00 00 00 00 00 00 00  --- 60-0E Contact Set Certification Revocation List

2026/9/14 10:26:51.779 [TX] - 56 69 56 4F 74 65 63 68 32 00 60 0E 00 0B 09 00 A0 00 00 00 03 50 01 44 55 1F 40 
2026/9/14 10:26:51.795 [RX] - 56 69 56 4F 74 65 63 68 32 00 60 00 00 00 3D 35  PASS 00 00 00 00 00 00 00 00 00 00 00 00 00 00 00 00 00 00 00 00 00 00 00 00 00 00 00 00 00 00 00 00 00 00 00 00 00 00 00 00 00 00 00 00 00 00 00  

 --- 60-0D Contact Remove Certification Revocation List (**ALL**)

2026/9/14 10:26:51.816 [TX] - 56 69 56 4F 74 65 63 68 32 00 60 0D 00 00 64 7F 
2026/9/14 10:26:51.831 [RX] - 56 69 56 4F 74 65 63 68 32 00 60 00 00 00 3D 35  PASS 00 00 00 00 00 00 00 00 00 00 00 00 00 00 00 00 00 00 00 00 00 00 00 00 00 00 00 00 00 00 00 00 00 00 00 00 00 00 00 00 00 00 00 00 00 00 00  

 --- 60-0C Contact Retrieve Certification Revocation List

2026/9/14 10:26:51.852 [TX] - 56 69 56 4F 74 65 63 68 32 00 60 0C 00 00 54 48 
2026/9/14 10:26:51.861 [RX] - 56 69 56 4F 74 65 63 68 32 00 60 60 00 00 A6 5E 00 00 00 00 00 00 00 00 00 00 00 00 00 00 00 00 00 00 00 00 00 00 00 00 00 00 00 00 00 00 00 00 00 00 00 00 00 00 00 00 00 00 00 00 00 00 00  

 Result = PASSED
 ---------- END OF TEST ----------

 Result = PASSED
 

 MASTER RESULT = PASSED


Docklight Log File (HEX) - Stopped 2026/9/14 10:26:53.134 

