Docklight Log File (HEX) - Started 2026/9/10 10:15:36.574 
 TEST CASE: BTS002

 --- Set POS COM PORT Settings
 Set POS COM PORT...
 POS operating on COM90 @ 115200 baud...
 Set POS COM PORT - COMPLETE

 --- Data Encrypt disable

2026/9/10 10:15:40.141 [TX] - 56 69 56 4F 74 65 63 68 32 00 C7 36 00 01 00 0F A7 
2026/9/10 10:15:40.156 [RX] - 56 69 56 4F 74 65 63 68 32 00 C7 00 00 00 86 6E 00 00 00 00 00 00 00 00 00 00 00 00 00 00 00 00 00 00 00 00 00 00 00 00 00 00 00 00 00 00 00 00 00 00 00 00 00 00 00 00 00 00 00 00 00 00 00  

 --- (C7-6D) Del Key Block

2026/9/10 10:15:40.676 [TX] - 56 69 56 4F 74 65 63 68 32 00 C7 6D 00 02 FF FF 9F 77 
2026/9/10 10:15:40.686 [RX] - 56 69 56 4F 74 65 63 68 32 00 C7 0A 00 00 41 AF 00 00 00 00 00 00 00 00 00 00 00 00 00 00 00 00 00 00 00 00 00 00 00 00 00 00 00 00 00 00 00 00 00 00 00 00 00 00 00 00 00 00 00 00 00 00 00  

 --- (04-00) DFED3F disable VAS Encryption

2026/9/10 10:15:41.191 [TX] - 56 69 56 4F 74 65 63 68 32 00 04 00 00 05 DF ED 3F 01 00 21 AF 
2026/9/10 10:15:41.313 [RX] - 56 69 56 4F 74 65 63 68 32 00 04 00 00 00 AE 16 00 00 00 00 00 00 00 00 00 00 00 00 00 00 00 00 00 00 00 00 00 00 00 00 00 00 00 00 00 00 00 00 00 00 00 00 00 00 00 00 00 00 00 00 00 00 00  

 --- (04-00) DFEF4B Enable Transact Output

2026/9/10 10:15:41.849 [TX] - 56 69 56 4F 74 65 63 68 32 00 04 00 00 07 DF EF 4B 03 12 00 02 4C 49 
2026/9/10 10:15:41.911 [RX] - 56 69 56 4F 74 65 63 68 32 00 04 00 00 00 AE 16 00 00 00 00 00 00 00 00 00 00 00 00 00 00 00 00 00 00 00 00 00 00 00 00 00 00 00 00 00 00 00 00 00 00 00 00 00 00 00 00 00 00 00 00 00 00 00  

 --- Poll on demand

2026/9/10 10:15:42.446 [TX] - 56 69 56 4F 74 65 63 68 32 00 01 01 00 01 01 D7 34 
2026/9/10 10:15:42.453 [RX] - 56 69 56 4F 74 65 63 68 32 00 01 00 00 00 12 53 00 00 00 00 00 00 00 00 00 00 00 00 00 00 00 00 00 00 00 00 00 00 00 00 00 00 00 00 00 00 00 00 00 00 00 00 00 00 00 00 00 00 00 00 00 00 00  

 --- Burst mode off

2026/9/10 10:15:42.990 [TX] - 56 69 56 4F 74 65 63 68 32 00 04 00 00 05 DF EE 7E 01 00 60 1E 
2026/9/10 10:15:43.025 [RX] - 56 69 56 4F 74 65 63 68 32 00 04 00 00 00 AE 16 00 00 00 00 00 00 00 00 00 00 00 00 00 00 00 00 00 00 00 00 00 00 00 00 00 00 00 00 00 00 00 00 00 00 00 00 00 00 00 00 00 00 00 00 00 00 00  

 --- (02 40) SmartTap 2

2026/9/10 10:15:44.627 [TX] - 56 69 56 4F 74 65 63 68 32 00 02 40 00 22 30 9F 02 06 00 00 00 00 00 01 FF EE 08 14 DF ED 57 06 00 00 00 02 00 01 DF EF 1A 01 02 DF ED 28 01 00 9F 4F 
2026/9/10 10:15:45.687 [RX] - 56 69 56 4F 74 65 63 68 32 00 02 57 00 43 21 DF EE 26 02 21 00 DF EF 4C 06 00 00 00 00 10 00 DF EF 4D 10 39 39 39 38 37 38 30 30 31 30 30 33 34 33 30 34 9F 39 01 07 FF EE 01 05 DF EE 30 01 00 FF EE 08 08 DF EE 02 04 00 91 00 00 DF EF 7B 01 03 2B BD 00 00 00 00 00 00 00 00 00 00 00 00 00 00 00 00 00 00 00 00 00 00 00 00 00 00 00 00 00 00 00 00 00 00 00 00 00 00 00 00 00 00 00  

 ---------- END OF TEST ----------

 Result = PASSED


Docklight Log File (HEX) - Stopped 2026/9/10 10:15:45.791 

