Docklight Log File (HEX) - Started 2026/8/28 14:47:31.192 
 TEST CASE: CRLST002

 --- Set POS COM PORT Settings
 Set POS COM PORT...
 POS operating on COM90 @ 115200 baud...
 Set POS COM PORT - COMPLETE

 
--- Enable Revocation List (DF26=1) *** NEO2

2026/8/28 14:47:32.505 [TX] - 56 69 56 4F 74 65 63 68 32 00 04 00 00 05 DF EE 0F 01 01 79 E1 
2026/8/28 14:47:32.550 [RX] - 56 69 56 4F 74 65 63 68 32 00 04 00 00 00 AE 16 00 00 00 00 00 00 00 00 00 00 00 00 00 00 00 00 00 00 00 00 00 00 00 00 00 00 00 00 00 00 00 00 00 00 00 00 00 00 00 00 00 00 00 00 00 00 00  

--- Add Entry to EMV Revocation List (84-04) - TEST

2026/8/28 14:47:32.571 [TX] - 56 69 56 4F 74 65 63 68 32 00 84 04 00 09 A0 00 00 99 99 E1 01 43 94 0E 05 
2026/8/28 14:47:32.614 [RX] - 56 69 56 4F 74 65 63 68 32 00 84 00 00 00 73 2E  PASS !!! 00 00 00 00 00 00 00 00 00 00 00 00 00 00 00 00 00 00 00 00 00 00 00 00 00 00 00 00 00 00 00 00 00 00 00 00 00 00 00 00 00 00 00 00 00 00 00  
--- Delete All Entries from EMV Revocation List (84-06)

2026/8/28 14:47:32.634 [TX] - 56 69 56 4F 74 65 63 68 32 00 84 06 00 00 8E C1 
2026/8/28 14:47:32.676 [RX] - 56 69 56 4F 74 65 63 68 32 00 84 00 00 00 73 2E  PASS !!! 00 00 00 00 00 00 00 00 00 00 00 00 00 00 00 00 00 00 00 00 00 00 00 00 00 00 00 00 00 00 00 00 00 00 00 00 00 00 00 00 00 00 00 00 00 00 00  

--- Get EMV Revocation Log Status (84-03)

2026/8/28 14:47:32.697 [TX] - 56 69 56 4F 74 65 63 68 32 00 84 03 00 00 7E 2A 
2026/8/28 14:47:32.706 [RX] - 56 69 56 4F 74 65 63 68 32 00 84 00 00 0C 00 00 00 00 00 00 00 00 00 00 00 09 E7 F1 00 00 00 00 00 00 00 00 00 00 00 00 00 00 00 00 00 00 00 00 00 00 00 00 00 00 00 00 00 00 00 00 00 00 00  

--- Get EMV Revocation List (84-07)

2026/8/28 14:47:32.716 [TX] - 56 69 56 4F 74 65 63 68 32 00 84 07 00 04 40 80 00 00 EA 81 
2026/8/28 14:47:32.744 [RX] - 56 69 56 4F 74 65 63 68 32 00 84 60 00 00 E8 45 00 00 00 00 00 00 00 00 00 00 00 00 00 00 00 00 00 00 00 00 00 00 00 00 00 00 00 00 00 00 00 00 00 00 00 00 00 00 00 00 00 00 00 00 00 00 00  

--- Add Entry to EMV Revocation List (84-04) - TEST

2026/8/28 14:47:32.761 [TX] - 56 69 56 4F 74 65 63 68 32 00 84 04 00 09 A0 00 00 99 99 E1 01 43 94 0E 05 
2026/8/28 14:47:32.818 [RX] - 56 69 56 4F 74 65 63 68 32 00 84 00 00 00 73 2E  PASS !!! 00 00 00 00 00 00 00 00 00 00 00 00 00 00 00 00 00 00 00 00 00 00 00 00 00 00 00 00 00 00 00 00 00 00 00 00 00 00 00 00 00 00 00 00 00 00 00  

--- Get EMV Revocation Log Status (84-03)

2026/8/28 14:47:32.844 [TX] - 56 69 56 4F 74 65 63 68 32 00 84 03 00 00 7E 2A 
2026/8/28 14:47:32.863 [RX] - 56 69 56 4F 74 65 63 68 32 00 84 00 00 0C 00 00 00 00 00 00 00 01 00 00 00 09 4D A0 00 00 00 00 00 00 00 00 00 00 00 00 00 00 00 00 00 00 00 00 00 00 00 00 00 00 00 00 00 00 00 00 00 00 00  

--- Get EMV Revocation List (84-07)

2026/8/28 14:47:32.878 [TX] - 56 69 56 4F 74 65 63 68 32 00 84 07 00 04 40 80 00 00 EA 81 
2026/8/28 14:47:32.893 [RX] - 56 69 56 4F 74 65 63 68 32 00 84 00 00 15 00 00 00 01 00 00 00 00 00 00 00 09 A0 00 00 99 99 E1 01 43 94 CC 5C 00 00 00 00 00 00 00 00 00 00 00 00 00 00 00 00 00 00 00 00 00 00 00 00 00 00  

--- Add Entry to EMV Revocation List (84-04) - VISA

2026/8/28 14:47:32.911 [TX] - 56 69 56 4F 74 65 63 68 32 00 84 04 00 09 A0 00 00 00 03 50 01 44 55 F3 34 
2026/8/28 14:47:32.950 [RX] - 56 69 56 4F 74 65 63 68 32 00 84 00 00 00 73 2E  PASS !!! 00 00 00 00 00 00 00 00 00 00 00 00 00 00 00 00 00 00 00 00 00 00 00 00 00 00 00 00 00 00 00 00 00 00 00 00 00 00 00 00 00 00 00 00 00 00 00  

--- Get EMV Revocation Log Status (84-03)

2026/8/28 14:47:32.967 [TX] - 56 69 56 4F 74 65 63 68 32 00 84 03 00 00 7E 2A 
2026/8/28 14:47:32.975 [RX] - 56 69 56 4F 74 65 63 68 32 00 84 00 00 0C 00 00 00 00 00 00 00 02 00 00 00 09 A3 72 00 00 00 00 00 00 00 00 00 00 00 00 00 00 00 00 00 00 00 00 00 00 00 00 00 00 00 00 00 00 00 00 00 00 00  

--- Get EMV Revocation List (84-07)

2026/8/28 14:47:33.134 [TX] - 56 69 56 4F 74 65 63 68 32 00 84 07 00 04 40 80 00 00 EA 81 
2026/8/28 14:47:33.141 [RX] - 56 69 56 4F 74 65 63 68 32 00 84 00 00 1E 00 00 00 02 00 00 00 00 00 00 00 09 A0 00 00 00 03 50 01 44 55 A0 00 00 99 99 E1 01 43 94 49 6E 00 00 00 00 00 00 00 00 00 00 00 00 00 00 00 00 00  

--- Add Entry to EMV Revocation List (84-04) - MC

2026/8/28 14:47:34.361 [TX] - 56 69 56 4F 74 65 63 68 32 00 84 04 00 09 A0 00 00 00 04 FE 09 23 55 17 20 
2026/8/28 14:47:34.392 [RX] - 56 69 56 4F 74 65 63 68 32 00 84 00 00 00 73 2E  PASS !!! 00 00 00 00 00 00 00 00 00 00 00 00 00 00 00 00 00 00 00 00 00 00 00 00 00 00 00 00 00 00 00 00 00 00 00 00 00 00 00 00 00 00 00 00 00 00 00  

--- Get EMV Revocation Log Status (84-03)

2026/8/28 14:47:34.408 [TX] - 56 69 56 4F 74 65 63 68 32 00 84 03 00 00 7E 2A 
2026/8/28 14:47:34.415 [RX] - 56 69 56 4F 74 65 63 68 32 00 84 00 00 0C 00 00 00 00 00 00 00 03 00 00 00 09 09 23 00 00 00 00 00 00 00 00 00 00 00 00 00 00 00 00 00 00 00 00 00 00 00 00 00 00 00 00 00 00 00 00 00 00 00  

--- Get EMV Revocation List (84-07)

2026/8/28 14:47:34.430 [TX] - 56 69 56 4F 74 65 63 68 32 00 84 07 00 04 40 80 00 00 EA 81 
2026/8/28 14:47:34.442 [RX] - 56 69 56 4F 74 65 63 68 32 00 84 00 00 27 00 00 00 03 00 00 00 00 00 00 00 09 A0 00 00 00 03 50 01 44 55 A0 00 00 00 04 FE 09 23 55 A0 00 00 99 99 E1 01 43 94 AA A3 00 00 00 00 00 00 00 00  

--- Delete Entry to EMV Revocation List (84-0D) - VISA

2026/8/28 14:47:35.644 [TX] - 56 69 56 4F 74 65 63 68 32 00 84 0D 00 09 A0 00 00 00 03 50 01 44 55 2E 2C 
2026/8/28 14:47:35.672 [RX] - 56 69 56 4F 74 65 63 68 32 00 84 00 00 00 73 2E  PASS !!! 00 00 00 00 00 00 00 00 00 00 00 00 00 00 00 00 00 00 00 00 00 00 00 00 00 00 00 00 00 00 00 00 00 00 00 00 00 00 00 00 00 00 00 00 00 00 00  

--- Get EMV Revocation Log Status (84-03)

2026/8/28 14:47:35.696 [TX] - 56 69 56 4F 74 65 63 68 32 00 84 03 00 00 7E 2A 
2026/8/28 14:47:35.703 [RX] - 56 69 56 4F 74 65 63 68 32 00 84 00 00 0C 00 00 00 00 00 00 00 02 00 00 00 09 A3 72 00 00 00 00 00 00 00 00 00 00 00 00 00 00 00 00 00 00 00 00 00 00 00 00 00 00 00 00 00 00 00 00 00 00 00  

--- Get EMV Revocation List (84-07)

2026/8/28 14:47:35.720 [TX] - 56 69 56 4F 74 65 63 68 32 00 84 07 00 04 40 80 00 00 EA 81 
2026/8/28 14:47:35.730 [RX] - 56 69 56 4F 74 65 63 68 32 00 84 00 00 1E 00 00 00 02 00 00 00 00 00 00 00 09 A0 00 00 00 04 FE 09 23 55 A0 00 00 99 99 E1 01 43 94 F9 2B 00 00 00 00 00 00 00 00 00 00 00 00 00 00 00 00 00  

--- Delete Entry to EMV Revocation List (84-0D) - MC

2026/8/28 14:47:36.945 [TX] - 56 69 56 4F 74 65 63 68 32 00 84 0D 00 09 A0 00 00 00 04 FE 09 23 55 CA 38 
2026/8/28 14:47:36.973 [RX] - 56 69 56 4F 74 65 63 68 32 00 84 00 00 00 73 2E  PASS !!! 00 00 00 00 00 00 00 00 00 00 00 00 00 00 00 00 00 00 00 00 00 00 00 00 00 00 00 00 00 00 00 00 00 00 00 00 00 00 00 00 00 00 00 00 00 00 00  

--- Get EMV Revocation Log Status (84-03)

2026/8/28 14:47:36.998 [TX] - 56 69 56 4F 74 65 63 68 32 00 84 03 00 00 7E 2A 
2026/8/28 14:47:37.005 [RX] - 56 69 56 4F 74 65 63 68 32 00 84 00 00 0C 00 00 00 00 00 00 00 01 00 00 00 09 4D A0 00 00 00 00 00 00 00 00 00 00 00 00 00 00 00 00 00 00 00 00 00 00 00 00 00 00 00 00 00 00 00 00 00 00 00  

--- Get EMV Revocation List (84-07)

2026/8/28 14:47:37.031 [TX] - 56 69 56 4F 74 65 63 68 32 00 84 07 00 04 40 80 00 00 EA 81 
2026/8/28 14:47:37.045 [RX] - 56 69 56 4F 74 65 63 68 32 00 84 00 00 15 00 00 00 01 00 00 00 00 00 00 00 09 A0 00 00 99 99 E1 01 43 94 CC 5C 00 00 00 00 00 00 00 00 00 00 00 00 00 00 00 00 00 00 00 00 00 00 00 00 00 00  

--- Delete Entry from EMV Revocation List (84-0D) TEST

2026/8/28 14:47:37.064 [TX] - 56 69 56 4F 74 65 63 68 32 00 84 0D 00 09 A0 00 00 99 99 E1 01 43 94 D3 1D 
2026/8/28 14:47:37.092 [RX] - 56 69 56 4F 74 65 63 68 32 00 84 00 00 00 73 2E  PASS !!! 00 00 00 00 00 00 00 00 00 00 00 00 00 00 00 00 00 00 00 00 00 00 00 00 00 00 00 00 00 00 00 00 00 00 00 00 00 00 00 00 00 00 00 00 00 00 00  

--- Get EMV Revocation Log Status (84-03)

2026/8/28 14:47:37.105 [TX] - 56 69 56 4F 74 65 63 68 32 00 84 03 00 00 7E 2A 
2026/8/28 14:47:37.112 [RX] - 56 69 56 4F 74 65 63 68 32 00 84 00 00 0C 00 00 00 00 00 00 00 00 00 00 00 09 E7 F1 00 00 00 00 00 00 00 00 00 00 00 00 00 00 00 00 00 00 00 00 00 00 00 00 00 00 00 00 00 00 00 00 00 00 00  

--- Get EMV Revocation List (84-07)

2026/8/28 14:47:37.130 [TX] - 56 69 56 4F 74 65 63 68 32 00 84 07 00 04 40 80 00 00 EA 81 
2026/8/28 14:47:37.139 [RX] - 56 69 56 4F 74 65 63 68 32 00 84 60 00 00 E8 45 00 00 00 00 00 00 00 00 00 00 00 00 00 00 00 00 00 00 00 00 00 00 00 00 00 00 00 00 00 00 00 00 00 00 00 00 00 00 00 00 00 00 00 00 00 00 00  

 ---------- END OF TEST ----------

 Result = PASSED


Docklight Log File (HEX) - Stopped 2026/8/28 14:47:37.234 

