Docklight Log File (HEX) - Started 2026/10/1 15:37:11.261 
 TEST CASE: AC017

 --- Set POS COM PORT Settings
 Set POS COM PORT...
 POS operating on COM90 @ 115200 baud...
 Set POS COM PORT - COMPLETE

 --- Poll on Demand

2026/10/1 15:37:13.551 [TX] - 56 69 56 4F 74 65 63 68 32 00 01 01 00 01 01 D7 34 
2026/10/1 15:37:13.562 [RX] - 56 69 56 4F 74 65 63 68 32 00 01 00 00 00 12 53 00 00 00 00 00 00 00 00 00 00 00 00 00 00 00 00 00 00 00 00 00 00 00 00 00 00 00 00 00 00 00 00 00 00 00 00 00 00 00 00 00 00 00 00 00 00 00  

 --- Activate Transaction (02-40)

2026/10/1 15:37:13.582 [TX] - 56 69 56 4F 74 65 63 68 32 00 02 40 00 15 0A 9F 02 06 00 00 00 00 10 00 9A 03 07 11 21 9F 21 03 10 15 20 5E 34  
Waiting for timeout...(10 sec)...

2026/10/1 15:37:23.686 [RX] - 56 69 56 4F 74 65 63 68 32 00 02 08 00 00 20 2E 00 00 00 00 00 00 00 00 00 00 00 00 00 00 00 00 00 00 00 00 00 00 00 00 00 00 00 00 00 00 00 00 00 00 00 00 00 00 00 00 00 00 00 00 00 00 00  

 --- 02-40 (enable CT only)

2026/10/1 15:37:23.708 [TX] - 56 69 56 4F 74 65 63 68 32 00 02 40 00 16 0A 9F 02 06 00 00 00 00 10 00 DF EF 37 01 04 DF EF 3C 03 01 00 60 F2 A4 
2026/10/1 15:37:23.715 [RX] - 56 69 56 4F 74 65 63 68 32 00 02 06 00 00 3B 2F 00 00 00 00 00 00 00 00 00 00 00 00 00 00 00 00 00 00 00 00 00 00 00 00 00 00 00 00 00 00 00 00 00 00 00 00 00 00 00 00 00 00 00 00 00 00 00  

 --- 02-40 (enable CL + MSR both)

2026/10/1 15:37:23.732 [TX] - 56 69 56 4F 74 65 63 68 32 00 02 40 00 1A 0A 9F 02 06 00 00 00 00 10 00 9A 03 07 11 21 9F 21 03 10 15 20 DF EF 37 01 03 D2 F3  
Waiting for timeout...(10 sec)...

2026/10/1 15:37:33.843 [RX] - 56 69 56 4F 74 65 63 68 32 00 02 08 00 00 20 2E 00 00 00 00 00 00 00 00 00 00 00 00 00 00 00 00 00 00 00 00 00 00 00 00 00 00 00 00 00 00 00 00 00 00 00 00 00 00 00 00 00 00 00 00 00 00 00  

 ---------- END OF TEST ----------

 Result = PASSED


Docklight Log File (HEX) - Stopped 2026/10/1 15:37:33.941 

