Docklight Log File (HEX) - Started 2026/9/15 10:56:45.409 
 TEST CASE: Applepay0024-T

 --- Set POS COM PORT Settings
 Set POS COM PORT...
 POS operating on COM90 @ 115200 baud...
 Set POS COM PORT - COMPLETE

 --- Poll on demand

2026/9/15 10:57:29.139 [TX] - 56 69 56 4F 74 65 63 68 32 00 01 01 00 01 01 D7 34 
2026/9/15 10:57:29.153 [RX] - 56 69 56 4F 74 65 63 68 32 00 01 00 00 00 12 53 00 00 00 00 00 00 00 00 00 00 00 00 00 00 00 00 00 00 00 00 00 00 00 00 00 00 00 00 00 00 00 00 00 00 00 00 00 00 00 00 00 00 00 00 00 00 00  

 --- ACT (02-40)

2026/9/15 10:57:39.435 [TX] - 56 69 56 4F 74 65 63 68 32 00 02 40 00 0A 0A 9F 02 06 00 00 00 00 02 00 09 16 
2026/9/15 10:57:39.475 [RX] - 56 69 56 4F 74 65 63 68 32 00 02 63 00 00 4B B4 00 00 00 00 00 00 00 00 00 00 00 00 00 00 00 00 00 00 00 00 00 00 00 00 00 00 00 00 00 00 00 00 00 00 00 00 00 00 00 00 00 00 00 00 00 00 00 56 69 56 4F 74 65 63 68 32 00 61 01 00 10 03 00 00 02 00 45 4E 03 00 82 57 1C 02 00 00 60 FB 9A 00 00 00 00 00 00 00 00 00 00 00 00 00 00 00 00 00 00 00 00 00 00 00 00 00 00 00 00 00 00 00 56 69 56 4F 74 65 63 68 32 00 61 01 00 19 04 00 00 02 00 45 4E 0C 00 84 01 1C 04 24 1C 04 32 2E 30 30 1C 02 00 F4 21 E1 18 00 00 00 00 00 00 00 00 00 00 00 00 00 00 00 00 00 00 00 00 00 00 56 69 56 4F 74 65 63 68 32 00 61 01 00 10 03 00 00 02 00 45 4E 03 00 82 1A 1C 02 00 F4 21 58 29 00 00 00 00 00 00 00 00 00 00 00 00 00 00 00 00 00 00 00 00 00 00 00 00 00 00 00 00 00 00 00 56 69 56 4F 74 65 63 68 32 00 61 01 00 10 03 00 00 02 00 45 4E 03 00 82 68 1C 02 00 F4 21 96 F5 00 00 00 00 00 00 00 00 00 00 00 00 00 00 00 00 00 00 00 00 00 00 00 00 00 00 00 00 00 00 00 56 69 56 4F 74 65 63 68 32 00 61 01 00 10 03 00 00 02 00 45 4E 03 00 82 15 1C 02 00 F4 21 9D 2A 00 00 00 00 00 00 00 00 00 00 00 00 00 00 00 00 00 00 00 00 00 00 00 00 00 00 00 00 00 00 00 56 69 56 4F 74 65 63 68 32 00 02 23 01 4D E1 DF EE 26 02 E1 00 DF EE 12 0A FF FF 98 76 54 32 11 00 00 04 DF EF 4C 06 00 00 00 00 00 00 DF EF 4D 00 DF 81 29 08 30 F0 F0 F0 A0 F0 FF 00 DF 81 16 16 1B FF 00 00 00 00 00 00 00 00 00 00 00 00 00 00 00 00 00 00 00 00 FF 81 05 81 D4 57 A1 13 65 04 CC CC CC CC 18 55 D2 41 1C CC CC CC CC CC CC CC CC 57 C1 18 E6 A2 75 3D C9 0A AC 0B 58 24 1D F7 B0 90 7F 13 8A 5A BE AD E9 6B 97 E0 5F 34 01 01 82 02 18 00 84 0C A0 00 00 01 52 30 10 01 00 00 00 01 95 05 80 40 00 00 00 9A 03 26 09 15 9B 02 08 00 9C 01 00 9F 02 06 00 00 00 00 02 00 9F 03 06 00 00 00 00 00 00 9F 06 0C A0 00 00 01 52 30 10 01 00 00 00 01 9F 07 02 FF C0 9F 09 02 00 01 9F 10 0A 01 15 20 12 40 00 00 00 30 00 9F 1A 02 08 40 9F 21 03 02 57 18 9F 26 08 1A 7B EE DE E0 6E 49 68 9F 27 01 80 9F 33 03 A0 68 08 9F 35 01 25 9F 36 02 00 72 9F 37 04 2D 1C C0 9B 9F 39 01 07 9F 41 04 00 00 00 04 9F 66 04 27 0C 00 00 FF EE 01 05 DF EE 30 01 00 DF EC 1C 1E 08 03 00 04 FF 00 1B 00 00 00 00 FF 00 00 00 00 00 00 00 00 00 00 00 00 00 00 00 00 FF 00 3E A0 00 00 00 00 00 00 00 00 00 00 00 00 00 00 00 00 00 00 00 00 00 00 00 00 00 00 00 00 00 
2026/9/15 10:57:41.230 [TX] - 56 69 56 4F 74 65 63 68 32 00 03 03 00 15 00 E3 00 06 31 32 33 34 35 36 9A 03 15 07 30 9F 21 03 10 10 10 49 5A 
2026/9/15 10:57:41.244 [RX] - 56 69 56 4F 74 65 63 68 32 00 61 01 00 10 03 00 00 02 00 45 4E 03 00 82 03 1C 02 00 20 23 F3 EE 00 00 00 00 00 00 00 00 00 00 00 00 00 00 00 00 00 00 00 00 00 00 00 00 00 00 00 00 00 00 00 56 69 56 4F 74 65 63 68 32 00 03 00 00 00 FF 3B 00 00 00 00 00 00 00 00 00 00 00 00 00 00 00 00 00 00 00 00 00 00 00 00 00 00 00 00 00 00 00 00 00 00 00 00 00 00 00 00 00 00 00 00 00 00 00 56 69 56 4F 74 65 63 68 32 00 61 01 00 10 03 00 00 02 00 45 4E 03 00 82 23 1C 02 00 00 20 F0 63 00 00 00 00 00 00 00 00 00 00 00 00 00 00 00 00 00 00 00 00 00 00 00 00 00 00 00 00 00 00 00  

 ---------- END OF TEST ----------

 Result = PASSED


Docklight Log File (HEX) - Stopped 2026/9/15 10:57:42.832 

