Docklight Log File (HEX) - Started 2026/8/10 13:21:19.724 
 TEST CASE: EDT02-1

 --- Set POS COM PORT Settings
 Set POS COM PORT...
 POS operating on COM90 @ 115200 baud...
 Set POS COM PORT - COMPLETE

 

 --- Poll on Demand

2026/8/10 13:21:20.933 [TX] - 56 69 56 4F 74 65 63 68 32 00 01 01 00 01 01 D7 34 
2026/8/10 13:21:20.949 [RX] - 56 69 56 4F 74 65 63 68 32 00 01 00 00 00 12 53 00 00 00 00 00 00 00 00 00 00 00 00 00 00 00 00 00 00 00 00 00 00 00 00 00 00 00 00 00 00 00 00 00 00 00 00 00 00 00 00 00 00 00 00 00 00 00  

 --- Burst mode Off

2026/8/10 13:21:21.466 [TX] - 56 69 56 4F 74 65 63 68 32 00 04 00 00 05 DF EE 7E 01 00 60 1E 
2026/8/10 13:21:21.584 [RX] - 56 69 56 4F 74 65 63 68 32 00 04 00 00 00 AE 16 00 00 00 00 00 00 00 00 00 00 00 00 00 00 00 00 00 00 00 00 00 00 00 00 00 00 00 00 00 00 00 00 00 00 00 00 00 00 00 00 00 00 00 00 00 00 00  

 --- 60-16 (NEO2)

2026/8/10 13:21:22.103 [TX] - 56 69 56 4F 74 65 63 68 32 00 60 16 00 01 02 B3 FD 
2026/8/10 13:21:22.113 [RX] - 56 69 56 4F 74 65 63 68 32 00 60 00 00 00 3D 35 00 00 00 00 00 00 00 00 00 00 00 00 00 00 00 00 00 00 00 00 00 00 00 00 00 00 00 00 00 00 00 00 00 00 00 00 00 00 00 00 00 00 00 00 00 00 00  

 --- 60-03 (NEO2)

2026/8/10 13:21:22.645 [TX] - 56 69 56 4F 74 65 63 68 32 00 60 03 00 65 07 00 A0 00 00 00 03 10 10 0F 00 9F 01 06 56 49 53 41 30 30 5F 57 01 00 5F 2A 02 08 40 9F 09 02 00 96 5F 36 01 02 9F 1B 04 00 00 3A 98 DF 25 03 9F 37 04 DF 28 03 9F 08 02 DF EE 15 01 01 DF 13 05 00 00 00 00 00 DF 14 05 00 00 00 00 00 DF 15 05 00 00 00 00 00 DF 18 01 00 DF 17 04 00 00 27 10 DF 19 01 00 F3 97 
2026/8/10 13:21:22.672 [RX] - 56 69 56 4F 74 65 63 68 32 00 60 00 00 00 3D 35 00 00 00 00 00 00 00 00 00 00 00 00 00 00 00 00 00 00 00 00 00 00 00 00 00 00 00 00 00 00 00 00 00 00 00 00 00 00 00 00 00 00 00 00 00 00 00  

 --- Disable Enc (00)

2026/8/10 13:21:23.200 [TX] - 56 69 56 4F 74 65 63 68 32 00 C7 36 00 01 00 0F A7 
2026/8/10 13:21:23.207 [RX] - 56 69 56 4F 74 65 63 68 32 00 C7 00 00 00 86 6E 00 00 00 00 00 00 00 00 00 00 00 00 00 00 00 00 00 00 00 00 00 00 00 00 00 00 00 00 00 00 00 00 00 00 00 00 00 00 00 00 00 00 00 00 00 00 00  

 --- 04-00-----DFEF4B = 24 T1+T1 Sentinel

2026/8/10 13:21:23.739 [TX] - 56 69 56 4F 74 65 63 68 32 00 60 06 00 CF 19 00 5F 36 01 02 9F 1A 02 08 40 9F 35 01 21 9F 33 03 60 28 C8 9F 40 05 F0 00 F0 A0 01 9F 1E 08 54 65 72 6D 69 6E 61 6C 9F 15 02 12 34 9F 16 0F 30 30 30 30 30 30 30 30 30 30 30 30 30 30 30 9F 1C 08 38 37 36 35 34 33 32 31 9F 4E 22 31 30 37 32 31 20 57 61 6C 6B 65 72 20 53 74 2E 20 43 79 70 72 65 73 73 2C 20 43 41 20 2C 55 53 41 2E DF 26 01 01 DF 10 08 65 6E 66 72 65 73 7A 68 DF 11 01 00 DF 27 01 00 DF EE 15 01 01 DF EE 16 01 00 DF EE 17 01 07 DF EE 18 01 80 DF EE 1E 08 D0 DC 20 D0 C4 1E 16 00 DF EE 1F 01 80 DF EE 1B 08 30 30 30 31 35 31 30 30 DF EE 20 01 3C DF EE 21 01 0A DF EE 22 03 32 3C 3C DF EF 4B 03 24 00 00 DB E9 
2026/8/10 13:21:23.767 [RX] - 56 69 56 4F 74 65 63 68 32 00 60 00 00 00 3D 35 00 00 00 00 00 00 00 00 00 00 00 00 00 00 00 00 00 00 00 00 00 00 00 00 00 00 00 00 00 00 00 00 00 00 00 00 00 00 00 00 00 00 00 00 00 00 00  

 --- 60-10 Contact Start Transaction

2026/8/10 13:21:24.295 [TX] - 56 69 56 4F 74 65 63 68 32 00 60 10 00 23 01 00 78 00 78 9C 01 00 5F 57 01 00 9F 02 06 00 00 00 00 02 00 9F 03 06 00 00 00 00 00 00 5F 2A 02 08 40 F0 8F 
2026/8/10 13:21:24.332 [RX] - 56 69 56 4F 74 65 63 68 32 00 60 63 00 00 FF 0E 00 00 00 00 00 00 00 00 00 00 00 00 00 00 00 00 00 00 00 00 00 00 00 00 00 00 00 00 00 00 00 00 00 00 00 00 00 00 00 00 00 00 00 00 00 00 00 56 69 56 4F 74 65 63 68 32 00 60 00 00 BD 20 DF EE 26 02 20 00 DF EE 25 02 00 10 57 11 47 61 73 90 01 01 00 10 D2 01 22 01 01 23 45 67 89 5A 08 47 61 73 90 01 01 00 10 5F 34 01 01 5F 20 0F 46 55 4C 4C 20 46 55 4E 43 54 49 4F 4E 41 4C 5F 24 03 20 12 31 9F 1E 08 33 5A 30 30 30 33 37 34 9F 1F 16 30 31 30 32 30 33 30 34 30 35 30 36 30 37 30 38 30 39 30 41 30 42 9F 20 00 5F 25 03 95 07 01 5F 2D 08 65 73 65 6E 66 72 64 65 50 0A 56 49 53 41 43 52 45 44 49 54 4F 07 A0 00 00 00 03 10 10 84 07 A0 00 00 00 03 10 10 DF EE 23 00 9F 39 01 07 9F 53 00 DF 4F 00 DF EF 4C 06 00 00 00 00 00 00 FF EE 01 05 DF EE 30 01 01 55 40 00 00 00 00 00 00 00 00 00 00 00 00 00 00 00 00 00 00 00 00 00 00 00 00 00 00 00 00 00 00 00 00 00 00 00 00 00 00 00 00 00 00 00 00 00 00 00  

 --- 60-11 Contact Authenticate Transaction

2026/8/10 13:21:25.696 [TX] - 56 69 56 4F 74 65 63 68 32 00 60 11 00 03 00 00 78 F3 46 
2026/8/10 13:21:25.709 [RX] - 56 69 56 4F 74 65 63 68 32 00 60 63 00 00 FF 0E 00 00 00 00 00 00 00 00 00 00 00 00 00 00 00 00 00 00 00 00 00 00 00 00 00 00 00 00 00 00 00 00 00 00 00 00 00 00 00 00 00 00 00 00 00 00 00 56 69 56 4F 74 65 63 68 32 00 60 00 01 92 20 DF EE 26 02 20 00 DF EE 25 02 00 04 4F 07 A0 00 00 00 03 10 10 5A 08 47 61 73 90 01 01 00 10 50 0A 56 49 53 41 43 52 45 44 49 54 57 11 47 61 73 90 01 01 00 10 D2 01 22 01 01 23 45 67 89 82 02 40 00 84 07 A0 00 00 00 03 10 10 8E 0A 00 00 00 00 00 00 00 00 1F 00 95 05 42 E0 00 00 00 9A 03 26 08 10 9B 02 80 00 9C 01 00 99 00 5F 20 0F 46 55 4C 4C 20 46 55 4E 43 54 49 4F 4E 41 4C 5F 24 03 20 12 31 5F 25 03 95 07 01 5F 28 02 08 40 5F 2A 02 08 40 5F 2D 08 65 73 65 6E 66 72 64 65 5F 34 01 01 9F 02 06 00 00 00 00 02 00 9F 03 06 00 00 00 00 00 00 9F 07 02 FF C0 9F 08 02 00 8C 9F 09 02 00 96 9F 0B 00 9F 0D 05 00 00 00 00 00 9F 0E 05 00 00 00 00 00 9F 0F 05 00 00 00 00 00 9F 10 07 06 01 1A 03 90 00 00 9F 11 01 01 9F 12 0D 43 52 45 44 49 54 4F 44 45 56 49 53 41 9F 13 00 9F 15 02 12 34 9F 16 0F 30 30 30 30 30 30 30 30 30 30 30 30 30 30 30 9F 1A 02 08 40 9F 1C 08 38 37 36 35 34 33 32 31 9F 1E 08 33 5A 30 30 30 33 37 34 9F 20 00 9F 21 03 05 21 12 9F 24 00 9F 26 08 7C A7 96 43 ED AF DA 3A 9F 27 01 80 9F 33 03 60 28 C8 9F 34 03 3F 00 00 9F 35 01 21 9F 36 02 00 01 9F 37 04 D7 83 11 A1 9F 53 00 9F 5B 00 9F 39 01 07 DF 21 00 DF EE 23 00 DF EE 51 00 DF EF 4C 06 00 00 00 00 00 00 FF EE 01 05 DF EE 30 01 01 B1 67 00 00 00 00 00 00 00 00 00 00 00 00 00 00 00 00 00 00 00 00 00 00 00  

 --- 60-12 Contact Apply Host Response

2026/8/10 13:21:25.965 [TX] - 56 69 56 4F 74 65 63 68 32 00 60 12 00 11 01 8A 02 30 30 91 0A 11 22 33 44 55 66 77 88 30 30 F3 1C 
2026/8/10 13:21:25.976 [RX] - 56 69 56 4F 74 65 63 68 32 00 60 63 00 00 FF 0E 00 00 00 00 00 00 00 00 00 00 00 00 00 00 00 00 00 00 00 00 00 00 00 00 00 00 00 00 00 00 00 00 00 00 00 00 00 00 00 00 00 00 00 00 00 00 00 56 69 56 4F 74 65 63 68 32 00 60 00 00 75 20 DF EE 26 02 20 00 DF EE 25 02 00 02 8A 02 30 30 9F 10 07 06 01 1A 03 60 00 00 9F 26 08 88 2D 84 27 A2 68 E2 14 9F 27 01 40 9F 36 02 00 01 9F 37 04 D7 83 11 A1 9F 02 06 00 00 00 00 02 00 9F 13 00 95 05 42 E0 00 00 00 9B 02 A0 00 9F 03 06 00 00 00 00 00 00 9F 34 03 3F 00 00 DF EE 51 00 99 00 DF 21 00 9F 39 01 07 9F 53 00 FF EE 01 05 DF EE 30 01 01 0E 65 00 00 00 00 00 00 00 00 00 00 00 00 00 00 00 00 00 00 00 00 00 00 00 00 00 00 00 00 00 00 00 00 00 00 00 00 00 00 00 00 00 00 00 00 00 00 00 00 00 00 00 00 00 00 00 00  

 --- 04-00-----DFEF4B = 12 T2+T2 Sentinel(Default)

2026/8/10 13:21:26.769 [TX] - 56 69 56 4F 74 65 63 68 32 00 60 06 00 CF 19 00 5F 36 01 02 9F 1A 02 08 40 9F 35 01 21 9F 33 03 60 28 C8 9F 40 05 F0 00 F0 A0 01 9F 1E 08 54 65 72 6D 69 6E 61 6C 9F 15 02 12 34 9F 16 0F 30 30 30 30 30 30 30 30 30 30 30 30 30 30 30 9F 1C 08 38 37 36 35 34 33 32 31 9F 4E 22 31 30 37 32 31 20 57 61 6C 6B 65 72 20 53 74 2E 20 43 79 70 72 65 73 73 2C 20 43 41 20 2C 55 53 41 2E DF 26 01 01 DF 10 08 65 6E 66 72 65 73 7A 68 DF 11 01 00 DF 27 01 00 DF EE 15 01 01 DF EE 16 01 00 DF EE 17 01 07 DF EE 18 01 80 DF EE 1E 08 D0 DC 20 D0 C4 1E 16 00 DF EE 1F 01 80 DF EE 1B 08 30 30 30 31 35 31 30 30 DF EE 20 01 3C DF EE 21 01 0A DF EE 22 03 32 3C 3C DF EF 4B 03 12 00 00 DE 9E 
2026/8/10 13:21:26.798 [RX] - 56 69 56 4F 74 65 63 68 32 00 60 00 00 00 3D 35 00 00 00 00 00 00 00 00 00 00 00 00 00 00 00 00 00 00 00 00 00 00 00 00 00 00 00 00 00 00 00 00 00 00 00 00 00 00 00 00 00 00 00 00 00 00 00  

 --- 60-10 Contact Start Transaction

2026/8/10 13:21:27.318 [TX] - 56 69 56 4F 74 65 63 68 32 00 60 10 00 23 01 00 78 00 78 9C 01 00 5F 57 01 00 9F 02 06 00 00 00 00 02 00 9F 03 06 00 00 00 00 00 00 5F 2A 02 08 40 F0 8F 
2026/8/10 13:21:27.357 [RX] - 56 69 56 4F 74 65 63 68 32 00 60 63 00 00 FF 0E 00 00 00 00 00 00 00 00 00 00 00 00 00 00 00 00 00 00 00 00 00 00 00 00 00 00 00 00 00 00 00 00 00 00 00 00 00 00 00 00 00 00 00 00 00 00 00 56 69 56 4F 74 65 63 68 32 00 60 00 00 E5 20 DF EE 26 02 20 00 DF EE 25 02 00 10 57 11 47 61 73 90 01 01 00 10 D2 01 22 01 01 23 45 67 89 5A 08 47 61 73 90 01 01 00 10 5F 34 01 01 5F 20 0F 46 55 4C 4C 20 46 55 4E 43 54 49 4F 4E 41 4C 5F 24 03 20 12 31 9F 1E 08 33 5A 30 30 30 33 37 34 9F 1F 16 30 31 30 32 30 33 30 34 30 35 30 36 30 37 30 38 30 39 30 41 30 42 9F 20 00 5F 25 03 95 07 01 5F 2D 08 65 73 65 6E 66 72 64 65 50 0A 56 49 53 41 43 52 45 44 49 54 4F 07 A0 00 00 00 03 10 10 84 07 A0 00 00 00 03 10 10 DF EE 23 00 9F 39 01 07 9F 53 00 DF 4F 00 DF EF 4C 06 00 24 00 00 00 00 DF EF 4D 24 3B 34 37 36 31 37 33 39 30 30 31 30 31 30 30 31 30 3D 32 30 31 32 32 30 31 30 31 32 33 34 35 36 37 38 39 3F FF EE 01 05 DF EE 30 01 01 35 80 00 00 00 00 00 00 00  

 --- 60-11 Contact Authenticate Transaction

2026/8/10 13:21:28.803 [TX] - 56 69 56 4F 74 65 63 68 32 00 60 11 00 03 00 00 78 F3 46 
2026/8/10 13:21:28.816 [RX] - 56 69 56 4F 74 65 63 68 32 00 60 63 00 00 FF 0E 00 00 00 00 00 00 00 00 00 00 00 00 00 00 00 00 00 00 00 00 00 00 00 00 00 00 00 00 00 00 00 00 00 00 00 00 00 00 00 00 00 00 00 00 00 00 00 56 69 56 4F 74 65 63 68 32 00 60 00 01 BA 20 DF EE 26 02 20 00 DF EE 25 02 00 04 4F 07 A0 00 00 00 03 10 10 5A 08 47 61 73 90 01 01 00 10 50 0A 56 49 53 41 43 52 45 44 49 54 57 11 47 61 73 90 01 01 00 10 D2 01 22 01 01 23 45 67 89 82 02 40 00 84 07 A0 00 00 00 03 10 10 8E 0A 00 00 00 00 00 00 00 00 1F 00 95 05 42 E0 00 00 00 9A 03 26 08 10 9B 02 80 00 9C 01 00 99 00 5F 20 0F 46 55 4C 4C 20 46 55 4E 43 54 49 4F 4E 41 4C 5F 24 03 20 12 31 5F 25 03 95 07 01 5F 28 02 08 40 5F 2A 02 08 40 5F 2D 08 65 73 65 6E 66 72 64 65 5F 34 01 01 9F 02 06 00 00 00 00 02 00 9F 03 06 00 00 00 00 00 00 9F 07 02 FF C0 9F 08 02 00 8C 9F 09 02 00 96 9F 0B 00 9F 0D 05 00 00 00 00 00 9F 0E 05 00 00 00 00 00 9F 0F 05 00 00 00 00 00 9F 10 07 06 01 1A 03 90 00 00 9F 11 01 01 9F 12 0D 43 52 45 44 49 54 4F 44 45 56 49 53 41 9F 13 00 9F 15 02 12 34 9F 16 0F 30 30 30 30 30 30 30 30 30 30 30 30 30 30 30 9F 1A 02 08 40 9F 1C 08 38 37 36 35 34 33 32 31 9F 1E 08 33 5A  

 --- 60-12 Contact Apply Host Response
30 30 30 33 37 34 9F 20 00 9F 21 03 05 21 15 9F 24 00 9F 26 08 7C A7 96 43 ED AF DA 3A 9F 27 01 80 9F 33 03 60 28 C8 9F 34 03 3F 00 00 9F 35 01 21 9F 36 02 00 01 9F 37 04 E3 18 85 CF 9F 53 00 9F 5B 00 9F 39 01 07 DF 21 00 DF EE 23 00 DF EE 51 00 DF EF 4C 06 00 24 00 00 00 00 DF EF 4D 24 3B 34 37 36 31 37 33 39 30 30 31 30 31 30 30 31 30 3D 32 30 31 32 32 30 31 30 31 32 33 34 35 36 37 38 39 3F FF EE 01 05 DF EE 30 01 01 88 C8 00 00 00 00 00 00 00 00 00 00 00 00 00 00 00 00 00 00 00 00 00 00 00 00 00 00 00 00 00 00 00 00 00 00 00 00 00 00 00 00 00 00 00 00 00 00 
2026/8/10 13:21:29.048 [TX] - 56 69 56 4F 74 65 63 68 32 00 60 12 00 11 01 8A 02 30 30 91 0A 11 22 33 44 55 66 77 88 30 30 F3 1C 
2026/8/10 13:21:29.062 [RX] - 56 69 56 4F 74 65 63 68 32 00 60 63 00 00 FF 0E 00 00 00 00 00 00 00 00 00 00 00 00 00 00 00 00 00 00 00 00 00 00 00 00 00 00 00 00 00 00 00 00 00 00 00 00 00 00 00 00 00 00 00 00 00 00 00 56 69 56 4F 74 65 63 68 32 00 60 00 00 75 20 DF EE 26 02 20 00 DF EE 25 02 00 02 8A 02 30 30 9F 10 07 06 01 1A 03 60 00 00 9F 26 08 88 2D 84 27 A2 68 E2 14 9F 27 01 40 9F 36 02 00 01 9F 37 04 E3 18 85 CF 9F 02 06 00 00 00 00 02 00 9F 13 00 95 05 42 E0 00 00 00 9B 02 A0 00 9F 03 06 00 00 00 00 00 00 9F 34 03 3F 00 00 DF EE 51 00 99 00 DF 21 00 9F 39 01 07 9F 53 00 FF EE 01 05 DF EE 30 01 01 B2 5E 00 00 00 00 00 00 00 00 00 00 00 00 00 00 00 00 00 00 00 00 00 00 00 00 00 00 00 00 00 00 00 00 00 00 00 00 00 00 00 00 00 00 00 00 00 00 00 00 00 00 00 00 00 00 00 00  

 --- 04-00-----DFEF4B = 09 T3+T3 Sentinel

2026/8/10 13:21:29.746 [TX] - 56 69 56 4F 74 65 63 68 32 00 60 06 00 CF 19 00 5F 36 01 02 9F 1A 02 08 40 9F 35 01 21 9F 33 03 60 28 C8 9F 40 05 F0 00 F0 A0 01 9F 1E 08 54 65 72 6D 69 6E 61 6C 9F 15 02 12 34 9F 16 0F 30 30 30 30 30 30 30 30 30 30 30 30 30 30 30 9F 1C 08 38 37 36 35 34 33 32 31 9F 4E 22 31 30 37 32 31 20 57 61 6C 6B 65 72 20 53 74 2E 20 43 79 70 72 65 73 73 2C 20 43 41 20 2C 55 53 41 2E DF 26 01 01 DF 10 08 65 6E 66 72 65 73 7A 68 DF 11 01 00 DF 27 01 00 DF EE 15 01 01 DF EE 16 01 00 DF EE 17 01 07 DF EE 18 01 80 DF EE 1E 08 D0 DC 20 D0 C4 1E 16 00 DF EE 1F 01 80 DF EE 1B 08 30 30 30 31 35 31 30 30 DF EE 20 01 3C DF EE 21 01 0A DF EE 22 03 32 3C 3C DF EF 4B 03 09 00 00 4C 2D 
2026/8/10 13:21:29.777 [RX] - 56 69 56 4F 74 65 63 68 32 00 60 00 00 00 3D 35 00 00 00 00 00 00 00 00 00 00 00 00 00 00 00 00 00 00 00 00 00 00 00 00 00 00 00 00 00 00 00 00 00 00 00 00 00 00 00 00 00 00 00 00 00 00 00  

 --- 60-10 Contact Start Transaction

2026/8/10 13:21:30.301 [TX] - 56 69 56 4F 74 65 63 68 32 00 60 10 00 23 01 00 78 00 78 9C 01 00 5F 57 01 00 9F 02 06 00 00 00 00 02 00 9F 03 06 00 00 00 00 00 00 5F 2A 02 08 40 F0 8F 
2026/8/10 13:21:30.333 [RX] - 56 69 56 4F 74 65 63 68 32 00 60 63 00 00 FF 0E 00 00 00 00 00 00 00 00 00 00 00 00 00 00 00 00 00 00 00 00 00 00 00 00 00 00 00 00 00 00 00 00 00 00 00 00 00 00 00 00 00 00 00 00 00 00 00 56 69 56 4F 74 65 63 68 32 00 60 00 00 BD 20 DF EE 26 02 20 00 DF EE 25 02 00 10 57 11 47 61 73 90 01 01 00 10 D2 01 22 01 01 23 45 67 89 5A 08 47 61 73 90 01 01 00 10 5F 34 01 01 5F 20 0F 46 55 4C 4C 20 46 55 4E 43 54 49 4F 4E 41 4C 5F 24 03 20 12 31 9F 1E 08 33 5A 30 30 30 33 37 34 9F 1F 16 30 31 30 32 30 33 30 34 30 35 30 36 30 37 30 38 30 39 30 41 30 42 9F 20 00 5F 25 03 95 07 01 5F 2D 08 65 73 65 6E 66 72 64 65 50 0A 56 49 53 41 43 52 45 44 49 54 4F 07 A0 00 00 00 03 10 10 84 07 A0 00 00 00 03 10 10 DF EE 23 00 9F 39 01 07 9F 53 00 DF 4F 00 DF EF 4C 06 00 00 00 00 00 00 FF EE 01 05 DF EE 30 01 01 55 40 00 00 00 00 00 00 00 00 00 00 00 00 00 00 00 00 00 00 00 00 00 00 00 00 00 00 00 00 00 00 00 00 00 00 00 00 00 00 00 00 00 00 00 00 00 00 00  

 --- 60-11 Contact Authenticate Transaction

2026/8/10 13:21:31.707 [TX] - 56 69 56 4F 74 65 63 68 32 00 60 11 00 03 00 00 78 F3 46 
2026/8/10 13:21:31.720 [RX] - 56 69 56 4F 74 65 63 68 32 00 60 63 00 00 FF 0E 00 00 00 00 00 00 00 00 00 00 00 00 00 00 00 00 00 00 00 00 00 00 00 00 00 00 00 00 00 00 00 00 00 00 00 00 00 00 00 00 00 00 00 00 00 00 00 56 69 56 4F 74 65 63 68 32 00 60 00 01 92 20 DF EE 26 02 20 00 DF EE 25 02 00 04 4F 07 A0 00 00 00 03 10 10 5A 08 47 61 73 90 01 01 00 10 50 0A 56 49 53 41 43 52 45 44 49 54 57 11 47 61 73 90 01 01 00 10 D2 01 22 01 01 23 45 67 89 82 02 40 00 84 07 A0 00 00 00 03 10 10 8E 0A 00 00 00 00 00 00 00 00 1F 00 95 05 42 E0 00 00 00 9A 03 26 08 10 9B 02 80 00 9C 01 00 99 00 5F 20 0F 46 55 4C 4C 20 46 55 4E 43 54 49 4F 4E 41 4C 5F 24 03 20 12 31 5F 25 03 95 07 01 5F 28 02 08 40 5F 2A 02 08 40 5F 2D 08 65 73 65 6E 66 72 64 65 5F 34 01 01 9F 02 06 00 00 00 00 02 00 9F 03 06 00 00 00 00 00 00 9F 07 02 FF C0 9F 08 02 00 8C 9F 09 02 00 96 9F 0B 00 9F 0D 05 00 00 00 00 00 9F 0E 05 00 00 00 00 00 9F 0F 05 00 00 00 00 00 9F 10 07 06 01 1A 03 90 00 00 9F 11 01 01  

 --- 60-12 Contact Apply Host Response
9F 12 0D 43 52 45 44 49 54 4F 44 45 56 49 53 41 9F 13 00 9F 15 02 12 34 9F 16 0F 30 30 30 30 30 30 30 30 30 30 30 30 30 30 30 9F 1A 02 08 40 9F 1C 08 38 37 36 35 34 33 32 31 9F 1E 08 33 5A 
2026/8/10 13:21:31.949 [TX] - 56 69 56 4F 74 65 63 68 32 00 60 12 00 11 01 8A 02 30 30 91 0A 11 22 33 44 55 66 77 88 30 30 F3 1C 
2026/8/10 13:21:31.944 [RX] - 30 30 30 33 37 34 9F 20 00 9F 21 03 05 21 18 9F 24 00 9F 26 08 7C A7 96 43 ED AF DA 3A 9F 27 01 80 9F 33 03 60 28 C8 9F 34 03 3F 00 00 9F 35 01 21 9F 36 02 00 01 9F 37 04 E5 82 87 76 9F 53 00 9F 5B 00 9F 39 01 07 DF 21 00 DF EE 23 00 DF EE 51 00 DF EF 4C 06 00 00 00 00 00 00 FF EE 01 05 DF EE 30 01 01 68 8E 00 00 00 00 00 00 00 00 00 00 00 00 00 00 00 00 00 00 00 00 00 00 00 56 69 56 4F 74 65 63 68 32 00 60 63 00 00 FF 0E 00 00 00 00 00 00 00 00 00 00 00 00 00 00 00 00 00 00 00 00 00 00 00 00 00 00 00 00 00 00 00 00 00 00 00 00 00 00 00 00 00 00 00 00 00 00 00 56 69 56 4F 74 65 63 68 32 00 60 00 00 75 20 DF EE 26 02 20 00 DF EE 25 02 00 02 8A 02 30 30 9F 10 07 06 01 1A 03 60 00 00 9F 26 08 88 2D 84 27 A2 68 E2 14 9F 27 01 40 9F 36 02 00 01 9F 37 04 E5 82 87 76 9F 02 06 00 00 00 00 02 00 9F 13 00 95 05 42 E0 00 00 00 9B 02 A0 00 9F 03 06 00 00 00 00 00 00 9F 34 03 3F 00 00 DF EE 51 00 99 00 DF 21 00 9F 39 01 07 9F 53 00 FF EE 01 05 DF EE 30 01 01 CC 86 00 00 00 00 00 00 00 00 00 00 00 00 00 00 00 00 00 00 00 00 00 00 00 00 00 00 00 00 00 00 00 00 00 00 00 00 00 00 00 00 00 00 00 00 00 00 00 00 00 00 00 00 00 00 00 00  

 --- 04-00-----DFEF4B = 36 T1+T2+T1 Sentinel+T2 Sentinel

2026/8/10 13:21:32.657 [TX] - 56 69 56 4F 74 65 63 68 32 00 60 06 00 CF 19 00 5F 36 01 02 9F 1A 02 08 40 9F 35 01 21 9F 33 03 60 28 C8 9F 40 05 F0 00 F0 A0 01 9F 1E 08 54 65 72 6D 69 6E 61 6C 9F 15 02 12 34 9F 16 0F 30 30 30 30 30 30 30 30 30 30 30 30 30 30 30 9F 1C 08 38 37 36 35 34 33 32 31 9F 4E 22 31 30 37 32 31 20 57 61 6C 6B 65 72 20 53 74 2E 20 43 79 70 72 65 73 73 2C 20 43 41 20 2C 55 53 41 2E DF 26 01 01 DF 10 08 65 6E 66 72 65 73 7A 68 DF 11 01 00 DF 27 01 00 DF EE 15 01 01 DF EE 16 01 00 DF EE 17 01 07 DF EE 18 01 80 DF EE 1E 08 D0 DC 20 D0 C4 1E 16 00 DF EE 1F 01 80 DF EE 1B 08 30 30 30 31 35 31 30 30 DF EE 20 01 3C DF EE 21 01 0A DF EE 22 03 32 3C 3C DF EF 4B 03 36 00 00 D8 C4 
2026/8/10 13:21:32.683 [RX] - 56 69 56 4F 74 65 63 68 32 00 60 00 00 00 3D 35 00 00 00 00 00 00 00 00 00 00 00 00 00 00 00 00 00 00 00 00 00 00 00 00 00 00 00 00 00 00 00 00 00 00 00 00 00 00 00 00 00 00 00 00 00 00 00  

 --- 60-10 Contact Start Transaction

2026/8/10 13:21:33.211 [TX] - 56 69 56 4F 74 65 63 68 32 00 60 10 00 23 01 00 78 00 78 9C 01 00 5F 57 01 00 9F 02 06 00 00 00 00 02 00 9F 03 06 00 00 00 00 00 00 5F 2A 02 08 40 F0 8F 
2026/8/10 13:21:33.245 [RX] - 56 69 56 4F 74 65 63 68 32 00 60 63 00 00 FF 0E 00 00 00 00 00 00 00 00 00 00 00 00 00 00 00 00 00 00 00 00 00 00 00 00 00 00 00 00 00 00 00 00 00 00 00 00 00 00 00 00 00 00 00 00 00 00 00 56 69 56 4F 74 65 63 68 32 00 60 00 00 E5 20 DF EE 26 02 20 00 DF EE 25 02 00 10 57 11 47 61 73 90 01 01 00 10 D2 01 22 01 01 23 45 67 89 5A 08 47 61 73 90 01 01 00 10 5F 34 01 01 5F 20 0F 46 55 4C 4C 20 46 55 4E 43 54 49 4F 4E 41 4C 5F 24 03 20 12 31 9F 1E 08 33 5A 30 30 30 33 37 34 9F 1F 16 30 31 30 32 30 33 30 34 30 35 30 36 30 37 30 38 30 39 30 41 30 42 9F 20 00 5F 25 03 95 07 01 5F 2D 08 65 73 65 6E 66 72 64 65 50 0A 56 49 53 41 43 52 45 44 49 54 4F 07 A0 00 00 00 03 10 10 84 07 A0 00 00 00 03 10 10 DF EE 23 00 9F 39 01 07 9F 53 00 DF 4F 00 DF EF 4C 06 00 24 00 00 00 00 DF EF 4D 24 3B 34 37 36 31 37 33 39 30 30 31 30 31 30 30 31 30 3D 32 30 31 32 32 30 31 30 31 32 33 34 35 36 37 38 39 3F FF EE 01 05 DF EE 30 01 01 35 80 00 00 00 00 00 00 00  

 --- 60-11 Contact Authenticate Transaction

2026/8/10 13:21:34.606 [TX] - 56 69 56 4F 74 65 63 68 32 00 60 11 00 03 00 00 78 F3 46 
2026/8/10 13:21:34.618 [RX] - 56 69 56 4F 74 65 63 68 32 00 60 63 00 00 FF 0E 00 00 00 00 00 00 00 00 00 00 00 00 00 00 00 00 00 00 00 00 00 00 00 00 00 00 00 00 00 00 00 00 00 00 00 00 00 00 00 00 00 00 00 00 00 00 00 56 69 56 4F 74 65 63 68 32 00 60 00 01 BA 20 DF EE 26 02 20 00 DF EE 25 02 00 04 4F 07 A0 00 00 00 03 10 10 5A 08 47 61 73 90 01 01 00 10 50 0A 56 49 53 41 43 52 45 44 49 54 57 11 47 61 73 90 01 01 00 10 D2 01 22 01 01 23 45 67 89 82 02 40 00 84 07 A0 00 00 00 03 10 10 8E 0A 00 00 00 00 00 00 00 00 1F 00 95 05 42 E0 00 00 00 9A 03 26 08 10 9B 02 80 00 9C 01 00 99 00 5F 20 0F 46 55 4C 4C 20 46 55 4E 43 54 49 4F 4E 41 4C 5F 24 03 20 12 31 5F 25 03 95 07 01 5F 28 02 08 40 5F 2A 02 08 40 5F 2D 08 65 73 65 6E 66 72 64 65 5F 34 01 01 9F 02 06 00 00 00 00 02 00 9F 03 06 00 00 00 00 00 00 9F 07 02 FF C0 9F 08 02 00 8C 9F 09 02 00 96 9F 0B 00 9F 0D 05 00 00 00 00 00 9F 0E 05 00 00 00 00 00 9F 0F 05 00 00 00 00 00 9F 10 07 06 01 1A 03 90 00 00 9F 11 01 01  

 --- 60-12 Contact Apply Host Response
9F 12 0D 43 52 45 44 49 54 4F 44 45 56 49 53 41 9F 13 00 9F 15 02 12 34 9F 16 0F 30 30 30 30 30 30 30 30 30 30 30 30 30 30 30 9F 1A 02 08 40 9F 1C 08 38 37 36 35 34 33 32 31 9F 1E 08 33 5A 30 30 30 33 37 34 9F 20 00 9F 21 03 05 21 20 9F 24 00 9F 26 08 7C A7 96 43 ED AF DA 3A 9F 27 01 80 9F 33 03 60 28 C8 9F 34 03 3F 00 00 9F 35 01 21 9F 36 02 00 01 9F 37 04 4F 36 1A 1C 9F 53 00 9F 5B 00 9F 39 01 07 DF 21 00 DF EE 23 00 DF EE 51 00 DF EF 4C 06 00 24 00 00 00 00 DF EF 4D 24 3B 34 37 36 31 37 33 39 30 30 31 30 31 30 30 31 30 3D 32 30 31 32 32 30 31 30 31 32 33 34 35 36 37 38 39 3F FF EE 01 05 DF EE 30 01 01 32 7A 00 00 00 00 00 00 00 00 00 00 00 00 00 00 00 00 00 00 00 00 00 00 00 00 00 00 00 00 00 00 00 00 00 00 00 00 00 00 00 00 00 00 00 00 00 00 
2026/8/10 13:21:34.859 [TX] - 56 69 56 4F 74 65 63 68 32 00 60 12 00 11 01 8A 02 30 30 91 0A 11 22 33 44 55 66 77 88 30 30 F3 1C 
2026/8/10 13:21:34.871 [RX] - 56 69 56 4F 74 65 63 68 32 00 60 63 00 00 FF 0E 00 00 00 00 00 00 00 00 00 00 00 00 00 00 00 00 00 00 00 00 00 00 00 00 00 00 00 00 00 00 00 00 00 00 00 00 00 00 00 00 00 00 00 00 00 00 00 56 69 56 4F 74 65 63 68 32 00 60 00 00 75 20 DF EE 26 02 20 00 DF EE 25 02 00 02 8A 02 30 30 9F 10 07 06 01 1A 03 60 00 00 9F 26 08 88 2D 84 27 A2 68 E2 14 9F 27 01 40 9F 36 02 00 01 9F 37 04 4F 36 1A 1C 9F 02 06 00 00 00 00 02 00 9F 13 00 95 05 42 E0 00 00 00 9B 02 A0 00 9F 03 06 00 00 00 00 00 00 9F 34 03 3F 00 00 DF EE 51 00 99 00 DF 21 00 9F 39 01 07 9F 53 00 FF EE 01 05 DF EE 30 01 01 23 6B 00 00 00 00 00 00 00 00 00 00 00 00 00 00 00 00 00 00 00 00 00 00 00 00 00 00 00 00 00 00 00 00 00 00 00 00 00 00 00 00 00 00 00 00 00 00 00 00 00 00 00 00 00 00 00 00  

 --- 04-00-----DFEF4B = 2D T1+T3+T1 Sentinel+T3 Sentinel

2026/8/10 13:21:35.523 [TX] - 56 69 56 4F 74 65 63 68 32 00 60 06 00 CF 19 00 5F 36 01 02 9F 1A 02 08 40 9F 35 01 21 9F 33 03 60 28 C8 9F 40 05 F0 00 F0 A0 01 9F 1E 08 54 65 72 6D 69 6E 61 6C 9F 15 02 12 34 9F 16 0F 30 30 30 30 30 30 30 30 30 30 30 30 30 30 30 9F 1C 08 38 37 36 35 34 33 32 31 9F 4E 22 31 30 37 32 31 20 57 61 6C 6B 65 72 20 53 74 2E 20 43 79 70 72 65 73 73 2C 20 43 41 20 2C 55 53 41 2E DF 26 01 01 DF 10 08 65 6E 66 72 65 73 7A 68 DF 11 01 00 DF 27 01 00 DF EE 15 01 01 DF EE 16 01 00 DF EE 17 01 07 DF EE 18 01 80 DF EE 1E 08 D0 DC 20 D0 C4 1E 16 00 DF EE 1F 01 80 DF EE 1B 08 30 30 30 31 35 31 30 30 DF EE 20 01 3C DF EE 21 01 0A DF EE 22 03 32 3C 3C DF EF 4B 03 2D 00 00 4A 77 
2026/8/10 13:21:35.551 [RX] - 56 69 56 4F 74 65 63 68 32 00 60 00 00 00 3D 35 00 00 00 00 00 00 00 00 00 00 00 00 00 00 00 00 00 00 00 00 00 00 00 00 00 00 00 00 00 00 00 00 00 00 00 00 00 00 00 00 00 00 00 00 00 00 00  

 --- 60-10 Contact Start Transaction

2026/8/10 13:21:36.072 [TX] - 56 69 56 4F 74 65 63 68 32 00 60 10 00 23 01 00 78 00 78 9C 01 00 5F 57 01 00 9F 02 06 00 00 00 00 02 00 9F 03 06 00 00 00 00 00 00 5F 2A 02 08 40 F0 8F 
2026/8/10 13:21:36.109 [RX] - 56 69 56 4F 74 65 63 68 32 00 60 63 00 00 FF 0E 00 00 00 00 00 00 00 00 00 00 00 00 00 00 00 00 00 00 00 00 00 00 00 00 00 00 00 00 00 00 00 00 00 00 00 00 00 00 00 00 00 00 00 00 00 00 00 56 69 56 4F 74 65 63 68 32 00 60 00 00 BD 20 DF EE 26 02 20 00 DF EE 25 02 00 10 57 11 47 61 73 90 01 01 00 10 D2 01 22 01 01 23 45 67 89 5A 08 47 61 73 90 01 01 00 10 5F 34 01 01 5F 20 0F 46 55 4C 4C 20 46 55 4E 43 54 49 4F 4E 41 4C 5F 24 03 20 12 31 9F 1E 08 33 5A 30 30 30 33 37 34 9F 1F 16 30 31 30 32 30 33 30 34 30 35 30 36 30 37 30 38 30 39 30 41 30 42 9F 20 00 5F 25 03 95 07 01 5F 2D 08 65 73 65 6E 66 72 64 65 50 0A 56 49 53 41 43 52 45 44 49 54 4F 07 A0 00 00 00 03 10 10 84 07 A0 00 00 00 03 10 10 DF EE 23 00 9F 39 01 07 9F 53 00 DF 4F 00 DF EF 4C 06 00 00 00 00 00 00 FF EE 01 05 DF EE 30 01 01 55 40 00 00 00 00 00 00 00 00 00 00 00 00 00 00 00 00 00 00 00 00 00 00 00 00 00 00 00 00 00 00 00 00 00 00 00 00 00 00 00 00 00 00 00 00 00 00 00  

 --- 60-11 Contact Authenticate Transaction

2026/8/10 13:21:37.482 [TX] - 56 69 56 4F 74 65 63 68 32 00 60 11 00 03 00 00 78 F3 46 
2026/8/10 13:21:37.498 [RX] - 56 69 56 4F 74 65 63 68 32 00 60 63 00 00 FF 0E 00 00 00 00 00 00 00 00 00 00 00 00 00 00 00 00 00 00 00 00 00 00 00 00 00 00 00 00 00 00 00 00 00 00 00 00 00 00 00 00 00 00 00 00 00 00 00 56 69 56 4F 74 65 63 68 32 00 60 00 01 92 20 DF EE 26 02 20 00 DF EE 25 02 00 04 4F 07 A0 00 00 00 03 10 10 5A 08 47 61 73 90 01 01 00 10 50 0A 56 49 53 41 43 52 45 44 49 54 57 11 47 61 73 90 01 01 00 10 D2 01 22 01 01 23 45 67 89 82 02 40 00 84 07 A0 00 00 00 03 10 10 8E 0A 00 00 00 00 00 00 00 00 1F 00 95 05 42 E0 00 00 00 9A 03 26 08 10 9B 02 80 00 9C 01 00 99 00 5F 20 0F 46 55 4C 4C 20 46 55 4E 43 54 49 4F 4E 41 4C 5F 24 03 20 12 31 5F 25 03 95 07 01 5F 28 02 08 40 5F 2A 02 08 40 5F 2D 08 65 73 65 6E 66 72 64 65 5F 34 01 01 9F 02 06 00 00 00 00 02 00 9F 03 06 00 00 00 00 00 00 9F 07 02 FF C0 9F 08 02 00 8C 9F 09 02 00 96 9F 0B 00 9F 0D 05 00 00 00 00 00 9F 0E 05 00 00 00 00 00 9F 0F 05 00 00 00 00 00 9F 10 07 06 01 1A 03 90 00 00 9F 11 01 01  

 --- 60-12 Contact Apply Host Response
9F 12 0D 43 52 45 44 49 54 4F 44 45 56 49 53 41 9F 13 00 9F 15 02 12 34 9F 16 0F 30 30 30 30 30 30 30 30 30 30 30 30 30 30 30 9F 1A 02 08 40 9F 1C 08 38 37 36 35 34 33 32 31 9F 1E 08 33 5A 30 30 30 33 37 34 9F 20 00 9F 21 03 05 21 23 9F 24 00 9F 26 08 7C A7 96 43 ED AF DA 3A 9F 27 01 80 9F 33 03 60 28 C8 9F 34 03 3F 00 00 9F 35 01 21 9F 36 02 00 01 9F 37 04 4E B2 F9 0A 9F 53 00 9F 5B 00 9F 39 01 07 DF 21 00 DF EE 23 00 DF EE 51 00 DF EF 4C 06 00 00 00 00 00 00 FF EE 01 05 DF EE 30 01 01 ED CC 00 00 00 00 00 00 00 00 00 00 00 00 00 00 00 00 00 00 00 00 00 00 00 
2026/8/10 13:21:37.728 [TX] - 56 69 56 4F 74 65 63 68 32 00 60 12 00 11 01 8A 02 30 30 91 0A 11 22 33 44 55 66 77 88 30 30 F3 1C 
2026/8/10 13:21:37.740 [RX] - 56 69 56 4F 74 65 63 68 32 00 60 63 00 00 FF 0E 00 00 00 00 00 00 00 00 00 00 00 00 00 00 00 00 00 00 00 00 00 00 00 00 00 00 00 00 00 00 00 00 00 00 00 00 00 00 00 00 00 00 00 00 00 00 00 56 69 56 4F 74 65 63 68 32 00 60 00 00 75 20 DF EE 26 02 20 00 DF EE 25 02 00 02 8A 02 30 30 9F 10 07 06 01 1A 03 60 00 00 9F 26 08 88 2D 84 27 A2 68 E2 14 9F 27 01 40 9F 36 02 00 01 9F 37 04 4E B2 F9 0A 9F 02 06 00 00 00 00 02 00 9F 13 00 95 05 42 E0 00 00 00 9B 02 A0 00 9F 03 06 00 00 00 00 00 00 9F 34 03 3F 00 00 DF EE 51 00 99 00 DF 21 00 9F 39 01 07 9F 53 00 FF EE 01 05 DF EE 30 01 01 D2 43 00 00 00 00 00 00 00 00 00 00 00 00 00 00 00 00 00 00 00 00 00 00 00 00 00 00 00 00 00 00 00 00 00 00 00 00 00 00 00 00 00 00 00 00 00 00 00 00 00 00 00 00 00 00 00 00  

 --- 04-00-----DFEF4B = 1B T2+T3+T2 Sentinel+T3 Sentinel

2026/8/10 13:21:38.417 [TX] - 56 69 56 4F 74 65 63 68 32 00 60 06 00 CF 19 00 5F 36 01 02 9F 1A 02 08 40 9F 35 01 21 9F 33 03 60 28 C8 9F 40 05 F0 00 F0 A0 01 9F 1E 08 54 65 72 6D 69 6E 61 6C 9F 15 02 12 34 9F 16 0F 30 30 30 30 30 30 30 30 30 30 30 30 30 30 30 9F 1C 08 38 37 36 35 34 33 32 31 9F 4E 22 31 30 37 32 31 20 57 61 6C 6B 65 72 20 53 74 2E 20 43 79 70 72 65 73 73 2C 20 43 41 20 2C 55 53 41 2E DF 26 01 01 DF 10 08 65 6E 66 72 65 73 7A 68 DF 11 01 00 DF 27 01 00 DF EE 15 01 01 DF EE 16 01 00 DF EE 17 01 07 DF EE 18 01 80 DF EE 1E 08 D0 DC 20 D0 C4 1E 16 00 DF EE 1F 01 80 DF EE 1B 08 30 30 30 31 35 31 30 30 DF EE 20 01 3C DF EE 21 01 0A DF EE 22 03 32 3C 3C DF EF 4B 03 1B 00 00 4F 00 
2026/8/10 13:21:38.459 [RX] - 56 69 56 4F 74 65 63 68 32 00 60 00 00 00 3D 35 00 00 00 00 00 00 00 00 00 00 00 00 00 00 00 00 00 00 00 00 00 00 00 00 00 00 00 00 00 00 00 00 00 00 00 00 00 00 00 00 00 00 00 00 00 00 00  

 --- 60-10 Contact Start Transaction

2026/8/10 13:21:38.980 [TX] - 56 69 56 4F 74 65 63 68 32 00 60 10 00 23 01 00 78 00 78 9C 01 00 5F 57 01 00 9F 02 06 00 00 00 00 02 00 9F 03 06 00 00 00 00 00 00 5F 2A 02 08 40 F0 8F 
2026/8/10 13:21:39.019 [RX] - 56 69 56 4F 74 65 63 68 32 00 60 63 00 00 FF 0E 00 00 00 00 00 00 00 00 00 00 00 00 00 00 00 00 00 00 00 00 00 00 00 00 00 00 00 00 00 00 00 00 00 00 00 00 00 00 00 00 00 00 00 00 00 00 00 56 69 56 4F 74 65 63 68 32 00 60 00 00 E5 20 DF EE 26 02 20 00 DF EE 25 02 00 10 57 11 47 61 73 90 01 01 00 10 D2 01 22 01 01 23 45 67 89 5A 08 47 61 73 90 01 01 00 10 5F 34 01 01 5F 20 0F 46 55 4C 4C 20 46 55 4E 43 54 49 4F 4E 41 4C 5F 24 03 20 12 31 9F 1E 08 33 5A 30 30 30 33 37 34 9F 1F 16 30 31 30 32 30 33 30 34 30 35 30 36 30 37 30 38 30 39 30 41 30 42 9F 20 00 5F 25 03 95 07 01 5F 2D 08 65 73 65 6E 66 72 64 65 50 0A 56 49 53 41 43 52 45 44 49 54 4F 07 A0 00 00 00 03 10 10 84 07 A0 00 00 00 03 10 10 DF EE 23 00 9F 39 01 07 9F 53 00 DF 4F 00 DF EF 4C 06 00 24 00 00 00 00 DF EF 4D 24 3B 34 37 36 31 37 33 39 30 30 31 30 31 30 30 31 30 3D 32 30 31 32 32 30 31 30 31 32 33 34 35 36 37 38 39 3F FF EE 01 05 DF EE 30 01 01 35 80 00 00 00 00 00 00 00  

 --- 60-11 Contact Authenticate Transaction

2026/8/10 13:21:40.454 [TX] - 56 69 56 4F 74 65 63 68 32 00 60 11 00 03 00 00 78 F3 46 
2026/8/10 13:21:40.466 [RX] - 56 69 56 4F 74 65 63 68 32 00 60 63 00 00 FF 0E 00 00 00 00 00 00 00 00 00 00 00 00 00 00 00 00 00 00 00 00 00 00 00 00 00 00 00 00 00 00 00 00 00 00 00 00 00 00 00 00 00 00 00 00 00 00 00 56 69 56 4F 74 65 63 68 32 00 60 00 01 BA 20 DF EE 26 02 20 00 DF EE 25 02 00 04 4F 07 A0 00 00 00 03 10 10 5A 08 47 61 73 90 01 01 00 10 50 0A 56 49 53 41 43 52 45 44 49 54 57 11 47 61 73 90 01 01 00 10 D2 01 22 01 01 23 45 67 89 82 02 40 00 84 07 A0 00 00 00 03 10 10 8E 0A 00 00 00 00 00 00 00 00 1F 00 95 05 42 E0 00 00 00 9A 03 26 08 10 9B 02 80 00 9C 01 00 99 00 5F 20 0F 46 55 4C 4C 20 46 55 4E 43 54 49 4F 4E 41 4C 5F 24 03 20 12 31 5F 25 03 95 07 01 5F 28 02 08 40 5F 2A 02 08 40 5F 2D 08 65 73 65 6E 66 72 64 65 5F 34 01 01 9F 02 06 00 00 00 00 02 00 9F 03 06 00 00 00 00 00 00 9F 07 02 FF C0 9F 08 02 00 8C 9F 09 02 00 96 9F 0B 00 9F 0D 05 00 00 00 00 00 9F 0E 05 00 00 00 00 00 9F 0F 05 00 00 00 00 00 9F 10 07 06 01 1A 03 90 00 00 9F 11 01 01 9F 12 0D 43 52 45 44 49 54 4F 44 45 56 49 53 41 9F 13 00 9F 15 02 12 34 9F 16 0F 30 30 30 30 30 30 30 30 30 30 30 30 30 30 30 9F 1A 02 08 40 9F 1C 08 38 37 36 35 34 33 32 31 9F 1E 08 33 5A 30 30 30 33 37 34 9F 20 00 9F 21 03 05 21 26 9F 24 00 9F 26 08 7C A7 96 43 ED AF DA 3A 9F 27 01 80 9F 33 03 60 28 C8 9F 34 03 3F 00 00 9F 35 01 21 9F 36 02 00 01 9F 37 04 C4 14 C2 DA 9F 53 00 9F 5B 00 9F 39 01 07 DF 21 00 DF EE 23 00 DF EE 51 00 DF EF 4C 06 00 24 00 00 00 00 DF EF 4D 24 3B 34 37 36 31 37 33 39 30 30 31 30 31 30 30 31 30 3D 32 30 31 32 32 30 31 30 31 32 33 34 35 36 37 38 39 3F FF EE 01 05 DF EE 30 01 01 AA 82 00 00 00 00 00 00 00 00 00 00 00 00 00 00 00 00 00 00 00 00 00 00 00 00 00 00 00 00 00 00 00 00 00 00 00 00 00 00 00 00 00 00 00 00 00 00  

 --- 60-12 Contact Apply Host Response

2026/8/10 13:21:40.708 [TX] - 56 69 56 4F 74 65 63 68 32 00 60 12 00 11 01 8A 02 30 30 91 0A 11 22 33 44 55 66 77 88 30 30 F3 1C 
2026/8/10 13:21:40.722 [RX] - 56 69 56 4F 74 65 63 68 32 00 60 63 00 00 FF 0E 00 00 00 00 00 00 00 00 00 00 00 00 00 00 00 00 00 00 00 00 00 00 00 00 00 00 00 00 00 00 00 00 00 00 00 00 00 00 00 00 00 00 00 00 00 00 00 56 69 56 4F 74 65 63 68 32 00 60 00 00 75 20 DF EE 26 02 20 00 DF EE 25 02 00 02 8A 02 30 30 9F 10 07 06 01 1A 03 60 00 00 9F 26 08 88 2D 84 27 A2 68 E2 14 9F 27 01 40 9F 36 02 00 01 9F 37 04 C4 14 C2 DA 9F 02 06 00 00 00 00 02 00 9F 13 00 95 05 42 E0 00 00 00 9B 02 A0 00 9F 03 06 00 00 00 00 00 00 9F 34 03 3F 00 00 DF EE 51 00 99 00 DF 21 00 9F 39 01 07 9F 53 00 FF EE 01 05 DF EE 30 01 01 59 F0 00 00 00 00 00 00 00 00 00 00 00 00 00 00 00 00 00 00 00 00 00 00 00 00 00 00 00 00 00 00 00 00 00 00 00 00 00 00 00 00 00 00 00 00 00 00 00 00 00 00 00 00 00 00 00 00  

 --- 04-00-----DFEF4B = 3F T1+T2+T3+T1 Sentinel+T2 Sentinel+T3 Sentinel

2026/8/10 13:21:41.474 [TX] - 56 69 56 4F 74 65 63 68 32 00 60 06 00 CF 19 00 5F 36 01 02 9F 1A 02 08 40 9F 35 01 21 9F 33 03 60 28 C8 9F 40 05 F0 00 F0 A0 01 9F 1E 08 54 65 72 6D 69 6E 61 6C 9F 15 02 12 34 9F 16 0F 30 30 30 30 30 30 30 30 30 30 30 30 30 30 30 9F 1C 08 38 37 36 35 34 33 32 31 9F 4E 22 31 30 37 32 31 20 57 61 6C 6B 65 72 20 53 74 2E 20 43 79 70 72 65 73 73 2C 20 43 41 20 2C 55 53 41 2E DF 26 01 01 DF 10 08 65 6E 66 72 65 73 7A 68 DF 11 01 00 DF 27 01 00 DF EE 15 01 01 DF EE 16 01 00 DF EE 17 01 07 DF EE 18 01 80 DF EE 1E 08 D0 DC 20 D0 C4 1E 16 00 DF EE 1F 01 80 DF EE 1B 08 30 30 30 31 35 31 30 30 DF EE 20 01 3C DF EE 21 01 0A DF EE 22 03 32 3C 3C DF EF 4B 03 3F 00 00 49 5A 
2026/8/10 13:21:41.499 [RX] - 56 69 56 4F 74 65 63 68 32 00 60 00 00 00 3D 35 00 00 00 00 00 00 00 00 00 00 00 00 00 00 00 00 00 00 00 00 00 00 00 00 00 00 00 00 00 00 00 00 00 00 00 00 00 00 00 00 00 00 00 00 00 00 00  

 --- 60-10 Contact Start Transaction

2026/8/10 13:21:42.029 [TX] - 56 69 56 4F 74 65 63 68 32 00 60 10 00 23 01 00 78 00 78 9C 01 00 5F 57 01 00 9F 02 06 00 00 00 00 02 00 9F 03 06 00 00 00 00 00 00 5F 2A 02 08 40 F0 8F 
2026/8/10 13:21:42.061 [RX] - 56 69 56 4F 74 65 63 68 32 00 60 63 00 00 FF 0E 00 00 00 00 00 00 00 00 00 00 00 00 00 00 00 00 00 00 00 00 00 00 00 00 00 00 00 00 00 00 00 00 00 00 00 00 00 00 00 00 00 00 00 00 00 00 00 56 69 56 4F 74 65 63 68 32 00 60 00 00 E5 20 DF EE 26 02 20 00 DF EE 25 02 00 10 57 11 47 61 73 90 01 01 00 10 D2 01 22 01 01 23 45 67 89 5A 08 47 61 73 90 01 01 00 10 5F 34 01 01 5F 20 0F 46 55 4C 4C 20 46 55 4E 43 54 49 4F 4E 41 4C 5F 24 03 20 12 31 9F 1E 08 33 5A 30 30 30 33 37 34 9F 1F 16 30 31 30 32 30 33 30 34 30 35 30 36 30 37 30 38 30 39 30 41 30 42 9F 20 00 5F 25 03 95 07 01 5F 2D 08 65 73 65 6E 66 72 64 65 50 0A 56 49 53 41 43 52 45 44 49 54 4F 07 A0 00 00 00 03 10 10 84 07 A0 00 00 00 03 10 10 DF EE 23 00 9F 39 01 07 9F 53 00 DF 4F 00 DF EF 4C 06 00 24 00 00 00 00 DF EF 4D 24 3B 34 37 36 31 37 33 39 30 30 31 30 31 30 30 31 30 3D 32 30 31 32 32 30 31 30 31 32 33 34 35 36 37 38 39 3F FF EE 01 05 DF EE 30 01 01 35 80 00 00 00 00 00 00 00  

 --- 60-11 Contact Authenticate Transaction

2026/8/10 13:21:43.417 [TX] - 56 69 56 4F 74 65 63 68 32 00 60 11 00 03 00 00 78 F3 46 
2026/8/10 13:21:43.430 [RX] - 56 69 56 4F 74 65 63 68 32 00 60 63 00 00 FF 0E 00 00 00 00 00 00 00 00 00 00 00 00 00 00 00 00 00 00 00 00 00 00 00 00 00 00 00 00 00 00 00 00 00 00 00 00 00 00 00 00 00 00 00 00 00 00 00 56 69 56 4F 74 65 63 68 32 00 60 00 01 BA 20 DF EE 26 02 20 00 DF EE 25 02 00 04 4F 07 A0 00 00 00 03 10 10 5A 08 47 61 73 90 01 01 00 10 50 0A 56 49 53 41 43 52 45 44 49 54 57 11 47 61 73 90 01 01 00 10 D2 01 22 01 01 23 45 67 89 82 02 40 00 84 07 A0 00 00 00 03 10 10 8E 0A 00 00 00 00 00 00 00 00 1F 00 95 05 42 E0 00 00 00 9A 03 26 08 10 9B 02 80 00 9C 01 00 99 00 5F 20 0F 46 55 4C 4C 20 46 55 4E 43 54 49 4F 4E 41 4C 5F 24 03 20 12 31 5F 25 03 95 07 01 5F 28 02 08 40 5F 2A 02 08 40 5F 2D 08 65 73 65 6E 66 72 64 65 5F 34 01 01 9F 02 06 00 00 00 00 02 00 9F 03 06 00 00 00 00 00 00 9F 07 02 FF C0 9F 08 02 00 8C 9F 09 02 00 96 9F 0B 00 9F 0D 05 00 00 00 00 00 9F 0E 05 00 00 00 00 00 9F 0F 05 00 00 00 00 00 9F 10 07 06 01 1A 03 90 00 00 9F 11 01 01  

9F 12 0D 43 52 45 44 49 54 4F 44 45 56 49 53 41 9F 13 00 9F 15 02 12 34 9F 16 0F 30 30 30 30 30 30 30 30 30 30 30 30 30 30 30 9F 1A 02 08 40 9F 1C 08 38 37 36 35 34 33 32 31 9F 1E 08 33 5A 30 30 30 33 37 34 9F 20 00 9F 21 03 05 21 29 9F 24 00 9F 26 08 7C A7 96 43 ED AF DA 3A 9F 27 01 80 9F 33 03 60 28 C8 9F 34 03 3F 00 00 9F 35 01 21 9F 36 02 00 01 9F 37 04 95 3B 09 F1 9F 53 00 9F 5B 00 9F 39 01 07 DF 21 00 DF EE 23 00 DF EE 51 00 DF EF 4C 06 00 24 00 00 00 00 DF EF 4D 24 3B 34 37 36 31 37 33 39 30 30 31 30 31 30 30 31 30 3D 32 30 31 32 32 30 31 30 31 32 33 34  --- 60-12 Contact Apply Host Response
35 36 37 38 39 3F FF EE 01 05 DF EE 30 01 01 D2 0D 00 00 00 00 00 00 00 00 00 00 00 00 00 00 00 00 00 00 00 00 00 00 00 00 00 00 00 00 00 00 00 00 00 00 00 00 00 00 00 00 00 00 00 00 00 00 
2026/8/10 13:21:43.665 [TX] - 56 69 56 4F 74 65 63 68 32 00 60 12 00 11 01 8A 02 30 30 91 0A 11 22 33 44 55 66 77 88 30 30 F3 1C 
2026/8/10 13:21:43.675 [RX] - 56 69 56 4F 74 65 63 68 32 00 60 63 00 00 FF 0E 00 00 00 00 00 00 00 00 00 00 00 00 00 00 00 00 00 00 00 00 00 00 00 00 00 00 00 00 00 00 00 00 00 00 00 00 00 00 00 00 00 00 00 00 00 00 00 56 69 56 4F 74 65 63 68 32 00 60 00 00 75 20 DF EE 26 02 20 00 DF EE 25 02 00 02 8A 02 30 30 9F 10 07 06 01 1A 03 60 00 00 9F 26 08 88 2D 84 27 A2 68 E2 14 9F 27 01 40 9F 36 02 00 01 9F 37 04 95 3B 09 F1 9F 02 06 00 00 00 00 02 00 9F 13 00 95 05 42 E0 00 00 00 9B 02 A0 00 9F 03 06 00 00 00 00 00 00 9F 34 03 3F 00 00 DF EE 51 00 99 00 DF 21 00 9F 39 01 07 9F 53 00 FF EE 01 05 DF EE 30 01 01 CC E6 00 00 00 00 00 00 00 00 00 00 00 00 00 00 00 00 00 00 00 00 00 00 00 00 00 00 00 00 00 00 00 00 00 00 00 00 00 00 00 00 00 00 00 00 00 00 00 00 00 00 00 00 00 00 00 00  
---------- END OF TEST ----------

 Result = PASSED
 

 MASTER RESULT = PASSED


Docklight Log File (HEX) - Stopped 2026/8/10 13:21:44.748 

