Docklight Log File (HEX) - Started 2026/9/14 10:23:48.120 
 TEST CASE: CR006-TDES

 --- Set POS COM PORT Settings
 Set POS COM PORT...
 POS operating on COM90 @ 115200 baud...
 Set POS COM PORT - COMPLETE

 

 --- Get Data Encryption (C7-37)

2026/9/14 10:23:52.986 [TX] - 56 69 56 4F 74 65 63 68 32 00 C7 37 00 00 5B C6 
2026/9/14 10:23:52.999 [RX] - 56 69 56 4F 74 65 63 68 32 00 C7 00 00 01 03 9C 1C 00 00 00 00 00 00 00 00 00 00 00 00 00 00 00 00 00 00 00 00 00 00 00 00 00 00 00 00 00 00 00 00 00 00 00 00 00 00 00 00 00 00 00 00 00 00  

 --- 60-12 Contact Apply Host Response

2026/9/14 10:23:53.015 [TX] - 56 69 56 4F 74 65 63 68 32 00 60 12 00 11 01 8A 02 30 30 91 0A 11 22 33 44 55 66 77 88 30 30 1C F3 
2026/9/14 10:23:53.030 [RX] - 56 69 56 4F 74 65 63 68 32 00 60 0C 00 00 48 54 00 00 00 00 00 00 00 00 00 00 00 00 00 00 00 00 00 00 00 00 00 00 00 00 00 00 00 00 00 00 00 00 00 00 00 00 00 00 00 00 00 00 00 00 00 00 00  

 --- 60-10 Contact Start Transaction

2026/9/14 10:23:53.049 [TX] - 56 69 56 4F 74 65 63 68 32 00 60 10 00 23 01 00 78 00 78 9C 01 00 5F 57 01 00 9F 02 06 00 00 00 00 02 00 9F 03 06 00 00 00 00 00 00 5F 2A 02 08 40 8F F0 
2026/9/14 10:23:53.083 [RX] - 56 69 56 4F 74 65 63 68 32 00 60 63 00 00 FF 0E 00 00 00 00 00 00 00 00 00 00 00 00 00 00 00 00 00 00 00 00 00 00 00 00 00 00 00 00 00 00 00 00 00 00 00 00 00 00 00 00 00 00 00 00 00 00 00 56 69 56 4F 74 65 63 68 32 00 61 01 00 10 03 00 00 02 00 45 4E 03 00 82 0B 1C 02 00 00 60 80 ED 00 00 00 00 00 00 00 00 00 00 00 00 00 00 00 00 00 00 00 00 00 00 00 00 00 00 00 00 00 00 00 56 69 56 4F 74 65 63 68 32 00 61 01 00 19 04 00 00 02 00 45 4E 0C 00 84 01 1C 04 24 1C 04 32 2E 30 30 1C 02 00 F4 21 E1 18 00 00 00 00 00 00 00 00 00 00 00 00 00 00 00 00 00 00 00 00 00 00 56 69 56 4F 74 65 63 68 32 00 61 01 00 10 03 00 00 02 00 45 4E 03 00 82 11 1C 02 00 F4 21 9B 8B 00 00 00 00 00 00 00 00 00 00 00 00 00 00 00 00 00 00 00 00 00 00 00 00 00 00 00 00 00 00 00 56 69 56 4F 74 65 63 68 32 00 61 01 00 10 03 00 00 02 00 45 4E 03 00 82 1A 1C 02 00 F4 21 58 29 00 00 00 00 00 00 00 00 00 00 00 00 00 00 00 00 00 00 00 00 00 00 00 00 00 00 00 00 00 00 00 56 69 56 4F 74 65 63 68 32 00 60 00 00 FC E0 DF EE 26 02 E0 00 DF EE 12 0A FF FF 98 76 54 32 11 00 00 CC DF EE 25 02 00 10 57 A1 11 47 61 CC CC CC CC 00 10 D2 01 2C CC CC CC CC CC CC 57 C1 18 C8 98 06 4A 7B 51 A7 AB 0C DF 4D D9 77 D1 18 61 A5 9E C5 E7 43 F7 2F F6 5A A1 08 47 61 CC CC CC CC 00 10 5A C1 10 FF 59 51 DD 9C 01 8E 90 5E 27 6A A2 8C B6 58 C4 5F 34 01 01 5F 20 0F 46 55 4C 4C 20 46 55 4E 43 54 49 4F 4E 41 4C 5F 24 03 20 12 31 9F 1E 08 35 54 31 37 30 36 30 35 9F 1F C1 20 6A 37 28 D4 28 1E 7A D9 21 D4 ED 3A 96 A6 B3 99 F3 14 45 4A 3C D6 F4 3E 1F D7 79 89 71 4C C8 4E 9F 20 00 5F 25 03 95 07 01 5F 2D 08 65 73 65 6E 66 72 64 65 50 0A 56 49 53 41 43 52 45 44 49 54 4F 07 A0 00 00 00 03 10 10 84 07 A0 00 00 00 03 10 10 DF EE 23 00 9F 39 01 05 9F 53 00 DF 4F 00 FF EE 01 05 DF EE 30 01 01 A8 B8 00 00 00 00 00 00 00 00 00 00 00 00 00 00 00 00 00 00 00 00 00 00 00 00 00 00 00 00 00 00 00 00 00 00 00 00 00 00 00 00 00 00 00 00 00 00 00  

 --- 60-11 Contact Authenticate Transaction

2026/9/14 10:23:58.870 [TX] - 56 69 56 4F 74 65 63 68 32 00 60 11 00 03 00 00 78 46 F3 
2026/9/14 10:23:58.879 [RX] - 56 69 56 4F 74 65 63 68 32 00 60 63 00 00 FF 0E 00 00 00 00 00 00 00 00 00 00 00 00 00 00 00 00 00 00 00 00 00 00 00 00 00 00 00 00 00 00 00 00 00 00 00 00 00 00 00 00 00 00 00 00 00 00 00 56 69 56 4F 74 65 63 68 32 00 61 01 00 10 03 00 00 02 00 45 53 03 00 82 15 1C 02 00 F4 21 81 87 00 00 00 00 00 00 00 00 00 00 00 00 00 00 00 00 00 00 00 00 00 00 00 00 00 00 00 00 00 00 00 56 69 56 4F 74 65 63 68 32 00 60 00 01 C8 E0 DF EE 26 02 E0 00 DF EE 12 0A FF FF 98 76 54 32 11 00 00 CC DF EE 25 02 00 04 4F 07 A0 00 00 00 03 10 10 5A A1 08 47 61 CC CC CC CC 00 10 5A C1 10 FF 59 51 DD 9C 01 8E 90 5E 27 6A A2 8C B6 58 C4 50 0A 56 49 53 41 43 52 45 44 49 54 57 A1 11 47 61 CC CC CC CC 00 10 D2 01 2C CC CC CC CC CC CC 57 C1 18 C8 98 06 4A 7B 51 A7 AB 0C DF 4D D9 77 D1 18 61 A5 9E C5 E7 43 F7 2F F6 82 02 5C 00 84 07 A0 00 00 00 03 10 10 8E 0C 00 00 00 00 00 00 00 00 5F 03 00 00 95 05 42 C0 00 00 00 9A 03 26 09 14 9B 02 C8 00 9C 01 00 99 00 5F 20 0F 46 55 4C 4C 20 46 55 4E 43 54 49 4F 4E 41 4C 5F 24 03 20 12 31 5F 25 03 95 07 01 5F 28 02 08 40 5F 2A 02 08 40 5F 2D 08 65 73 65 6E 66 72 64 65 5F 34 01 01 9F 02 06 00 00 00 00 02 00 9F 03 06 00 00 00 00 00 00 9F 07 02 FF C0 9F 08 02 00 8C 9F 09 02 00 96 9F 0B 00 9F 0D 05 00 00 00 00 00 9F 0E 05 00 00 00 00 00 9F 0F 05 00 00 00 00 00 9F 10 07 06 01 1A 03 90 00 00 9F 11 01 01 9F 12 0D 43 52 45 44 49 54 4F 44 45 56 49 53 41 9F 13 00 9F 15 02 12 34 9F 16 0F 30 30 30 30 30 30 30 30 30 30 30 30 30 30 30 9F 1A 02 08 40 9F 1C 08 38 37 36 35 34 33 32 31 9F 1E 08 35 54 31 37 30 36 30 35 9F 20 00 9F 21 03 02 23 06 9F 24 00 9F 26 08 A2 62 FE E4 85 DB B2 BF 9F 27 01 80 9F 33 03 60 08 C8 9F 34 03 5F 03 02 9F 35 01 25 9F 36 02 00 01 9F 37 04 64 66 75 76 9F 53 00 9F 5B 00 9F 39 01 05 DF 21 00 DF EE 23 00 DF EE 51 00 FF EE 01 05 DF EE 30 01 01 0F E9 00 00 00 00 00 00 00 00 00 00 00 00 00 00 00 00 00 00 00 00 00 00 00 00 00 00 00 00 00 00 00 00  

 --- 60-12 length error

2026/9/14 10:24:01.224 [TX] - 56 69 56 4F 74 65 63 68 32 00 60 12 00 10 01 8A 02 30 30 91 0A 11 22 33 44 55 66 77 88 30 30 C2 EC 
2026/9/14 10:24:01.227 [RX] - 56 69 56 4F 74 65 63 68 32 00 60 04 00 00 E1 F5 00 00 00 00 00 00 00 00 00 00 00 00 00 00 00 00 00 00 00 00 00 00 00 00 00 00 00 00 00 00 00 00 00 00 00 00 00 00 00 00 00 00 00 00 00 00 00  

 --- 60-12 data error

2026/9/14 10:24:02.271 [TX] - 56 69 56 4F 74 65 63 68 32 00 60 12 00 11 02 8A 02 30 30 91 0A 11 22 33 44 55 66 77 88 30 30 D5 2D 
2026/9/14 10:24:02.276 [RX] - 56 69 56 4F 74 65 63 68 32 00 60 05 00 00 D6 C5 00 00 00 00 00 00 00 00 00 00 00 00 00 00 00 00 00 00 00 00 00 00 00 00 00 00 00 00 00 00 00 00 00 00 00 00 00 00 00 00 00 00 00 00 00 00 00 56 69 56 4F 74 65 63 68 32 00 61 01 00 10 03 00 00 02 00 45 4E 03 00 82 17 1C 02 00 F4 21 16 6A 00 00 00 00 00 00 00 00 00 00 00 00 00 00 00 00 00 00 00 00 00 00 00 00 00 00 00 00 00 00 00 56 69 56 4F 74 65 63 68 32 00 61 01 00 10 03 00 00 02 00 45 4E 03 00 82 23 1C 02 00 00 20 F0 63 00 00 00 00 00 00 00 00 00 00 00 00 00 00 00 00 00 00 00 00 00 00 00 00 00 00 00 00 00 00 00  

 --- 60-12 crc error

2026/9/14 10:24:03.320 [TX] - 56 69 56 4F 74 65 63 68 32 00 60 12 00 11 01 8A 02 30 30 91 0A 11 22 33 44 55 66 77 88 30 30 00 00 
2026/9/14 10:24:03.324 [RX] - 56 69 56 4F 74 65 63 68 32 00 60 04 00 00 E1 F5 00 00 00 00 00 00 00 00 00 00 00 00 00 00 00 00 00 00 00 00 00 00 00 00 00 00 00 00 00 00 00 00 00 00 00 00 00 00 00 00 00 00 00 00 00 00 00  

 --- 60-12 Contact Apply Host Response

2026/9/14 10:24:04.358 [TX] - 56 69 56 4F 74 65 63 68 32 00 60 12 00 11 01 8A 02 30 30 91 0A 11 22 33 44 55 66 77 88 30 30 1C F3 
2026/9/14 10:24:04.374 [RX] - 56 69 56 4F 74 65 63 68 32 00 60 0C 00 00 48 54 00 00 00 00 00 00 00 00 00 00 00 00 00 00 00 00 00 00 00 00 00 00 00 00 00 00 00 00 00 00 00 00 00 00 00 00 00 00 00 00 00 00 00 00 00 00 00  

 Result = PASSED
 ---------- END OF TEST ----------

 Result = PASSED
 

 MASTER RESULT = PASSED


Docklight Log File (HEX) - Stopped 2026/9/14 10:24:05.508 

