Docklight Log File (HEX) - Started 2026/10/5 11:47:49.434 
 TEST CASE: EVT003

 --- Set POS COM PORT Settings
 Set POS COM PORT...
 POS operating on COM90 @ 115200 baud...
 Set POS COM PORT - COMPLETE

 --- 90-07_UMFG Start Secure Task

2026/10/5 11:47:54.017 [TX] - 56 69 56 4F 74 65 63 68 32 00 90 07 00 01 00 B4 8F 
2026/10/5 11:47:54.030 [RX] - 56 69 56 4F 74 65 63 68 32 00 90 00  OK 00 00 A2 78 00 00 00 00 00 00 00 00 00 00 00 00 00 00 00 00 00 00 00 00 00 00 00 00 00 00 00 00 00 00 00 00 00 00 00 00 00 00 00 00 00 00 00 00 00 00 00  

 --- RF LED 1 ON

2026/10/5 11:47:54.048 [TX] - 56 69 56 4F 74 65 63 68 32 00 90 13 00 02 02 01 28 76 
2026/10/5 11:47:54.061 [RX] - 56 69 56 4F 74 65 63 68 32 00 90 00  OK 00 00 A2 78 00 00 00 00 00 00 00 00 00 00 00 00 00 00 00 00 00 00 00 00 00 00 00 00 00 00 00 00 00 00 00 00 00 00 00 00 00 00 00 00 00 00 00 00 00 00 00  

 --- RF LED 1 OFF

2026/10/5 11:47:55.636 [TX] - 56 69 56 4F 74 65 63 68 32 00 90 13 00 02 02 00 09 66 
2026/10/5 11:47:55.645 [RX] - 56 69 56 4F 74 65 63 68 32 00 90 00  OK 00 00 A2 78 00 00 00 00 00 00 00 00 00 00 00 00 00 00 00 00 00 00 00 00 00 00 00 00 00 00 00 00 00 00 00 00 00 00 00 00 00 00 00 00 00 00 00 00 00 00 00  

 --- RF LED 2 ON

2026/10/5 11:47:56.724 [TX] - 56 69 56 4F 74 65 63 68 32 00 90 13 00 02 02 11 19 64 
2026/10/5 11:47:56.740 [RX] - 56 69 56 4F 74 65 63 68 32 00 90 00  OK 00 00 A2 78 00 00 00 00 00 00 00 00 00 00 00 00 00 00 00 00 00 00 00 00 00 00 00 00 00 00 00 00 00 00 00 00 00 00 00 00 00 00 00 00 00 00 00 00 00 00 00  

 --- RF LED 2 OFF

2026/10/5 11:47:57.862 [TX] - 56 69 56 4F 74 65 63 68 32 00 90 13 00 02 02 10 38 74 
2026/10/5 11:47:57.866 [RX] - 56 69 56 4F 74 65 63 68 32 00 90 00  OK 00 00 A2 78 00 00 00 00 00 00 00 00 00 00 00 00 00 00 00 00 00 00 00 00 00 00 00 00 00 00 00 00 00 00 00 00 00 00 00 00 00 00 00 00 00 00 00 00 00 00 00  

 --- RF LED 3 ON

2026/10/5 11:47:58.907 [TX] - 56 69 56 4F 74 65 63 68 32 00 90 13 00 02 02 21 4A 52 
2026/10/5 11:47:58.916 [RX] - 56 69 56 4F 74 65 63 68 32 00 90 00  OK 00 00 A2 78 00 00 00 00 00 00 00 00 00 00 00 00 00 00 00 00 00 00 00 00 00 00 00 00 00 00 00 00 00 00 00 00 00 00 00 00 00 00 00 00 00 00 00 00 00 00 00  

 --- RF LED 3 OFF

2026/10/5 11:48:00.041 [TX] - 56 69 56 4F 74 65 63 68 32 00 90 13 00 02 02 20 6B 42 
2026/10/5 11:48:00.057 [RX] - 56 69 56 4F 74 65 63 68 32 00 90 00  OK 00 00 A2 78 00 00 00 00 00 00 00 00 00 00 00 00 00 00 00 00 00 00 00 00 00 00 00 00 00 00 00 00 00 00 00 00 00 00 00 00 00 00 00 00 00 00 00 00 00 00 00  

 --- RF LED 4 ON

2026/10/5 11:48:01.220 [TX] - 56 69 56 4F 74 65 63 68 32 00 90 13 00 02 02 31 7B 40 
2026/10/5 11:48:01.229 [RX] - 56 69 56 4F 74 65 63 68 32 00 90 00  OK 00 00 A2 78 00 00 00 00 00 00 00 00 00 00 00 00 00 00 00 00 00 00 00 00 00 00 00 00 00 00 00 00 00 00 00 00 00 00 00 00 00 00 00 00 00 00 00 00 00 00 00  

 --- RF LED 4 OFF

2026/10/5 11:48:02.404 [TX] - 56 69 56 4F 74 65 63 68 32 00 90 13 00 02 02 30 5A 50 
2026/10/5 11:48:02.418 [RX] - 56 69 56 4F 74 65 63 68 32 00 90 00  OK 00 00 A2 78 00 00 00 00 00 00 00 00 00 00 00 00 00 00 00 00 00 00 00 00 00 00 00 00 00 00 00 00 00 00 00 00 00 00 00 00 00 00 00 00 00 00 00 00 00 00 00  

 --- MSR RED ON GREEN OFF

2026/10/5 11:48:03.783 [TX] - 56 69 56 4F 74 65 63 68 32 00 90 13 00 02 37 11 79 9E 
2026/10/5 11:48:03.790 [RX] - 56 69 56 4F 74 65 63 68 32 00 90 00  OK 00 00 A2 78 00 00 00 00 00 00 00 00 00 00 00 00 00 00 00 00 00 00 00 00 00 00 00 00 00 00 00 00 00 00 00 00 00 00 00 00 00 00 00 00 00 00 00 00 00 00 00  

 --- MSR RED OFF GREEN ON

2026/10/5 11:48:06.193 [TX] - 56 69 56 4F 74 65 63 68 32 00 90 13 00 02 37 12 1A AE 
2026/10/5 11:48:06.201 [RX] - 56 69 56 4F 74 65 63 68 32 00 90 00  OK 00 00 A2 78 00 00 00 00 00 00 00 00 00 00 00 00 00 00 00 00 00 00 00 00 00 00 00 00 00 00 00 00 00 00 00 00 00 00 00 00 00 00 00 00 00 00 00 00 00 00 00  

 --- MSR Both ON

2026/10/5 11:48:07.451 [TX] - 56 69 56 4F 74 65 63 68 32 00 90 13 00 02 37 13 3B BE 
2026/10/5 11:48:07.461 [RX] - 56 69 56 4F 74 65 63 68 32 00 90 00  OK 00 00 A2 78 00 00 00 00 00 00 00 00 00 00 00 00 00 00 00 00 00 00 00 00 00 00 00 00 00 00 00 00 00 00 00 00 00 00 00 00 00 00 00 00 00 00 00 00 00 00 00  

 --- MSR Both OFF

2026/10/5 11:48:08.791 [TX] - 56 69 56 4F 74 65 63 68 32 00 90 13 00 02 37 10 58 8E 
2026/10/5 11:48:08.806 [RX] - 56 69 56 4F 74 65 63 68 32 00 90 00  OK 00 00 A2 78 00 00 00 00 00 00 00 00 00 00 00 00 00 00 00 00 00 00 00 00 00 00 00 00 00 00 00 00 00 00 00 00 00 00 00 00 00 00 00 00 00 00 00 00 00 00 00  

 --- NFC LED ON

2026/10/5 11:48:10.496 [TX] - 56 69 56 4F 74 65 63 68 32 00 90 13 00 02 37 31 1B BA 
2026/10/5 11:48:10.505 [RX] - 56 69 56 4F 74 65 63 68 32 00 90 00  OK 00 00 A2 78 00 00 00 00 00 00 00 00 00 00 00 00 00 00 00 00 00 00 00 00 00 00 00 00 00 00 00 00 00 00 00 00 00 00 00 00 00 00 00 00 00 00 00 00 00 00 00  

 --- NFC LED OFF

2026/10/5 11:48:12.203 [TX] - 56 69 56 4F 74 65 63 68 32 00 90 13 00 02 37 30 3A AA 
2026/10/5 11:48:12.209 [RX] - 56 69 56 4F 74 65 63 68 32 00 90 00  OK 00 00 A2 78 00 00 00 00 00 00 00 00 00 00 00 00 00 00 00 00 00 00 00 00 00 00 00 00 00 00 00 00 00 00 00 00 00 00 00 00 00 00 00 00 00 00 00 00 00 00 00  

 --- Button LED ON

2026/10/5 11:48:13.691 [TX] - 56 69 56 4F 74 65 63 68 32 00 90 13 00 02 37 21 2A A8 
2026/10/5 11:48:13.708 [RX] - 56 69 56 4F 74 65 63 68 32 00 90 00  OK 00 00 A2 78 00 00 00 00 00 00 00 00 00 00 00 00 00 00 00 00 00 00 00 00 00 00 00 00 00 00 00 00 00 00 00 00 00 00 00 00 00 00 00 00 00 00 00 00 00 00 00  

 --- Button LED OFF

2026/10/5 11:48:15.511 [TX] - 56 69 56 4F 74 65 63 68 32 00 90 13 00 02 37 20 0B B8 
2026/10/5 11:48:15.521 [RX] - 56 69 56 4F 74 65 63 68 32 00 90 00  OK 00 00 A2 78 00 00 00 00 00 00 00 00 00 00 00 00 00 00 00 00 00 00 00 00 00 00 00 00 00 00 00 00 00 00 00 00 00 00 00 00 00 00 00 00 00 00 00 00 00 00 00  

 --- All peripherals-ON

2026/10/5 11:48:16.540 [TX] - 56 69 56 4F 74 65 63 68 32 00 90 13 00 02 FF 01 B5 13 
2026/10/5 11:48:16.549 [RX] - 56 69 56 4F 74 65 63 68 32 00 90 00  OK 00 00 A2 78 00 00 00 00 00 00 00 00 00 00 00 00 00 00 00 00 00 00 00 00 00 00 00 00 00 00 00 00 00 00 00 00 00 00 00 00 00 00 00 00 00 00 00 00 00 00 00  

 --- All peripherals-OFF

2026/10/5 11:48:25.379 [TX] - 56 69 56 4F 74 65 63 68 32 00 90 13 00 02 FF 00 94 03 
2026/10/5 11:48:25.386 [RX] - 56 69 56 4F 74 65 63 68 32 00 90 00  OK 00 00 A2 78 00 00 00 00 00 00 00 00 00 00 00 00 00 00 00 00 00 00 00 00 00 00 00 00 00 00 00 00 00 00 00 00 00 00 00 00 00 00 00 00 00 00 00 00 00 00 00  

 --- 90-07_UMFG Start Secure Task

2026/10/5 11:48:26.632 [TX] - 56 69 56 4F 74 65 63 68 32 00 90 07 00 01 01 95 9F 
2026/10/5 11:48:26.646 [RX] - 56 69 56 4F 74 65 63 68 32 00 90 00  OK 00 00 A2 78 00 00 00 00 00 00 00 00 00 00 00 00 00 00 00 00 00 00 00 00 00 00 00 00 00 00 00 00 00 00 00 00 00 00 00 00 00 00 00 00 00 00 00 00 00 00 00  

 ---------- END OF TEST ----------

 Result = PASSED


Docklight Log File (HEX) - Stopped 2026/10/5 11:48:26.762 

