Docklight Log File (HEX) - Started 2026/9/3 16:11:21.743 
 TEST CASE: VL019

 --- Set POS COM PORT Settings
 Set POS COM PORT...
 POS operating on COM90 @ 115200 baud...
 Set POS COM PORT - COMPLETE

 --- POD & Burst OFF

2026/9/3 16:11:22.913 [TX] - 56 69 56 4F 74 65 63 68 32 00 01 01 00 01 01 D7 34 
2026/9/3 16:11:22.927 [RX] - 56 69 56 4F 74 65 63 68 32 00 01 00 00 00 12 53 00 00 00 00 00 00 00 00 00 00 00 00 00 00 00 00 00 00 00 00 00 00 00 00 00 00 00 00 00 00 00 00 00 00 00 00 00 00 00 00 00 00 00 00 00 00 00 
2026/9/3 16:11:23.429 [TX] - 56 69 56 4F 74 65 63 68 32 00 04 00 00 05 DF EE 7E 01 00 60 1E 
2026/9/3 16:11:23.493 [RX] - 56 69 56 4F 74 65 63 68 32 00 04 00 00 00 AE 16 00 00 00 00 00 00 00 00 00 00 00 00 00 00 00 00 00 00 00 00 00 00 00 00 00 00 00 00 00 00 00 00 00 00 00 00 00 00 00 00 00 00 00 00 00 00 00  

 --- LCD Display msg: Line 1

2026/9/3 16:11:23.951 [TX] - 56 69 56 4F 74 65 63 68 32 00 F0 F0 00 11 01 54 68 69 73 20 69 73 20 61 20 6C 69 6E 65 2E 31 B0 B6 
2026/9/3 16:11:23.964 [RX] - 56 69 56 4F 74 65 63 68 32 00 F0 00 00 00 FB AA 00 00 00 00 00 00 00 00 00 00 00 00 00 00 00 00 00 00 00 00 00 00 00 00 00 00 00 00 00 00 00 00 00 00 00 00 00 00 00 00 00 00 00 00 00 00 00  

 --- LCD Display msg: Line 2

2026/9/3 16:11:27.889 [TX] - 56 69 56 4F 74 65 63 68 32 00 F0 F0 00 11 02 54 68 69 73 20 69 73 20 61 20 6C 69 6E 65 2E 32 F5 B7 
2026/9/3 16:11:27.903 [RX] - 56 69 56 4F 74 65 63 68 32 00 F0 00 00 00 FB AA 00 00 00 00 00 00 00 00 00 00 00 00 00 00 00 00 00 00 00 00 00 00 00 00 00 00 00 00 00 00 00 00 00 00 00 00 00 00 00 00 00 00 00 00 00 00 00  

 --- LCD Display msg: Line 3

2026/9/3 16:11:28.724 [TX] - 56 69 56 4F 74 65 63 68 32 00 F0 F0 00 11 03 54 68 69 73 20 69 73 20 61 20 6C 69 6E 65 2E 33 36 B7 
2026/9/3 16:11:28.737 [RX] - 56 69 56 4F 74 65 63 68 32 00 F0 00 00 00 FB AA 00 00 00 00 00 00 00 00 00 00 00 00 00 00 00 00 00 00 00 00 00 00 00 00 00 00 00 00 00 00 00 00 00 00 00 00 00 00 00 00 00 00 00 00 00 00 00  

 --- LCD Display msg: Line 4

2026/9/3 16:11:29.484 [TX] - 56 69 56 4F 74 65 63 68 32 00 F0 F0 00 11 04 54 68 69 73 20 69 73 20 61 20 6C 69 6E 65 2E 34 7F B5 
2026/9/3 16:11:29.497 [RX] - 56 69 56 4F 74 65 63 68 32 00 F0 00 00 00 FB AA 00 00 00 00 00 00 00 00 00 00 00 00 00 00 00 00 00 00 00 00 00 00 00 00 00 00 00 00 00 00 00 00 00 00 00 00 00 00 00 00 00 00 00 00 00 00 00  

 --- LCD Display msg: Line 5

2026/9/3 16:11:30.307 [TX] - 56 69 56 4F 74 65 63 68 32 00 F0 F0 00 11 05 54 68 69 73 20 69 73 20 61 20 6C 69 6E 65 2E 35 BC B5 
2026/9/3 16:11:30.319 [RX] - 56 69 56 4F 74 65 63 68 32 00 F0 00 00 00 FB AA 00 00 00 00 00 00 00 00 00 00 00 00 00 00 00 00 00 00 00 00 00 00 00 00 00 00 00 00 00 00 00 00 00 00 00 00 00 00 00 00 00 00 00 00 00 00 00  

 --- LCD Display Line 1/ 2 Message

2026/9/3 16:11:31.235 [TX] - 56 69 56 4F 74 65 63 68 32 00 F0 F0 00 1F 01 54 68 69 73 20 69 73 20 61 20 74 65 73 74 2E 2E 54 68 69 73 20 69 73 20 6E 65 77 21 3F 21 BB C1 
2026/9/3 16:11:31.254 [RX] - 56 69 56 4F 74 65 63 68 32 00 F0 00 00 00 FB AA 00 00 00 00 00 00 00 00 00 00 00 00 00 00 00 00 00 00 00 00 00 00 00 00 00 00 00 00 00 00 00 00 00 00 00 00 00 00 00 00 00 00 00 00 00 00 00  

 --- Activate Transaction

2026/9/3 16:11:36.264 [TX] - 56 69 56 4F 74 65 63 68 32 00 02 40 00 15 3C 9F 02 06 00 00 00 00 99 01 9A 03 07 11 21 9F 21 03 11 11 11 34 4E 
2026/9/3 16:11:36.301 [RX] - 56 69 56 4F 74 65 63 68 32 00 02 63 00 00 4B B4 00 00 00 00 00 00 00 00 00 00 00 00 00 00 00 00 00 00 00 00 00 00 00 00 00 00 00 00 00 00 00 00 00 00 00 00 00 00 00 00 00 00 00 00 00 00 00 56 69 56 4F 74 65 63 68 32 00 02 23 02 43 E5 DF EE 26 02 E5 01 DF EE 12 0C F1 F1 F1 02 00 00 02 1A 00 00 00 6E DF 81 16 0D 1E 04 00 00 00 00 00 00 00 00 00 00 00 DF 81 29 08 30 F0 F0 20 B8 F0 FF 00 FF 81 06 1E 9F 42 02 09 78 DF 81 0B 01 00 DF 81 15 06 00 00 00 00 00 FF DF 81 0E 01 00 DF 81 0F 01 00 FF 81 05 82 01 92 4F 07 A0 00 00 00 04 10 10 50 0F 50 50 43 20 4D 43 44 20 30 31 20 20 76 32 30 57 A1 11 54 13 CC CC CC CC 00 10 D1 41 2C CC CC CC CC CC CC 57 C1 20 F4 10 26 C9 7B BC 1E 4B 78 23 E4 63 10 C1 C1 4F 9D B1 A4 89 83 7A A3 80 D9 3B ED 8B B6 51 57 25 5A A1 08 54 13 CC CC CC CC 00 10 5A C1 10 3C D9 83 58 62 7D F2 CE E3 94 DD 40 B3 44 F7 F6 82 02 59 80 84 07 A0 00 00 00 04 10 10 8E 0E 00 00 00 00 00 00 00 00 42 03 5E 03 1F 03 95 05 24 00 04 00 01 9A 03 07 11 21 9B 02 00 00 9C 01 00 5F 24 03 14 12 31 5F 25 03 04 01 01 5F 28 02 00 56 5F 34 01 01 9F 01 00 9F 02 06 00 00 00 00 99 01 9F 03 06 00 00 00 00 00 00 9F 06 07 A0 00 00 00 04 10 10 9F 07 02 FF 00 9F 09 02 00 02 9F 0D 05 00 00 00 00 00 9F 0E 05 00 00 00 00 00 9F 0F 05 00 00 00 00 00 9F 10 12 01 10 A0 00 09 22 80 00 00 00 00 00 00 00 00 00 00 FF 9F 15 02 11 11 9F 16 00 9F 1A 02 08 40 9F 1C 00 9F 1D 08 6C FF 00 00 00 00 00 00 9F 1E 08 33 5A 30 30 30 33 36 39 9F 21 03 11 11 11 9F 26 08 0B A5 8F 01 30 9B 36 8B 9F 27 01 80 9F 2A 01 02 9F 33 03 00 60 08 9F 34 03 42 03 00 9F 35 01 22 9F 36 02 5F 6B 9F 37 04 E4 34 AA FB 9F 39 01 07 9F 40 05 00 00 00 00 00 9F 41 04 00 00 00 01 9F 42 02 09 78 9F 4E 00 9F 53 01 00 9F 6D 02 00 01 DF EE 76 05 24 00 04 00 01 DF 81 16 0D 1B 00 00 00 00 00 00 00 00 00 00 00 00 DF 81 0C 01 02 96 08 02 00 00 00 00 00 00 00 DF EE 4C 01 03 DF EC 1C 1E 08 03 00 00 FF 01 1B 00 00 00 00 00 81 0C 01 02 96 08 02 00 00 00 00 00 00 00 00 00 FF 00 DF EF 4C 06 00 00 00 00 00 00 DF EF 4D 00 FF 2D 00 00 00 00 00 00 00 00 00 00 00 00 00 00 00 00 00 00 00 00 00 00 00 00 00 00 00 00 00 00 00 00 00 00 00  

 ---------- END OF TEST ----------

 Result = PASSED


Docklight Log File (HEX) - Stopped 2026/9/3 16:11:42.543 

