Docklight Log File (HEX) - Started 2026/9/14 10:57:13.534 
 TEST CASE: CR041-1

 --- Set POS COM PORT Settings
 Set POS COM PORT...
 POS operating on COM90 @ 115200 baud...
 Set POS COM PORT - COMPLETE

 --- 04-09

2026/9/14 10:57:17.292 [TX] - 56 69 56 4F 74 65 63 68 32 00 04 09 00 00 87 30 
2026/9/14 10:57:18.204 [RX] - 56 69 56 4F 74 65 63 68 32 00 04 00 00 00 AE 16 00 00 00 00 00 00 00 00 00 00 00 00 00 00 00 00 00 00 00 00 00 00 00 00 00 00 00 00 00 00 00 00 00 00 00 00 00 00 00 00 00 00 00 00 00 00 00  

 --- First response control = Send First Response 0x63

2026/9/14 10:57:18.223 [TX] - 56 69 56 4F 74 65 63 68 32 00 04 00 00 05 DF ED 59 01 00 EA 86 
2026/9/14 10:57:18.286 [RX] - 56 69 56 4F 74 65 63 68 32 00 04 00 00 00 AE 16 00 00 00 00 00 00 00 00 00 00 00 00 00 00 00 00 00 00 00 00 00 00 00 00 00 00 00 00 00 00 00 00 00 00 00 00 00 00 00 00 00 00 00 00 00 00 00  

 --- 60-03 Contact Set Application Data (VISA)

2026/9/14 10:57:18.812 [TX] - 56 69 56 4F 74 65 63 68 32 00 60 03 00 65 07 00 A0 00 00 00 03 10 10 0F 00 9F 01 06 56 49 53 41 30 30 5F 57 01 00 5F 2A 02 08 40 9F 09 02 00 96 5F 36 01 02 9F 1B 04 00 00 3A 98 DF 25 03 9F 37 04 DF 28 03 9F 08 02 DF EE 15 01 01 DF 13 05 00 00 00 00 00 DF 14 05 00 00 00 00 00 DF 15 05 00 00 00 00 00 DF 18 01 00 DF 17 04 00 00 27 10 DF 19 01 00 F3 97 
2026/9/14 10:57:18.838 [RX] - 56 69 56 4F 74 65 63 68 32 00 60 00 00 00 3D 35 00 00 00 00 00 00 00 00 00 00 00 00 00 00 00 00 00 00 00 00 00 00 00 00 00 00 00 00 00 00 00 00 00 00 00 00 00 00 00 00 00 00 00 00 00 00 00  

 --- 60-0A Contact Set CA Public Key

2026/9/14 10:57:19.365 [TX] - 56 69 56 4F 74 65 63 68 32 00 60 0A 00 92 A0 00 00 99 99 E1 01 01 F8 70 7B 9B ED F0 31 E5 8A 9F 84 36 31 B9 0C 90 D8 0E D6 95 00 00 00 03 70 00 99 C5 B7 0A A6 1B 4F 4C 51 B6 F9 0B 0E 3B FB 7A 3E E0 E7 DB 41 BC 46 68 88 B3 EC 8E 99 77 C7 62 40 7E F1 D7 9E 0A FB 28 23 10 0A 02 0C 3E 80 20 59 3D B5 0E 90 DB EA C1 8B 78 D1 3F 96 BB 2F 57 EE DD C3 0F 25 65 92 41 7C DF 73 9C A6 80 4A 10 A2 9D 28 06 E7 74 BF A7 51 F2 2C F3 B6 5B 38 F3 7F 91 B4 DA F8 AE C9 B8 03 F7 61 0E 06 AC 9E 6B 8C E0 
2026/9/14 10:57:19.379 [RX] - 56 69 56 4F 74 65 63 68 32 00 60 00 00 00 3D 35 00 00 00 00 00 00 00 00 00 00 00 00 00 00 00 00 00 00 00 00 00 00 00 00 00 00 00 00 00 00 00 00 00 00 00 00 00 00 00 00 00 00 00 00 00 00 00  

 --- DF7D

2026/9/14 10:57:19.917 [TX] - 56 69 56 4F 74 65 63 68 32 00 04 00 00 05 DF EE 7D 01 02 72 67 
2026/9/14 10:57:20.023 [RX] - 56 69 56 4F 74 65 63 68 32 00 04 00 00 00 AE 16 00 00 00 00 00 00 00 00 00 00 00 00 00 00 00 00 00 00 00 00 00 00 00 00 00 00 00 00 00 00 00 00 00 00 00 00 00 00 00 00 00 00 00 00 00 00 00  

 --- 60-16 Set Terminal config_4C

2026/9/14 10:57:20.563 [TX] - 56 69 56 4F 74 65 63 68 32 00 60 16 00 01 04 75 9D 
2026/9/14 10:57:20.581 [RX] - 56 69 56 4F 74 65 63 68 32 00 60 00 00 00 3D 35 00 00 00 00 00 00 00 00 00 00 00 00 00 00 00 00 00 00 00 00 00 00 00 00 00 00 00 00 00 00 00 00 00 00 00 00 00 00 00 00 00 00 00 00 00 00 00  

 --- 60-06, DFEF7D = 1

2026/9/14 10:57:21.116 [TX] - 56 69 56 4F 74 65 63 68 32 00 60 06 00 CD 19 00 5F 36 01 02 9F 1A 02 08 40 9F 35 01 25 9F 33 03 60 08 C8 9F 40 05 60 00 F0 50 01 9F 1E 08 54 65 72 6D 69 6E 61 6C 9F 15 02 12 34 9F 16 0F 30 30 30 30 30 30 30 30 30 30 30 30 30 30 30 9F 1C 08 38 37 36 35 34 33 32 31 9F 4E 22 31 30 37 32 31 20 57 61 6C 6B 65 72 20 53 74 2E 20 43 79 70 72 65 73 73 2C 20 43 41 20 2C 55 53 41 2E DF 26 01 01 DF 10 08 65 6E 66 72 65 73 7A 68 DF 11 01 01 DF 27 01 00 DF EE 15 01 01 DF EE 16 01 00 DF EE 17 01 05 DF EE 18 01 80 DF EE 1E 08 D0 9C 20 F0 C2 0E 14 00 DF EE 1F 01 80 DF EE 1B 08 30 30 30 31 30 35 30 30 DF EE 20 01 3C DF EE 21 01 0A DF EE 22 03 32 3C 3C DF EF 7D 01 01 AD 7B 
2026/9/14 10:57:21.139 [RX] - 56 69 56 4F 74 65 63 68 32 00 60 00 00 00 3D 35 00 00 00 00 00 00 00 00 00 00 00 00 00 00 00 00 00 00 00 00 00 00 00 00 00 00 00 00 00 00 00 00 00 00 00 00 00 00 00 00 00 00 00 00 00 00 00  

 --- 60-10 Contact Start Transaction (support FallBack)

2026/9/14 10:57:21.676 [TX] - 56 69 56 4F 74 65 63 68 32 00 60 10 00 23 01 00 78 00 78 9C 01 00 5F 57 01 00 9F 02 06 00 00 00 00 02 00 9F 03 06 00 00 00 00 00 00 5F 2A 02 08 40 F0 8F 
2026/9/14 10:57:21.707 [RX] - 56 69 56 4F 74 65 63 68 32 00 60 63 00 00 FF 0E 00 00 00 00 00 00 00 00 00 00 00 00 00 00 00 00 00 00 00 00 00 00 00 00 00 00 00 00 00 00 00 00 00 00 00 00 00 00 00 00 00 00 00 00 00 00 00 56 69 56 4F 74 65 63 68 32 00 61 01 00 10 03 00 00 02 00 45 4E 03 00 82 0B 1C 02 00 00 60  INSERT/SWIPE CARD 80 ED 00 00 00 00 00 00 00 00 00 00 00 00 00 00 00 00 00 00 00 00 00 00 00 00 00 00 00 00 00 00 00 56 69 56 4F 74 65 63 68 32 00 61 01 00 19 04 00 00 02 00 45 4E 0C 00 84 01 1C 04 24 1C 04 32 2E 30 30 1C 02 00 F4 21 E1 18 00 00 00 00 00 00 00 00 00 00 00 00 00 00 00 00 00 00 00 00 00 00 56 69 56 4F 74 65 63 68 32 00 61 01 00 10 03 00 00 02 00 45 4E 03 00 82 11 1C 02 00 F4 21  PLEASE WAIT... 9B 8B 00 00 00 00 00 00 00 00 00 00 00 00 00 00 00 00 00 00 00 00 00 00 00 00 00 00 00 00 00 00 00 56 69 56 4F 74 65 63 68 32 00 61 01 00 10 03 00 00 02 00 45 4E 03 00 82 13 1C 02 00 F4 21  USE MAGSTRIPE 10 CB 00 00 00 00 00 00 00 00 00 00 00 00 00 00 00 00 00 00 00 00 00 00 00 00 00 00 00 00 00 00 00 56 69 56 4F 74 65 63 68 32 00 61 01 00 10 03 00 00 02 00 45 4E 03 00 82 53 1C 02 00 00 60 FD 3B 00 00 00 00 00 00 00 00 00 00 00 00 00 00 00 00 00 00 00 00 00 00 00 00 00 00 00 00 00 00 00 56 69 56 4F 74 65 63 68 32 00 61 01 00 19 04 00 00 02 00 45 4E 0C 00 84 01 1C 04 24 1C 04 32 2E 30 30 1C 02 00 F4 21 E1 18 00 00 00 00 00 00 00 00 00 00 00 00 00 00 00 00 00 00 00 00 00 00 56 69 56 4F 74 65 63 68 32 00 61 01 00 10 03 00 00 02 00 45 4E 03 00 82 15 1C 02 00 F4 21 9D 2A 00 00 00 00 00 00 00 00 00 00 00 00 00 00 00 00 00 00 00 00 00 00 00 00 00 00 00 00 00 00 00 56 69 56 4F 74 65 63 68 32 00 60 00 01 66 E8 DF EE 25 02 00 07 DF EE 23 82 01 25 02 1F 01 80 1F 44 28 00 A3 9B 25 2A 36 35 31 30 2A 2A 2A 2A 2A 2A 2A 2A 30 31 32 35 5E 43 41 52 44 2F 49 4D 41 47 45 20 30 38 20 20 20 20 20 20 20 20 20 20 20 20 20 5E 31 37 31 32 2A 2A 2A 2A 2A 2A 2A 2A 2A 2A 2A 2A 2A 2A 2A 2A 3F 2A 3B 36 35 31 30 2A 2A 2A 2A 2A 2A 2A 2A 30 31 32 35 3D 31 37 31 32 2A 2A 2A 2A 2A 2A 2A 2A 2A 2A 2A 2A 2A 2A 2A 2A 3F 2A 21 A0 5A 21 46 0D D1 5C 31 7B 11 3F 83 FC 1F 44 75 4E D4 43 63 4D 48 0F CD 55 31 C8 A1 E7 BA C3 D2 A8 CA BD 61 F6 10 F9 17 27 85 C6 0E 7B 5C 4B B2 C8 8B FC 78 69 88 E3 99 9F 11 60 99 8F 96 55 77 A4 CB C4 E7 6A 80 D4 E1 07 E8 AC 74 08 C7 95 6E 31 B1 E4 CF D5 47 DB 3D BC DA 5B C7 A1 D0 51 5F 78 C6 AF 25 E6 71 CA 0D DE 26 90 57 C3 F4 AC 00 00 00 00 00 00 00 00 00 00 00 00 00 00 00 00 00 00 00 00 00 00 00 00 00 00 00 00 00 00 00 00 00 00 00 00 00 00 00 00 33 34 35 54 31 37 30 36 30 35 FF FF 98 76 54 32 11 00 00 DB BA B0 03 9F 39 01 80 FF EE 01 05 DF EE 30 01 0C DF EE 26 02 E8 00 9F 02 06 00 00 00 00 02 00 9F 03 06 00 00 00 00 00 00 DF 5B 01 05 9A 03 26 09 14 9F 21 03 02 56 41 DB 80 00 00 00 00  

 --- 60-06, DFEF7D = 3

2026/9/14 10:57:30.712 [TX] - 56 69 56 4F 74 65 63 68 32 00 60 06 00 CD 19 00 5F 36 01 02 9F 1A 02 08 40 9F 35 01 25 9F 33 03 60 08 C8 9F 40 05 60 00 F0 50 01 9F 1E 08 54 65 72 6D 69 6E 61 6C 9F 15 02 12 34 9F 16 0F 30 30 30 30 30 30 30 30 30 30 30 30 30 30 30 9F 1C 08 38 37 36 35 34 33 32 31 9F 4E 22 31 30 37 32 31 20 57 61 6C 6B 65 72 20 53 74 2E 20 43 79 70 72 65 73 73 2C 20 43 41 20 2C 55 53 41 2E DF 26 01 01 DF 10 08 65 6E 66 72 65 73 7A 68 DF 11 01 01 DF 27 01 00 DF EE 15 01 01 DF EE 16 01 00 DF EE 17 01 05 DF EE 18 01 80 DF EE 1E 08 D0 9C 20 F0 C2 0E 14 00 DF EE 1F 01 80 DF EE 1B 08 30 30 30 31 30 35 30 30 DF EE 20 01 3C DF EE 21 01 0A DF EE 22 03 32 3C 3C DF EF 7D 01 03 EF 5B 
2026/9/14 10:57:30.735 [RX] - 56 69 56 4F 74 65 63 68 32 00 60 00 00 00 3D 35 00 00 00 00 00 00 00 00 00 00 00 00 00 00 00 00 00 00 00 00 00 00 00 00 00 00 00 00 00 00 00 00 00 00 00 00 00 00 00 00 00 00 00 00 00 00 00  

 --- 60-10 Contact Start Transaction (support FallBack)

2026/9/14 10:57:31.278 [TX] - 56 69 56 4F 74 65 63 68 32 00 60 10 00 23 01 00 78 00 78 9C 01 00 5F 57 01 00 9F 02 06 00 00 00 00 02 00 9F 03 06 00 00 00 00 00 00 5F 2A 02 08 40 F0 8F 
2026/9/14 10:57:31.311 [RX] - 56 69 56 4F 74 65 63 68 32 00 60 63 00 00 FF 0E 00 00 00 00 00 00 00 00 00 00 00 00 00 00 00 00 00 00 00 00 00 00 00 00 00 00 00 00 00 00 00 00 00 00 00 00 00 00 00 00 00 00 00 00 00 00 00 56 69 56 4F 74 65 63 68 32 00 61 01 00 10 03 00 00 02 00 45 4E 03 00 82 0B 1C 02 00 00 60  INSERT/SWIPE CARD 80 ED 00 00 00 00 00 00 00 00 00 00 00 00 00 00 00 00 00 00 00 00 00 00 00 00 00 00 00 00 00 00 00 56 69 56 4F 74 65 63 68 32 00 61 01 00 19 04 00 00 02 00 45 4E 0C 00 84 01 1C 04 24 1C 04 32 2E 30 30 1C 02 00 F4 21 E1 18 00 00 00 00 00 00 00 00 00 00 00 00 00 00 00 00 00 00 00 00 00 00 56 69 56 4F 74 65 63 68 32 00 61 01 00 10 03 00 00 02 00 45 4E 03 00 82 11 1C 02 00 F4 21  PLEASE WAIT... 9B 8B 00 00 00 00 00 00 00 00 00 00 00 00 00 00 00 00 00 00 00 00 00 00 00 00 00 00 00 00 00 00 00 56 69 56 4F 74 65 63 68 32 00 61 01 00 10 03 00 00 02 00 45 4E 03 00 82 62 1C 02 00 F4 21 10 F7 00 00 00 00 00 00 00 00 00 00 00 00 00 00 00 00 00 00 00 00 00 00 00 00 00 00 00 00 00 00 00 56 69 56 4F 74 65 63 68 32 00 61 01 00 10 03 00 00 02 00 45 4E 03 00 82 0D 1C 02 00 00 60 0D 0C 00 00 00 00 00 00 00 00 00 00 00 00 00 00 00 00 00 00 00 00 00 00 00 00 00 00 00 00 00 00 00 56 69 56 4F 74 65 63 68 32 00 61 01 00 19 04 00 00 02 00 45 4E 0C 00 84 01 1C 04 24 1C 04 32 2E 30 30 1C 02 00 F4 21 E1 18 00 00 00 00 00 00 00 00 00 00 00 00 00 00 00 00 00 00 00 00 00 00 56 69 56 4F 74 65 63 68 32 00 61 01 00 10 03 00 00 02 00 45 4E 03 00 82 11 1C 02 00 F4 21  PLEASE WAIT... 9B 8B 00 00 00 00 00 00 00 00 00 00 00 00 00 00 00 00 00 00 00 00 00 00 00 00 00 00 00 00 00 00 00 56 69 56 4F 74 65 63 68 32 00 61 01 00 10 03 00 00 02 00 45 4E 03 00 82 62 1C 02 00 F4 21 10 F7 00 00 00 00 00 00 00 00 00 00 00 00 00 00 00 00 00 00 00 00 00 00 00 00 00 00 00 00 00 00 00 56 69 56 4F 74 65 63 68 32 00 61 01 00 10 03 00 00 02 00 45 4E 03 00 82 0D 1C 02 00 00 60 0D 0C 00 00 00 00 00 00 00 00 00 00 00 00 00 00 00 00 00 00 00 00 00 00 00 00 00 00 00 00 00 00 00 56 69 56 4F 74 65 63 68 32 00 61 01 00 19 04 00 00 02 00 45 4E 0C 00 84 01 1C 04 24 1C 04 32 2E 30 30 1C 02 00 F4 21 E1 18 00 00 00 00 00 00 00 00 00 00 00 00 00 00 00 00 00 00 00 00 00 00 56 69 56 4F 74 65 63 68 32 00 61 01 00 10 03 00 00 02 00 45 4E 03 00 82 11 1C 02 00 F4 21  PLEASE WAIT... 9B 8B 00 00 00 00 00 00 00 00 00 00 00 00 00 00 00 00 00 00 00 00 00 00 00 00 00 00 00 00 00 00 00 56 69 56 4F 74 65 63 68 32 00 61 01 00 10 03 00 00 02 00 45 4E 03 00 82 13 1C 02 00 F4 21  USE MAGSTRIPE 10 CB 00 00 00 00 00 00 00 00 00 00 00 00 00 00 00 00 00 00 00 00 00 00 00 00 00 00 00 00 00 00 00 56 69 56 4F 74 65 63 68 32 00 61 01 00 10 03 00 00 02 00 45 4E 03 00 82 53 1C 02 00 00 60 FD 3B 00 00 00 00 00 00 00 00 00 00 00 00 00 00 00 00 00 00 00 00 00 00 00 00 00 00 00 00 00 00 00 56 69 56 4F 74 65 63 68 32 00 61 01 00 19 04 00 00 02 00 45 4E 0C 00 84 01 1C 04 24 1C 04 32 2E 30 30 1C 02 00 F4 21 E1 18 00 00 00 00 00 00 00 00 00 00 00 00 00 00 00 00 00 00 00 00 00 00 56 69 56 4F 74 65 63 68 32 00 61 01 00 10 03 00 00 02 00 45 4E 03 00 82 15 1C 02 00 F4 21 9D 2A 00 00 00 00 00 00 00 00 00 00 00 00 00 00 00 00 00 00 00 00 00 00 00 00 00 00 00 00 00 00 00 56 69 56 4F 74 65 63 68 32 00 60 00 01 66 E8 DF EE 25 02 00 07 DF EE 23 82 01 25 02 1F 01 80 1F 44 28 00 A3 9B 25 2A 36 35 31 30 2A 2A 2A 2A 2A 2A 2A 2A 30 31 32 35 5E 43 41 52 44 2F 49 4D 41 47 45 20 30 38 20 20 20 20 20 20 20 20 20 20 20 20 20 5E 31 37 31 32 2A 2A 2A 2A 2A 2A 2A 2A 2A 2A 2A 2A 2A 2A 2A 2A 3F 2A 3B 36 35 31 30 2A 2A 2A 2A 2A 2A 2A 2A 30 31 32 35 3D 31 37 31 32 2A 2A 2A 2A 2A 2A 2A 2A 2A 2A 2A 2A 2A 2A 2A 2A 3F 2A 1D 00 FD 4D 2D 35 3E FF 85 2E EB 37 17 07 EC 70 DB AD 42 21 57 A5 FD BB EA 84 1B 8E 08 4C 47 F5 49 CB C0 BD DE D3 A7 FA EE CC 60 58 A9 6D 2C E6 05 0F 31 9B 98 6F CB 58 C8 FC C4 F2 57 F3 9C 9E 10 9F 06 4C 6B 80 8D 61 8D 88 DE 48 20 82 9A 80 C6 1F 5D 1F 1B BB 5E 09 55 50 C2 21 3D 07 87 E9 71 C1 AC 10 0B 4F 7C 77 B3 4F 52 A9 1D 78 F3 37 00 00 00 00 00 00 00 00 00 00 00 00 00 00 00 00 00 00 00 00 00 00 00 00 00 00 00 00 00 00 00 00 00 00 00 00 00 00 00 00 33 34 35 54 31 37 30 36 30 35 FF FF 98 76 54 32 11 00 00 DC BA 74 03 9F 39 01 80 FF EE 01 05 DF EE 30 01 0C DF EE 26 02 E8 00 9F 02 06 00 00 00 00 02 00 9F 03 06 00 00 00 00 00 00 DF 5B 01 05 9A 03 26 09 14 9F 21 03 02 56 50 7B 06 00 00 00 00 
2026/9/14 10:57:39.817 [TX] - 56 69 56 4F 74 65 63 68 32 00 04 09 00 00 87 30  

 ---------- END OF TEST ----------

 Result = PASSED


Docklight Log File (HEX) - Stopped 2026/9/14 10:57:40.732 

