Docklight Log File (HEX) - Started 2026/7/29 14:18:42.381 
 TEST CASE: CR812

 --- Set POS COM PORT Settings
 Set POS COM PORT...
 POS operating on COM90 @ 115200 baud...
 Set POS COM PORT - COMPLETE

 --- Set default config

2026/7/29 14:18:43.547 [TX] - 56 69 56 4F 74 65 63 68 32 00 04 09 00 00 87 30 
2026/7/29 14:18:44.434 [RX] - 56 69 56 4F 74 65 63 68 32 00 04 00 00 00 AE 16 00 00 00 00 00 00 00 00 00 00 00 00 00 00 00 00 00 00 00 00 00 00 00 00 00 00 00 00 00 00 00 00 00 00 00 00 00 00 00 00 00 00 00 00 00 00 00  

 --- 60-02 Remove Application Data

2026/7/29 14:18:44.956 [TX] - 56 69 56 4F 74 65 63 68 32 00 60 02 00 00 55 53 
2026/7/29 14:18:44.966 [RX] - 56 69 56 4F 74 65 63 68 32 00 60 60 00 00 A6 5E 00 00 00 00 00 00 00 00 00 00 00 00 00 00 00 00 00 00 00 00 00 00 00 00 00 00 00 00 00 00 00 00 00 00 00 00 00 00 00 00 00 00 00 00 00 00 00  

 --- Poll on Demand

2026/7/29 14:18:47.481 [TX] - 56 69 56 4F 74 65 63 68 32 00 01 01 00 01 01 D7 34 
2026/7/29 14:18:47.494 [RX] - 56 69 56 4F 74 65 63 68 32 00 01 00 00 00 12 53 00 00 00 00 00 00 00 00 00 00 00 00 00 00 00 00 00 00 00 00 00 00 00 00 00 00 00 00 00 00 00 00 00 00 00 00 00 00 00 00 00 00 00 00 00 00 00  

 --- Burst Off

2026/7/29 14:18:48.029 [TX] - 56 69 56 4F 74 65 63 68 32 00 04 00 00 05 DF EE 7E 01 00 60 1E 
2026/7/29 14:18:48.078 [RX] - 56 69 56 4F 74 65 63 68 32 00 04 00 00 00 AE 16 00 00 00 00 00 00 00 00 00 00 00 00 00 00 00 00 00 00 00 00 00 00 00 00 00 00 00 00 00 00 00 00 00 00 00 00 00 00 00 00 00 00 00 00 00 00 00  

 --- 60-16 Contact Set ICS Identification (04)

2026/7/29 14:18:48.592 [TX] - 56 69 56 4F 74 65 63 68 32 00 60 16 00 01 04 75 9D 
2026/7/29 14:18:48.609 [RX] - 56 69 56 4F 74 65 63 68 32 00 60 00 00 00 3D 35 00 00 00 00 00 00 00 00 00 00 00 00 00 00 00 00 00 00 00 00 00 00 00 00 00 00 00 00 00 00 00 00 00 00 00 00 00 00 00 00 00 00 00 00 00 00 00  

 --- 60-03 Load A0000003330101

2026/7/29 14:18:49.139 [TX] - 56 69 56 4F 74 65 63 68 32 00 60 03 00 65 07 00 A0 00 00 03 33 01 01 0F 00 9F 01 06 56 49 53 41 30 30 5F 57 01 00 5F 2A 02 08 40 9F 09 02 00 8C 5F 36 01 02 9F 1B 04 00 00 3A 98 DF 25 03 9F 37 04 DF 28 03 9F 08 02 DF EE 15 01 01 DF 13 05 00 00 00 00 00 DF 14 05 00 00 00 00 00 DF 15 05 40 00 00 00 00 DF 18 01 00 DF 17 04 00 00 27 10 DF 19 01 00 C3 07 
2026/7/29 14:18:49.213 [RX] - 56 69 56 4F 74 65 63 68 32 00 60 00 00 00 3D 35 00 00 00 00 00 00 00 00 00 00 00 00 00 00 00 00 00 00 00 00 00 00 00 00 00 00 00 00 00 00 00 00 00 00 00 00 00 00 00 00 00 00 00 00 00 00 00  

 --- 60-06 default

2026/7/29 14:18:49.741 [TX] - 56 69 56 4F 74 65 63 68 32 00 60 06 00 C8 18 00 5F 36 01 02 9F 1A 02 08 40 9F 35 01 25 9F 33 03 60 08 C8 9F 40 05 60 00 F0 50 01 9F 1E 08 54 65 72 6D 69 6E 61 6C 9F 15 02 12 34 9F 16 0F 30 30 30 30 30 30 30 30 30 30 30 30 30 30 30 9F 1C 08 38 37 36 35 34 33 32 31 9F 4E 22 31 30 37 32 31 20 57 61 6C 6B 65 72 20 53 74 2E 20 43 79 70 72 65 73 73 2C 20 43 41 20 2C 55 53 41 2E DF 26 01 01 DF 10 08 65 6E 66 72 65 73 7A 68 DF 11 01 01 DF 27 01 00 DF EE 15 01 01 DF EE 16 01 00 DF EE 17 01 05 DF EE 18 01 80 DF EE 1E 08 50 9C 20 F0 C2 0E 14 00 DF EE 1F 01 80 DF EE 1B 08 30 30 30 31 30 35 30 30 DF EE 20 01 3C DF EE 21 01 0A DF EE 22 03 32 3C 3C 91 1D 
2026/7/29 14:18:49.762 [RX] - 56 69 56 4F 74 65 63 68 32 00 60 00 00 00 3D 35 00 00 00 00 00 00 00 00 00 00 00 00 00 00 00 00 00 00 00 00 00 00 00 00 00 00 00 00 00 00 00 00 00 00 00 00 00 00 00 00 00 00 00 00 00 00 00  

 --- 60-0A default

2026/7/29 14:18:50.287 [TX] - 56 69 56 4F 74 65 63 68 32 00 60 0A 00 92 A0 00 00 99 99 E1 01 01 F8 70 7B 9B ED F0 31 E5 8A 9F 84 36 31 B9 0C 90 D8 0E D6 95 00 00 00 03 70 00 99 C5 B7 0A A6 1B 4F 4C 51 B6 F9 0B 0E 3B FB 7A 3E E0 E7 DB 41 BC 46 68 88 B3 EC 8E 99 77 C7 62 40 7E F1 D7 9E 0A FB 28 23 10 0A 02 0C 3E 80 20 59 3D B5 0E 90 DB EA C1 8B 78 D1 3F 96 BB 2F 57 EE DD C3 0F 25 65 92 41 7C DF 73 9C A6 80 4A 10 A2 9D 28 06 E7 74 BF A7 51 F2 2C F3 B6 5B 38 F3 7F 91 B4 DA F8 AE C9 B8 03 F7 61 0E 06 AC 9E 6B 8C E0 
2026/7/29 14:18:50.302 [RX] - 56 69 56 4F 74 65 63 68 32 00 60 00 00 00 3D 35 00 00 00 00 00 00 00 00 00 00 00 00 00 00 00 00 00 00 00 00 00 00 00 00 00 00 00 00 00 00 00 00 00 00 00 00 00 00 00 00 00 00 00 00 00 00 00  

 --- 60-10

2026/7/29 14:18:52.429 [TX] - 56 69 56 4F 74 65 63 68 32 00 60 10 00 1A 01 00 0A 00 0A 9C 01 00 9F 02 06 00 00 00 00 15 00 9F 03 06 00 00 00 00 00 00 93 0E 
2026/7/29 14:18:52.456 [RX] - 56 69 56 4F 74 65 63 68 32 00 60 63 00 00 FF 0E 00 00 00 00 00 00 00 00 00 00 00 00 00 00 00 00 00 00 00 00 00 00 00 00 00 00 00 00 00 00 00 00 00 00 00 00 00 00 00 00 00 00 00 00 00 00 00 56 69 56 4F 74 65 63 68 32 00 61 01 00 10 03 00 00 02 00 45 4E 03 00 82 0B 1C 02 00 00 20 29 C8 00 00 00 00 00 00 00 00 00 00 00 00 00 00 00 00 00 00 00 00 00 00 00 00 00 00 00 00 00 00 00 56 69 56 4F 74 65 63 68 32 00 61 01 00 1A 04 00 00 02 00 45 4E 0D 00 84 01 1C 04 24 1C 04 31 35 2E 30 30 1C 02 00 F4 21 E7 A8 00 00 00 00 00 00 00 00 00 00 00 00 00 00 00 00 00 00 00 00 00 56 69 56 4F 74 65 63 68 32 00 61 01 00 10 03 00 00 02 00 45 4E 03 00 82 11 1C 02 00 F4 21 8B 9B 00 00 00 00 00 00 00 00 00 00 00 00 00 00 00 00 00 00 00 00 00 00 00 00 00 00 00 00 00 00 00 56 69 56 4F 74 65 63 68 32 00 61 01 00 10 03 00 00 02 00 45 4E 03 00 82 1A 1C 02 00 F4 21 29 58 00 00 00 00 00 00 00 00 00 00 00 00 00 00 00 00 00 00 00 00 00 00 00 00 00 00 00 00 00 00 00 56 69 56 4F 74 65 63 68 32 00 60 00 01 00 E0 DF EE 26 02 E0 00 DF EE 12 0A FF FF FF 02 00 1B 44 80 00 79 DF EE 25 02 00 10 57 A1 13 62 10 CC CC CC CC 00 11 D3 01 0C CC CC CC CC CC CC CC CC 57 C1 18 A5 C9 AA 2E 1B B0 09 B3 EF 38 79 9A C3 56 F9 ED 2A 74 C0 3A CF E8 3C E4 5A A1 08 62 10 CC CC CC CC 00 11 5A C1 10 4A F9 C3 4D 34 01 8F DE D3 56 75 5A C2 EE E0 96 5F 34 01 01 5F 20 1A D2 F8 C1 AA 36 32 B1 EA D7 BC BF A8 40 B2 E2 CA D4 D7 A8 D3 C3 43 61 72 64 73 5F 24 03 30 10 31 9F 1E 08 38 54 39 34 35 30 37 39 9F 1F 00 9F 20 00 5F 25 03 11 09 01 5F 2D 02 63 6E 50 0B 55 49 43 43 20 43 72 65 64 69 74 4F 00 84 07 A0 00 00 03 33 01 01  Tag 84 DF EE 23 00 9F 39 01 05 9F 53 00 DF 4F 00 DF EC 11 20 9F 0B D8 E8 08 10 DD 29 BF 51 72 33 B9 27 D1 74 42 86 0C 48 62 AF D4 97 00 06 AD B0 08 7F CB 54 FF EE 01 05 DF EE 30 01 01 B7 B0 00 00 00 00 00 00 00 00 00 00 00 00 00 00 00 00 00 00 00 00 00 00 00 00 00 00 00 00 00 00 00 00 00 00 00 00 00 00 00 00 00 00 00 
2026/7/29 14:18:56.857 [TX] - 56 69 56 4F 74 65 63 68 32 00 05 01 00 00 92 EF 
2026/7/29 14:18:56.880 [RX] - 56 69 56 4F 74 65 63 68 32 00 61 01 00 10 03 00 00 02 00 45 4E 03 00 82 21 1C 02 00 F4 21 07 B4 00 00 00 00 00 00 00 00 00 00 00 00 00 00 00 00 00 00 00 00 00 00 00 00 00 00 00 00 00 00 00 56 69 56 4F 74 65 63 68 32 00 61 01 00 10 03 00 00 02 00 45 4E 03 00 82 23 1C 02 00 00 20 63 F0 00 00 00 00 00 00 00 00 00 00 00 00 00 00 00 00 00 00 00 00 00 00 00 00 00 00 00 00 00 00 00 56 69 56 4F 74 65 63 68 32 00 05 00 00 00 D8 A2 00 00 00 00 00 00 00 00 00 00 00 00 00 00 00 00 00 00 00 00 00 00 00 00 00 00 00 00 00 00 00 00 00 00 00 00 00 00 00 00 00 00 00 00 00 00 00  

 --- 60-16 =1C

2026/7/29 14:19:00.206 [TX] - 56 69 56 4F 74 65 63 68 32 00 60 16 00 01 01 D0 CD 
2026/7/29 14:19:00.341 [RX] - 56 69 56 4F 74 65 63 68 32 00 60 00 00 00 3D 35 00 00 00 00 00 00 00 00 00 00 00 00 00 00 00 00 00 00 00 00 00 00 00 00 00 00 00 00 00 00 00 00 00 00 00 00 00 00 00 00 00 00 00 00 00 00 00  

 --- 60-06 =1C, DFED48=08

2026/7/29 14:19:00.881 [TX] - 56 69 56 4F 74 65 63 68 32 00 60 06 00 C7 19 00 5F 36 01 02 9F 1A 02 08 40 9F 35 01 22 9F 33 03 60 F8 C8 9F 40 05 F0 00 F0 A0 01 9F 1E 08 54 65 72 6D 69 6E 61 6C 9F 15 02 12 34 9F 16 0F 30 30 30 30 30 30 30 30 30 30 30 30 30 30 30 9F 1C 08 38 37 36 35 34 33 32 31 9F 4E 22 31 30 37 32 31 20 57 61 6C 6B 65 72 20 53 74 2E 20 43 79 70 72 65 73 73 2C 20 43 41 20 2C 55 53 41 2E DF 26 01 01 DF 10 02 65 6E DF 11 01 01 DF 27 01 00 DF EE 15 01 01 DF EE 16 01 00 DF EE 17 01 05 DF EE 18 01 80 DF EE 1E 08 50 DC 3C F0 C2 9E 96 00 DF EE 1F 01 FF DF EE 1B 08 30 30 FF 30 31 FF 35 31 DF EE 20 01 0A DF EE 21 01 0A DF EE 22 03 03 3C 3C DF ED 48 01 08 BB 0F 
2026/7/29 14:19:00.902 [RX] - 56 69 56 4F 74 65 63 68 32 00 60 00 00 00 3D 35 00 00 00 00 00 00 00 00 00 00 00 00 00 00 00 00 00 00 00 00 00 00 00 00 00 00 00 00 00 00 00 00 00 00 00 00 00 00 00 00 00 00 00 00 00 00 00  

 --- 60-02 Remove Application Data

2026/7/29 14:19:01.431 [TX] - 56 69 56 4F 74 65 63 68 32 00 60 02 00 00 55 53 
2026/7/29 14:19:01.467 [RX] - 56 69 56 4F 74 65 63 68 32 00 60 00 00 00 3D 35 00 00 00 00 00 00 00 00 00 00 00 00 00 00 00 00 00 00 00 00 00 00 00 00 00 00 00 00 00 00 00 00 00 00 00 00 00 00 00 00 00 00 00 00 00 00 00  

 --- 60-03 Load A0000003330101

2026/7/29 14:19:01.998 [TX] - 56 69 56 4F 74 65 63 68 32 00 60 03 00 65 07 00 A0 00 00 03 33 01 01 0F 00 9F 01 06 56 49 53 41 30 30 5F 57 01 00 5F 2A 02 08 40 9F 09 02 00 8C 5F 36 01 02 9F 1B 04 00 00 3A 98 DF 25 03 9F 37 04 DF 28 03 9F 08 02 DF EE 15 01 01 DF 13 05 00 00 00 00 00 DF 14 05 00 00 00 00 00 DF 15 05 40 00 00 00 00 DF 18 01 00 DF 17 04 00 00 27 10 DF 19 01 00 C3 07 
2026/7/29 14:19:02.023 [RX] - 56 69 56 4F 74 65 63 68 32 00 60 00 00 00 3D 35 00 00 00 00 00 00 00 00 00 00 00 00 00 00 00 00 00 00 00 00 00 00 00 00 00 00 00 00 00 00 00 00 00 00 00 00 00 00 00 00 00 00 00 00 00 00 00  

 --- 60-03 Load A000000333010108

2026/7/29 14:19:02.549 [TX] - 56 69 56 4F 74 65 63 68 32 00 60 03 00 66 08 00 A0 00 00 03 33 01 01 08 0F 00 9F 01 06 56 49 53 41 30 30 5F 57 01 00 5F 2A 02 08 40 9F 09 02 00 8C 5F 36 01 02 9F 1B 04 00 00 3A 98 DF 25 03 9F 37 04 DF 28 03 9F 08 02 DF EE 15 01 01 DF 13 05 00 00 00 00 00 DF 14 05 00 00 00 00 00 DF 15 05 40 00 00 00 00 DF 18 01 00 DF 17 04 00 00 27 10 DF 19 01 00 70 B0 
2026/7/29 14:19:02.575 [RX] - 56 69 56 4F 74 65 63 68 32 00 60 00 00 00 3D 35 00 00 00 00 00 00 00 00 00 00 00 00 00 00 00 00 00 00 00 00 00 00 00 00 00 00 00 00 00 00 00 00 00 00 00 00 00 00 00 00 00 00 00 00 00 00 00  

 --- 60-10

2026/7/29 14:19:04.110 [TX] - 56 69 56 4F 74 65 63 68 32 00 60 10 00 1A 01 00 0A 00 0A 9C 01 00 9F 02 06 00 00 00 00 15 00 9F 03 06 00 00 00 00 00 00 93 0E 
2026/7/29 14:19:04.136 [RX] - 56 69 56 4F 74 65 63 68 32 00 60 63 00 00 FF 0E 00 00 00 00 00 00 00 00 00 00 00 00 00 00 00 00 00 00 00 00 00 00 00 00 00 00 00 00 00 00 00 00 00 00 00 00 00 00 00 00 00 00 00 00 00 00 00 56 69 56 4F 74 65 63 68 32 00 61 01 00 10 03 00 00 02 00 45 4E 03 00 82 0B 1C 02 00 00 20 29 C8 00 00 00 00 00 00 00 00 00 00 00 00 00 00 00 00 00 00 00 00 00 00 00 00 00 00 00 00 00 00 00 56 69 56 4F 74 65 63 68 32 00 61 01 00 1A 04 00 00 02 00 45 4E 0D 00 84 01 1C 04 24 1C 04 31 35 2E 30 30 1C 02 00 F4 21 E7 A8 00 00 00 00 00 00 00 00 00 00 00 00 00 00 00 00 00 00 00 00 00 56 69 56 4F 74 65 63 68 32 00 61 01 00 10 03 00 00 02 00 45 4E 03 00 82 11 1C 02 00 F4 21 8B 9B 00 00 00 00 00 00 00 00 00 00 00 00 00 00 00 00 00 00 00 00 00 00 00 00 00 00 00 00 00 00 00 56 69 56 4F 74 65 63 68 32 00 61 01 00 10 03 00 00 02 00 45 4E 03 00 82 1A 1C 02 00 F4 21 29 58 00 00 00 00 00 00 00 00 00 00 00 00 00 00 00 00 00 00 00 00 00 00 00 00 00 00 00 00 00 00 00 56 69 56 4F 74 65 63 68 32 00 60 00 01 01 E0 DF EE 26 02 E0 00 DF EE 12 0A FF FF FF 02 00 1B 44 80 00 7A DF EE 25 02 00 10 57 A1 13 62 10 CC CC CC CC 00 11 D3 01 0C CC CC CC CC CC CC CC CC 57 C1 18 6E DF 90 C3 10 9C 2A 5C 4E 0A 30 12 AC FE 35 F3 68 F4 03 A1 3B F6 07 0A 5A A1 08 62 10 CC CC CC CC 00 11 5A C1 10 09 8B 39 1E B4 63 42 B3 EB 82 D7 D5 22 C4 7C 1C 5F 34 01 01 5F 20 1A D2 F8 C1 AA 36 32 B1 EA D7 BC BF A8 40 B2 E2 CA D4 D7 A8 D3 C3 43 61 72 64 73 5F 24 03 30 10 31 9F 1E 08 38 54 39 34 35 30 37 39 9F 1F 00 9F 20 00 5F 25 03 11 09 01 5F 2D 02 63 6E 50 0B 55 53 43 43 20 43 72 65 64 69 74 4F 00 84 08 A0 00 00 03 33 01 01 08  Tag 84 DF EE 23 00 9F 39 01 05 9F 53 00 DF 4F 00 DF EC 11 20 9F 0B D8 E8 08 10 DD 29 BF 51 72 33 B9 27 D1 74 42 86 0C 48 62 AF D4 97 00 06 AD B0 08 7F CB 54 FF EE 01 05 DF EE 30 01 01 46 63 00 00 00 00 00 00 00 00 00 00 00 00 00 00 00 00 00 00 00 00 00 00 00 00 00 00 00 00 00 00 00 00 00 00 00 00 00 00 00 00 00 00 
2026/7/29 14:19:08.318 [TX] - 56 69 56 4F 74 65 63 68 32 00 05 01 00 00 92 EF 
2026/7/29 14:19:08.341 [RX] - 56 69 56 4F 74 65 63 68 32 00 61 01 00 10 03 00 00 02 00 45 4E 03 00 82 21 1C 02 00 F4 21 07 B4 00 00 00 00 00 00 00 00 00 00 00 00 00 00 00 00 00 00 00 00 00 00 00 00 00 00 00 00 00 00 00 56 69 56 4F 74 65 63 68 32 00 61 01 00 10 03 00 00 02 00 45 4E 03 00 82 23 1C 02 00 00 20 63 F0 00 00 00 00 00 00 00 00 00 00 00 00 00 00 00 00 00 00 00 00 00 00 00 00 00 00 00 00 00 00 00 56 69 56 4F 74 65 63 68 32 00 05 00 00 00 D8 A2 00 00 00 00 00 00 00 00 00 00 00 00 00 00 00 00 00 00 00 00 00 00 00 00 00 00 00 00 00 00 00 00 00 00 00 00 00 00 00 00 00 00 00 00 00 00 00  

 ---------- END OF TEST ----------

 Result = PASSED


Docklight Log File (HEX) - Stopped 2026/7/29 14:19:14.378 

