Docklight Log File (HEX) - Started 2026/9/9 14:57:51.069 
 TEST CASE: ST000

 --- Set POS COM PORT Settings
 Set POS COM PORT...
 POS operating on COM90 @ 115200 baud...
 Set POS COM PORT - COMPLETE

 --- DFEE44

2026/9/9 14:57:54.705 [TX] - 56 69 56 4F 74 65 63 68 32 00 04 00 00 06 DF EE 44 02 9D FF 28 26 
2026/9/9 14:57:54.800 [RX] - 56 69 56 4F 74 65 63 68 32 00 04 00 00 00 AE 16 00 00 00 00 00 00 00 00 00 00 00 00 00 00 00 00 00 00 00 00 00 00 00 00 00 00 00 00 00 00 00 00 00 00 00 00 00 00 00 00 00 00 00 00 00 00 00  

 --- Group 80

2026/9/9 14:57:55.327 [TX] - 56 69 56 4F 74 65 63 68 32 00 04 03 01 02 DF EE 2D 01 80 9F 01 00 9F 1A 02 08 40 9F 1C 00 9F 1D 08 6C FF 00 00 00 00 00 00 5F 57 00 DF 60 00 DF 62 00 DF 63 00 DF 81 08 00 DF 81 09 00 DF 81 0A 00 DF 81 0D 00 DF 81 17 01 00 DF 81 18 01 60 DF 81 19 01 08 DF 81 1A 03 9F 6A 04 DF 81 1C 02 00 00 DF 81 1D 01 00 DF 81 1E 01 10 DF 81 1F 01 08 DF 81 20 05 00 00 00 00 00 DF 81 22 05 00 00 00 00 00 DF 81 21 05 00 00 00 00 00 DF 81 23 06 00 00 00 01 00 00 DF 81 24 06 00 00 00 03 00 00 DF 81 25 06 00 00 00 05 00 00 DF 81 26 06 00 00 00 00 10 00 DF 81 2C 01 00 9F 09 02 00 02 9F 15 02 11 11 9F 16 00 9F 1E 08 30 30 30 30 30 30 30 30 9F 33 00 9F 35 01 22 9F 40 05 00 00 00 00 00 9F 4E 00 9F 6D 02 00 01 9F 7E 00 DF EE 0F 01 01 DF EE 37 01 03 DF EE 38 01 00 DF 81 1B 01 00 DF EF 46 02 9F 02 DF EF 4F 02 9F 02 DF EF 4E 02 9F 02 6F 7B 
2026/9/9 14:57:55.385 [RX] - 56 69 56 4F 74 65 63 68 32 00 04 00 00 00 AE 16 00 00 00 00 00 00 00 00 00 00 00 00 00 00 00 00 00 00 00 00 00 00 00 00 00 00 00 00 00 00 00 00 00 00 00 00 00 00 00 00 00 00 00 00 00 00 00  

 --- Poll on demand

2026/9/9 14:57:55.910 [TX] - 56 69 56 4F 74 65 63 68 32 00 01 01 00 01 01 D7 34 
2026/9/9 14:57:55.917 [RX] - 56 69 56 4F 74 65 63 68 32 00 01 00 00 00 12 53 00 00 00 00 00 00 00 00 00 00 00 00 00 00 00 00 00 00 00 00 00 00 00 00 00 00 00 00 00 00 00 00 00 00 00 00 00 00 00 00 00 00 00 00 00 00 00  

 --- Burst mode off

2026/9/9 14:57:56.942 [TX] - 56 69 56 4F 74 65 63 68 32 00 04 00 00 05 DF EE 7E 01 00 60 1E 
2026/9/9 14:57:57.024 [RX] - 56 69 56 4F 74 65 63 68 32 00 04 00 00 00 AE 16 00 00 00 00 00 00 00 00 00 00 00 00 00 00 00 00 00 00 00 00 00 00 00 00 00 00 00 00 00 00 00 00 00 00 00 00 00 00 00 00 00 00 00 00 00 00 00  

 --- C7-65 set private key

2026/9/9 14:57:58.058 [TX] - 56 69 56 4F 74 65 63 68 32 00 C7 65 00 24 00 00 00 01 82 6D 17 E5 07 67 B1 65 B0 E4 D9 E3 32 F8 D1 D1 E2 02 24 28 4F B4 DA F1 E5 0A 03 24 6E 70 79 7D 71 B8 
2026/9/9 14:57:58.079 [RX] - 56 69 56 4F 74 65 63 68 32 00 C7 00 00 00 86 6E 00 00 00 00 00 00 00 00 00 00 00 00 00 00 00 00 00 00 00 00 00 00 00 00 00 00 00 00 00 00 00 00 00 00 00 00 00 00 00 00 00 00 00 00 00 00 00  

 Set config -- 0.1 =============================================================

2026/9/9 14:58:00.291 [TX] - 56 69 56 4F 74 65 63 68 32 00 04 03 00 3F DF EE 2D 01 8E DF EE 3B 04 00 BC 61 4E DF EE 3C 00 DF EE 3D 00 DF EF 25 00 DF ED 01 00 DF ED 02 05 00 00 00 00 01 DF ED 03 01 00 DF ED 04 01 01 DF ED 05 01 01 DF ED 06 01 00 DF ED 07 01 00 5A F0 
2026/9/9 14:58:00.338 [RX] - 56 69 56 4F 74 65 63 68 32 00 04 00 00 00 AE 16 00 00 00 00 00 00 00 00 00 00 00 00 00 00 00 00 00 00 00 00 00 00 00 00 00 00 00 00 00 00 00 00 00 00 00 00 00 00 00 00 00 00 00 00 00 00 00  

cmd 02-01: NA

 

 --- 02-40 case 0.1

2026/9/9 14:58:03.779 [TX] - 56 69 56 4F 74 65 63 68 32 00 02 40 00 1B 30 9F 02 06 00 00 00 00 00 01 9C 01 00 FF EE 08 0A DF EF 1A 01 02 DF ED 28 01 00 F4 19 
2026/9/9 14:58:05.106 [RX] - 56 69 56 4F 74 65 63 68 32 00 02 57 00 7E 21 DF EE 26 02 21 00 FF EE 08 66 DF EF 76 62 94 03 2F 61 73 76 94 01 06 69 04 02 71 79 79 71 54 03 1F 63 75 73 94 03 06 63 69 64 04 12 34 56 78 90 19 01 03 03 54 63 70 6C 00 65 6E 54 03 02 63 75 74 04 7B 54 03 27 61 73 76 94 01 05 69 05 01 F7 97 98 54 02 19 6C 79 94 03 09 6F 69 64 04 4F 93 F3 A7 7C 36 E6 C5 54 01 06 6E 05 F3 24 23 42 34 9F 39 01 07 FF EE 01 05 DF EE 30 01 00 A7 A2 00 00 00 00 00 00 00 00 00 00 00 00 00 00 00 00 00 00 00 00 00 00 00 00 00 00 00 00 00 00 00 00 00 00 00 00 00 00 00 00 00 00 00 00 00 00 00  

 Set config -- 0.2 =============================================================

2026/9/9 14:58:08.115 [TX] - 56 69 56 4F 74 65 63 68 32 00 04 03 00 3F DF EE 2D 01 8E DF EE 3B 04 00 BC 61 4E DF EE 3C 00 DF EE 3D 00 DF EF 25 00 DF ED 01 00 DF ED 02 05 00 00 00 00 01 DF ED 03 01 00 DF ED 04 01 01 DF ED 05 01 01 DF ED 06 01 00 DF ED 07 01 00 5A F0 
2026/9/9 14:58:08.162 [RX] - 56 69 56 4F 74 65 63 68 32 00 04 00 00 00 AE 16 00 00 00 00 00 00 00 00 00 00 00 00 00 00 00 00 00 00 00 00 00 00 00 00 00 00 00 00 00 00 00 00 00 00 00 00 00 00 00 00 00 00 00 00 00 00 00  

cmd 02-01: NA

 

 --- 02-40 case 0.2

2026/9/9 14:58:10.674 [TX] - 56 69 56 4F 74 65 63 68 32 00 02 40 00 1B 30 9F 02 06 00 00 00 00 00 01 9C 01 00 FF EE 08 0A DF EF 1A 01 02 DF ED 28 01 00 F4 19 
2026/9/9 14:58:12.110 [RX] - 56 69 56 4F 74 65 63 68 32 00 02 57 01 B1 21 DF EE 26 02 21 00 FF EE 08 82 01 97 DF EF 76 82 01 91 94 03 2F 61 73 76 94 01 06 69 04 02 71 79 79 71 54 03 1F 63 75 73 94 03 06 63 69 64 04 12 34 56 78 90 19 01 03 03 54 63 70 6C 00 65 6E 54 03 02 63 75 74 04 7B 44 03 00 00 01 53 61 73 76 94 01 05 69 05 01 F7 97 98 14 02 19 6C 79 94 03 09 6F 69 64 04 52 DD 6B 3A AC B9 66 CA 54 01 06 6E 05 F3 24 23 42 34 14 02 19 6F 66 94 03 09 6F 69 64 04 68 BB E6 EC 74 DF BC 54 54 01 06 6E 05 F3 24 23 42 44 14 02 19 6F 66 94 03 09 6F 69 64 04 88 BF 0B 85 A7 C1 4C 33 54 01 06 6E 05 F3 24 23 42 43 14 02 19 6F 66 94 03 09 6F 69 64 04 EE 76 CA C3 C7 1E 14 DF 54 01 06 6E 05 F3 24 23 42 41 14 02 19 6F 66 94 03 09 6F 69 64 04 17 DE 59 A6 4C B3 4C F8 54 01 06 6E 05 F3 24 23 42 37 14 02 19 6F 66 94 03 09 6F 69 64 04 05 D1 E1 9E B9 07 12 A2 54 01 06 6E 05 F3 24 23 42 36 14 02 19 6F 66 94 03 09 6F 69 64 04 24 BB 34 A8 8D DE 3E 46 54 01 06 6E 05 F3 24 23 42 40 14 02 19 6F 66 94 03 09 6F 69 64 04 C4 E9 6A C7 8D A2 76 FD 54 01 06 6E 05 F3 24 23 42 35 14 02 19 6F 66 94 03 09 6F 69 64 04 A4 79 6B B7 87 50 D4 66 54 01 06 6E 05 F3 24 23 42 38 14 02 19 6F 66 94 03 09 6F 69 64 04 16 43 79 2B 2B BA 2C 86 54 01 06 6E 05 F3 24 23 42 42 54 02 19 6F 66 94 03 09 6F 69 64 04 A7 C5 08 60 5B 56 3C E5 54 01 06 6E 05 F3 24 23 42 39 9F 39 01 07 FF EE 01 05 DF EE 30 01 00 C4 5C 00 00 00 00 00 00 00 00 00 00 00 00 00 00 00 00 00 00 00 00 00 00 00 00 00 00 00 00 00 00 00 00 00 00 00 00 00 00 00 00 00 00 00 00 00 00 00 00 00 00 00 00 00 00 00  

 Set config -- 0.3 =============================================================

2026/9/9 14:58:15.860 [TX] - 56 69 56 4F 74 65 63 68 32 00 04 03 00 3F DF EE 2D 01 8E DF EE 3B 04 00 BC 61 4E DF EE 3C 00 DF EE 3D 00 DF EF 25 00 DF ED 01 00 DF ED 02 05 00 00 00 00 01 DF ED 03 01 00 DF ED 04 01 01 DF ED 05 01 01 DF ED 06 01 00 DF ED 07 01 00 5A F0 
2026/9/9 14:58:15.907 [RX] - 56 69 56 4F 74 65 63 68 32 00 04 00 00 00 AE 16 00 00 00 00 00 00 00 00 00 00 00 00 00 00 00 00 00 00 00 00 00 00 00 00 00 00 00 00 00 00 00 00 00 00 00 00 00 00 00 00 00 00 00 00 00 00 00  

cmd 02-01: NA

 

 --- 02-40 case 0.3

2026/9/9 14:58:19.043 [TX] - 56 69 56 4F 74 65 63 68 32 00 02 40 00 1B 30 9F 02 06 00 00 00 00 00 01 9C 01 00 FF EE 08 0A DF EF 1A 01 0A DF ED 28 01 00 B6 14 
2026/9/9 14:58:20.538 [RX] - 56 69 56 4F 74 65 63 68 32 00 02 57 00 7E 21 DF EE 26 02 21 00 FF EE 08 66 DF EF 76 62 94 03 2F 61 73 76 94 01 06 69 04 02 71 79 79 71 54 03 1F 63 75 73 94 03 06 63 69 64 04 12 34 56 78 90 19 01 03 03 54 63 70 6C 00 65 6E 54 03 02 63 75 74 04 7B 54 03 27 61 73 76 94 01 05 69 05 01 F7 97 98 54 02 19 6C 79 94 03 09 6F 69 64 04 1E C6 9C 21 EF FC 2D 88 54 01 06 6E 05 F3 24 23 42 34 9F 39 01 07 FF EE 01 05 DF EE 30 01 00 3F 4F 00 00 00 00 00 00 00 00 00 00 00 00 00 00 00 00 00 00 00 00 00 00 00 00 00 00 00 00 00 00 00 00 00 00 00 00 00 00 00 00 00 00 00 00 00 00 00  

 Set config -- 0.4 =============================================================

2026/9/9 14:58:23.414 [TX] - 56 69 56 4F 74 65 63 68 32 00 04 03 00 3F DF EE 2D 01 8E DF EE 3B 04 00 BC 61 4E DF EE 3C 00 DF EE 3D 00 DF EF 25 00 DF ED 01 00 DF ED 02 05 00 00 00 00 01 DF ED 03 01 00 DF ED 04 01 01 DF ED 05 01 01 DF ED 06 01 00 DF ED 07 01 00 5A F0 
2026/9/9 14:58:23.462 [RX] - 56 69 56 4F 74 65 63 68 32 00 04 00 00 00 AE 16 00 00 00 00 00 00 00 00 00 00 00 00 00 00 00 00 00 00 00 00 00 00 00 00 00 00 00 00 00 00 00 00 00 00 00 00 00 00 00 00 00 00 00 00 00 00 00  

cmd 02-01: NA

 

 --- 02-40 case 0.4

2026/9/9 14:58:26.596 [TX] - 56 69 56 4F 74 65 63 68 32 00 02 40 00 1B 30 9F 02 06 00 00 00 00 00 01 9C 01 00 FF EE 08 0A DF EF 1A 01 0A DF ED 28 01 00 B6 14 
2026/9/9 14:58:28.232 [RX] - 56 69 56 4F 74 65 63 68 32 00 02 57 01 B1 21 DF EE 26 02 21 00 FF EE 08 82 01 97 DF EF 76 82 01 91 94 03 2F 61 73 76 94 01 06 69 04 02 71 79 79 71 54 03 1F 63 75 73 94 03 06 63 69 64 04 12 34 56 78 90 19 01 03 03 54 63 70 6C 00 65 6E 54 03 02 63 75 74 04 7B 44 03 00 00 01 53 61 73 76 94 01 05 69 05 01 F7 97 98 14 02 19 6F 66 94 03 09 6F 69 64 04 36 CA 97 1E 42 E1 55 20 54 01 06 6E 05 F3 24 23 42 43 14 02 19 6F 66 94 03 09 6F 69 64 04 A2 68 D3 6D A6 15 C9 A7 54 01 06 6E 05 F3 24 23 42 35 14 02 19 6F 66 94 03 09 6F 69 64 04 56 C2 65 1D 5E 3F 61 C7 54 01 06 6E 05 F3 24 23 42 40 14 02 19 6F 66 94 03 09 6F 69 64 04 1C 80 27 98 E1 99 71 34 54 01 06 6E 05 F3 24 23 42 39 14 02 19 6C 79 94 03 09 6F 69 64 04 1E 5C 42 A8 CC 42 34 B9 54 01 06 6E 05 F3 24 23 42 34 14 02 19 6F 66 94 03 09 6F 69 64 04 C4 BC B2 75 44 59 7F 86 54 01 06 6E 05 F3 24 23 42 42 14 02 19 6F 66 94 03 09 6F 69 64 04 AB 68 C5 EE C1 3B 73 FA 54 01 06 6E 05 F3 24 23 42 44 14 02 19 6F 66 94 03 09 6F 69 64 04 D0 D5 DB 1D D4 06 9C 51 54 01 06 6E 05 F3 24 23 42 41 14 02 19 6F 66 94 03 09 6F 69 64 04 7A F4 B2 94 8D 75 15 2A 54 01 06 6E 05 F3 24 23 42 37 14 02 19 6F 66 94 03 09 6F 69 64 04 0F 34 B1 EC E0 6A 1B 17 54 01 06 6E 05 F3 24 23 42 38 54 02 19 6F 66 94 03 09 6F 69 64 04 DC B4 6A 25 AE 02 00 13 54 01 06 6E 05 F3 24 23 42 36 9F 39 01 07 FF EE 01 05 DF EE 30 01 00 A3 A0 00 00 00 00 00 00 00 00 00 00 00 00 00 00 00 00 00 00 00 00 00 00 00 00 00 00 00 00 00 00 00 00 00 00 00 00 00 00 00 00 00 00 00 00 00 00 00 00 00 00 00 00 00 00 00  

 Set config -- 0.5 =============================================================

2026/9/9 14:58:30.702 [TX] - 56 69 56 4F 74 65 63 68 32 00 04 03 00 3F DF EE 2D 01 8E DF EE 3B 04 00 BC 61 4E DF EE 3C 00 DF EE 3D 00 DF EF 25 00 DF ED 01 00 DF ED 02 05 00 00 00 00 01 DF ED 03 01 00 DF ED 04 01 01 DF ED 05 01 01 DF ED 06 01 00 DF ED 07 01 00 5A F0 
2026/9/9 14:58:30.749 [RX] - 56 69 56 4F 74 65 63 68 32 00 04 00 00 00 AE 16 00 00 00 00 00 00 00 00 00 00 00 00 00 00 00 00 00 00 00 00 00 00 00 00 00 00 00 00 00 00 00 00 00 00 00 00 00 00 00 00 00 00 00 00 00 00 00  

cmd 02-01: NA

 

 --- 02-40 case 0.5

2026/9/9 14:58:34.148 [TX] - 56 69 56 4F 74 65 63 68 32 00 02 40 00 5B 30 9F 02 06 00 00 00 00 00 01 9C 01 00 FF EE 08 4A DF EF 1A 01 06 DF EF 1B 41 54 03 3B 6E 73 72 01 99 01 15 03 54 6E 73 74 02 65 6E 4D 79 20 6C 6F 79 61 6C 74 79 20 70 72 6F 67 72 61 6D 59 01 15 03 55 6E 73 75 00 65 78 61 6D 70 6C 65 2E 63 6F 6D 2F 76 61 6C 75 61 62 6C 65 4A 46 
2026/9/9 14:58:35.501 [RX] - 56 69 56 4F 74 65 63 68 32 00 02 57 00 1C 21 DF EE 26 02 21 00 FF EE 08 04 DF EF 76 00 9F 39 01 07 FF EE 01 05 DF EE 30 01 00 3D 48 00 00 00 00 00 00 00 00 00 00 00 00 00 00 00 00 00 00 00  

 Set config -- 0.6 =============================================================

2026/9/9 14:58:38.514 [TX] - 56 69 56 4F 74 65 63 68 32 00 04 03 00 3F DF EE 2D 01 8E DF EE 3B 04 00 BC 61 4E DF EE 3C 00 DF EE 3D 00 DF EF 25 00 DF ED 01 00 DF ED 02 05 00 00 00 00 04 DF ED 03 01 00 DF ED 04 01 01 DF ED 05 01 01 DF ED 06 01 00 DF ED 07 01 00 FD CD 
2026/9/9 14:58:38.560 [RX] - 56 69 56 4F 74 65 63 68 32 00 04 00 00 00 AE 16 00 00 00 00 00 00 00 00 00 00 00 00 00 00 00 00 00 00 00 00 00 00 00 00 00 00 00 00 00 00 00 00 00 00 00 00 00 00 00 00 00 00 00 00 00 00 00  

cmd 02-01: NA

 

 --- 02-40 case 0.6

2026/9/9 14:58:41.043 [TX] - 56 69 56 4F 74 65 63 68 32 00 02 40 00 1B 30 9F 02 06 00 00 00 00 00 01 9C 01 00 FF EE 08 0A DF EF 1A 01 01 DF ED 28 01 00 14 D7 
2026/9/9 14:58:42.341 [RX] - 56 69 56 4F 74 65 63 68 32 00 02 23 02 95 31 DF EE 26 02 31 00 DF 81 16 0D 1E 04 00 00 00 00 00 00 00 00 00 00 00 DF 81 29 08 30 F0 F0 00 30 F0 FF 00 FF 81 06 31 DF 81 2A 18 33 33 30 30 30 33 33 33 30 30 30 32 32 32 32 32 30 30 30 31 31 31 31 30 DF 81 2B 07 90 00 99 00 00 00 0F DF 81 15 06 00 00 00 00 00 FF FF 81 05 82 01 1D 4F 07 A0 00 00 00 04 10 10 50 0A 4D 61 73 74 65 72 43 61 72 64 56 3E 42 35 34 31 33 31 32 33 34 35 36 37 38 34 38 30 30 5E 53 55 50 50 4C 49 45 44 2F 4E 4F 54 5E 31 39 30 36 31 30 31 33 33 39 39 35 33 33 33 30 30 30 32 32 32 32 32 31 36 33 31 31 31 31 38 82 02 00 00 84 07 A0 00 00 00 04 10 10 95 05 00 00 00 00 00 9A 03 70 01 02 9B 02 00 00 9C 01 00 9F 01 00 9F 02 06 00 00 00 00 00 01 9F 06 07 A0 00 00 00 04 10 10 9F 09 02 00 02 9F 11 01 01 9F 15 02 11 11 9F 16 00 9F 1A 02 08 40 9F 1C 00 9F 1D 08 6C FF 00 00 00 00 00 00 9F 1E 08 33 5A 30 30 31 30 35 35 9F 21 03 00 06 24 9F 2A 01 02 9F 33 03 00 00 08 9F 34 03 00 00 00 9F 35 01 22 9F 36 02 00 00 9F 37 04 4C 0B 73 35 9F 39 01 91 9F 40 05 00 00 00 00 00 9F 41 04 00 00 01 58 9F 4E 00 9F 66 02 0E 70 9F 6A 04 00 00 01 63 9F 6B 13 54 13 12 34 56 78 48 00 D1 90 61 01 90 00 99 16 32 27 8F 9F 6D 02 00 01 DF 81 0C 01 02 96 08 02 00 00 00 00 00 00 00 DF EE 4C 01 03 DF EC 1C 1E 08 03 00 03 FF 00 1E 04 00 00 00 00 81 29 08 30 F0 F0 00 30 00 00 00 00 00 00 00 00 FF 00 DF EF 17 3E 42 35 34 31 33 31 32 33 34 35 36 37 38 34 38 30 30 5E 53 55 50 50 4C 49 45 44 2F 4E 4F 54 5E 31 39 30 36 31 30 31 33 33 39 39 35 33 33 33 30 30 30 32 32 32 32 32 31 36 33 31 31 31 31 38 DF EF 18 25 35 34 31 33 31 32 33 34 35 36 37 38 34 38 30 30 3D 31 39 30 36 31 30 31 39 30 30 30 39 39 31 36 33 32 32 37 38 DF EF 4C 06 00 00 00 00 00 00 DF EF 4D 00 FF EE 08 66 DF EF 76 62 94 03 2F 61 73 76 94 01 06 69 04 02 71 79 79 71 54 03 1F 63 75 73 94 03 06 63 69 64 04 12 34 56 78 90 19 01 03 03 54 63 70 6C 00 65 6E 54 03 02 63 75 74 04 7B 54 03 27 61 73 76 94 01 05 69 05 01 F7 97 98 54 02 19 6C 79 94 03 09 6F 69 64 04 99 AE C9 F4 2A EB FB 8D 54 01 06 6E 05 F3 24 23 42 34 E7 00 00 00 00 00 00 00 00 00 00 00 00 00 00 00 00 00  

 Set config -- 0.7 =============================================================

2026/9/9 14:58:45.266 [TX] - 56 69 56 4F 74 65 63 68 32 00 04 03 00 3F DF EE 2D 01 8E DF EE 3B 04 00 BC 61 4E DF EE 3C 00 DF EE 3D 00 DF EF 25 00 DF ED 01 00 DF ED 02 05 00 00 00 00 04 DF ED 03 01 00 DF ED 04 01 01 DF ED 05 01 01 DF ED 06 01 00 DF ED 07 01 00 FD CD 
2026/9/9 14:58:45.311 [RX] - 56 69 56 4F 74 65 63 68 32 00 04 00 00 00 AE 16 00 00 00 00 00 00 00 00 00 00 00 00 00 00 00 00 00 00 00 00 00 00 00 00 00 00 00 00 00 00 00 00 00 00 00 00 00 00 00 00 00 00 00 00 00 00 00  

cmd 02-01: NA

 

 --- 02-40 case 0.7

2026/9/9 14:58:49.315 [TX] - 56 69 56 4F 74 65 63 68 32 00 02 40 00 1B 30 9F 02 06 00 00 00 00 00 01 9C 01 00 FF EE 08 0A DF EF 1A 01 01 DF ED 28 01 00 14 D7 
2026/9/9 14:58:50.746 [RX] - 56 69 56 4F 74 65 63 68 32 00 02 23 02 68 31 DF EE 26 02 31 00 DF 81 16 0D 1E 04 00 00 00 00 00 00 00 00 00 00 00 DF 81 29 08 30 F0 F0 00 30 F0 FF 00 FF 81 06 31 DF 81 2A 18 33 33 30 30 30 33 33 33 30 30 30 32 32 32 32 32 30 30 30 31 31 31 31 30 DF 81 2B 07 90 00 99 00 00 00 0F DF 81 15 06 00 00 00 00 00 FF FF 81 05 82 01 1D 4F 07 A0 00 00 00 04 10 10 50 0A 4D 61 73 74 65 72 43 61 72 64 56 3E 42 35 34 31 33 31 32 33 34 35 36 37 38 34 38 30 30 5E 53 55 50 50 4C 49 45 44 2F 4E 4F 54 5E 31 39 30 36 31 30 31 33 33 37 36 37 33 33 33 30 30 30 32 32 32 32 32 34 31 34 31 31 31 31 38 82 02 00 00 84 07 A0 00 00 00 04 10 10 95 05 00 00 00 00 00 9A 03 70 01 02 9B 02 00 00 9C 01 00 9F 01 00 9F 02 06 00 00 00 00 00 01 9F 06 07 A0 00 00 00 04 10 10 9F 09 02 00 02 9F 11 01 01 9F 15 02 11 11 9F 16 00 9F 1A 02 08 40 9F 1C 00 9F 1D 08 6C FF 00 00 00 00 00 00 9F 1E 08 33 5A 30 30 31 30 35 35 9F 21 03 00 06 32 9F 2A 01 02 9F 33 03 00 00 08 9F 34 03 00 00 00 9F 35 01 22 9F 36 02 00 00 9F 37 04 5A D5 3C D6 9F 39 01 91 9F 40 05 00 00 00 00 00 9F 41 04 00 00 01 59 9F 4E 00 9F 66 02 0E 70 9F 6A 04 00 00 04 14 9F 6B 13 54 13 12 34 56 78 48 00 D1 90 61 01 90 00 99 41 40 19 8F 9F 6D 02 00 01 DF 81 0C 01 02 96 08 02 00 00 00 00 00 00 00 DF EE 4C 01 03 DF EC 1C 1E 08 03 00 03 FF 00 1E 04 00 00 00 00 81 29 08 30 F0 F0 00 30 00 00 00 00 00 00 00 00 FF 00 DF EF 17 3E 42 35 34 31 33 31 32 33 34 35 36 37 38 34 38 30 30 5E 53 55 50 50 4C 49 45 44 2F 4E 4F 54 5E 31 39 30 36 31 30 31 33 33 37 36 37 33 33 33 30 30 30 32 32 32 32 32 34 31 34 31 31 31 31 38 DF EF 18 25 35 34 31 33 31 32 33 34 35 36 37 38 34 38 30 30 3D 31 39 30 36 31 30 31 39 30 30 30 39 39 34 31 34 30 31 39 38 DF EF 4C 06 00 00 00 00 00 00 DF EF 4D 00 FF EE 08 39 DF EF 76 35 D4 03 2F 61 73 76 94 01 06 69 04 02 71 79 79 71 54 03 1F 63 75 73 94 03 06 63 69 64 04 12 34 56 78 90 19 01 03 03 54 63 70 6C 00 65 6E 54 03 02 63 75 74 04 7B C5 BD 00 00 00 00 00 00 00 00 00 00 00 00 00 00 00 00 00 00 00 00 00 00 00 00 00 00 00 00 00 00 00 00 00 00 00 00 00 00 00 00 00 00 00 00 00 00 00 00 00 00 00 00 00 00 00 00 00 00 00 00 00  

 Set config -- 0.8 =============================================================

2026/9/9 14:58:53.773 [TX] - 56 69 56 4F 74 65 63 68 32 00 04 03 00 3F DF EE 2D 01 8E DF EE 3B 04 00 BC 61 4E DF EE 3C 00 DF EE 3D 00 DF EF 25 00 DF ED 01 00 DF ED 02 05 00 00 00 00 04 DF ED 03 01 00 DF ED 04 01 01 DF ED 05 01 01 DF ED 06 01 00 DF ED 07 01 00 FD CD 
2026/9/9 14:58:53.817 [RX] - 56 69 56 4F 74 65 63 68 32 00 04 00 00 00 AE 16 00 00 00 00 00 00 00 00 00 00 00 00 00 00 00 00 00 00 00 00 00 00 00 00 00 00 00 00 00 00 00 00 00 00 00 00 00 00 00 00 00 00 00 00 00 00 00  

cmd 02-01: NA

 

 --- 02-40 case 0.8

2026/9/9 15:00:25.903 [TX] - 56 69 56 4F 74 65 63 68 32 00 02 40 00 1B 30 9F 02 06 00 00 00 00 00 01 9C 01 00 FF EE 08 0A DF EF 1A 01 09 DF ED 28 01 00 56 DA 
2026/9/9 15:00:27.476 [RX] - 56 69 56 4F 74 65 63 68 32 00 02 23 02 95 31 DF EE 26 02 31 00 DF 81 16 0D 1E 04 00 00 00 00 00 00 00 00 00 00 00 DF 81 29 08 30 F0 F0 00 30 F0 FF 00 FF 81 06 31 DF 81 2A 18 33 33 30 30 30 33 33 33 30 30 30 32 32 32 32 32 30 30 30 31 31 31 31 30 DF 81 2B 07 90 00 99 00 00 00 0F DF 81 15 06 00 00 00 00 00 FF FF 81 05 82 01 1D 4F 07 A0 00 00 00 04 10 10 50 0A 4D 61 73 74 65 72 43 61 72 64 56 3E 42 35 34 31 33 31 32 33 34 35 36 37 38 34 38 30 30 5E 53 55 50 50 4C 49 45 44 2F 4E 4F 54 5E 31 39 30 36 31 30 31 33 33 31 38 39 33 33 33 30 30 30 32 32 32 32 32 35 33 38 31 31 31 31 38 82 02 00 00 84 07 A0 00 00 00 04 10 10 95 05 00 00 00 00 00 9A 03 70 01 02 9B 02 00 00 9C 01 00 9F 01 00 9F 02 06 00 00 00 00 00 01 9F 06 07 A0 00 00 00 04 10 10 9F 09 02 00 02 9F 11 01 01 9F 15 02 11 11 9F 16 00 9F 1A 02 08 40 9F 1C 00 9F 1D 08 6C FF 00 00 00 00 00 00 9F 1E 08 33 5A 30 30 31 30 35 35 9F 21 03 00 08 09 9F 2A 01 02 9F 33 03 00 00 08 9F 34 03 00 00 00 9F 35 01 22 9F 36 02 00 00 9F 37 04 1F 62 F6 39 9F 39 01 91 9F 40 05 00 00 00 00 00 9F 41 04 00 00 01 60 9F 4E 00 9F 66 02 0E 70 9F 6A 04 00 00 05 38 9F 6B 13 54 13 12 34 56 78 48 00 D1 90 61 01 90 00 99 53 89 36 8F 9F 6D 02 00 01 DF 81 0C 01 02 96 08 02 00 00 00 00 00 00 00 DF EE 4C 01 03 DF EC 1C 1E 08 03 00 03 FF 00 1E 04 00 00 00 00 81 29 08 30 F0 F0 00 30 00 00 00 00 00 00 00 00 FF 00 DF EF 17 3E 42 35 34 31 33 31 32 33 34 35 36 37 38 34 38 30 30 5E 53 55 50 50 4C 49 45 44 2F 4E 4F 54 5E 31 39 30 36 31 30 31 33 33 31 38 39 33 33 33 30 30 30 32 32 32 32 32 35 33 38 31 31 31 31 38 DF EF 18 25 35 34 31 33 31 32 33 34 35 36 37 38 34 38 30 30 3D 31 39 30 36 31 30 31 39 30 30 30 39 39 35 33 38 39 33 36 38 DF EF 4C 06 00 00 00 00 00 00 DF EF 4D 00 FF EE 08 66 DF EF 76 62 94 03 2F 61 73 76 94 01 06 69 04 02 71 79 79 71 54 03 1F 63 75 73 94 03 06 63 69 64 04 12 34 56 78 90 19 01 03 03 54 63 70 6C 00 65 6E 54 03 02 63 75 74 04 7B 54 03 27 61 73 76 94 01 05 69 05 01 F7 97 98 54 02 19 6C 79 94 03 09 6F 69 64 04 6F FB D1 F9 59 16 17 3A 54 01 06 6E 05 F3 24 23 42 34 D7 C4 00 00 00 00 00 00 00 00 00 00 00 00 00 00 00 00  

 Set config -- 0.9 =============================================================

2026/9/9 15:00:29.971 [TX] - 56 69 56 4F 74 65 63 68 32 00 04 03 00 3F DF EE 2D 01 8E DF EE 3B 04 00 BC 61 4E DF EE 3C 00 DF EE 3D 00 DF EF 25 00 DF ED 01 00 DF ED 02 05 00 00 00 00 04 DF ED 03 01 00 DF ED 04 01 01 DF ED 05 01 01 DF ED 06 01 00 DF ED 07 01 00 FD CD 
2026/9/9 15:00:30.014 [RX] - 56 69 56 4F 74 65 63 68 32 00 04 00 00 00 AE 16 00 00 00 00 00 00 00 00 00 00 00 00 00 00 00 00 00 00 00 00 00 00 00 00 00 00 00 00 00 00 00 00 00 00 00 00 00 00 00 00 00 00 00 00 00 00 00  

cmd 02-01: NA

 

 --- 02-40 case 0.9

2026/9/9 15:00:33.331 [TX] - 56 69 56 4F 74 65 63 68 32 00 02 40 00 1B 30 9F 02 06 00 00 00 00 00 01 9C 01 00 FF EE 08 0A DF EF 1A 01 09 DF ED 28 01 00 56 DA 
2026/9/9 15:00:35.001 [RX] - 56 69 56 4F 74 65 63 68 32 00 02 23 02 68 31 DF EE 26 02 31 00 DF 81 16 0D 1E 04 00 00 00 00 00 00 00 00 00 00 00 DF 81 29 08 30 F0 F0 00 30 F0 FF 00 FF 81 06 31 DF 81 2A 18 33 33 30 30 30 33 33 33 30 30 30 32 32 32 32 32 30 30 30 31 31 31 31 30 DF 81 2B 07 90 00 99 00 00 00 0F DF 81 15 06 00 00 00 00 00 FF FF 81 05 82 01 1D 4F 07 A0 00 00 00 04 10 10 50 0A 4D 61 73 74 65 72 43 61 72 64 56 3E 42 35 34 31 33 31 32 33 34 35 36 37 38 34 38 30 30 5E 53 55 50 50 4C 49 45 44 2F 4E 4F 54 5E 31 39 30 36 31 30 31 33 33 30 30 38 33 33 33 30 30 30 32 32 32 32 32 31 38 31 31 31 31 31 38 82 02 00 00 84 07 A0 00 00 00 04 10 10 95 05 00 00 00 00 00 9A 03 70 01 02 9B 02 00 00 9C 01 00 9F 01 00 9F 02 06 00 00 00 00 00 01 9F 06 07 A0 00 00 00 04 10 10 9F 09 02 00 02 9F 11 01 01 9F 15 02 11 11 9F 16 00 9F 1A 02 08 40 9F 1C 00 9F 1D 08 6C FF 00 00 00 00 00 00 9F 1E 08 33 5A 30 30 31 30 35 35 9F 21 03 00 08 16 9F 2A 01 02 9F 33 03 00 00 08 9F 34 03 00 00 00 9F 35 01 22 9F 36 02 00 00 9F 37 04 9B 8C A6 43 9F 39 01 91 9F 40 05 00 00 00 00 00 9F 41 04 00 00 01 61 9F 4E 00 9F 66 02 0E 70 9F 6A 04 00 00 01 81 9F 6B 13 54 13 12 34 56 78 48 00 D1 90 61 01 90 00 99 18 16 89 8F 9F 6D 02 00 01 DF 81 0C 01 02 96 08 02 00 00 00 00 00 00 00 DF EE 4C 01 03 DF EC 1C 1E 08 03 00 03 FF 00 1E 04 00 00 00 00 81 29 08 30 F0 F0 00 30 00 00 00 00 00 00 00 00 FF 00 DF EF 17 3E 42 35 34 31 33 31 32 33 34 35 36 37 38 34 38 30 30 5E 53 55 50 50 4C 49 45 44 2F 4E 4F 54 5E 31 39 30 36 31 30 31 33 33 30 30 38 33 33 33 30 30 30 32 32 32 32 32 31 38 31 31 31 31 31 38 DF EF 18 25 35 34 31 33 31 32 33 34 35 36 37 38 34 38 30 30 3D 31 39 30 36 31 30 31 39 30 30 30 39 39 31 38 31 36 38 39 38 DF EF 4C 06 00 00 00 00 00 00 DF EF 4D 00 FF EE 08 39 DF EF 76 35 D4 03 2F 61 73 76 94 01 06 69 04 02 71 79 79 71 54 03 1F 63 75 73 94 03 06 63 69 64 04 12 34 56 78 90 19 01 03 03 54 63 70 6C 00 65 6E 54 03 02 63 75 74 04 7B A2 74 00 00 00 00 00 00 00 00 00 00 00 00 00 00 00 00 00 00 00 00 00 00 00 00 00 00 00 00 00 00 00 00 00 00 00 00 00 00 00 00 00 00 00 00 00 00 00 00 00 00 00 00 00 00 00 00 00 00 00 00 00  

 Set config -- 0.10 =============================================================

2026/9/9 15:00:37.820 [TX] - 56 69 56 4F 74 65 63 68 32 00 04 03 00 4B DF EE 2D 01 8E DF EE 3B 04 00 BC 61 4E DF EE 3C 00 DF EE 3D 00 DF EF 25 0C 47 6F 6F 67 6C 65 20 53 74 6F 72 65 DF ED 01 00 DF ED 02 05 40 00 00 00 04 DF ED 03 01 00 DF ED 04 01 01 DF ED 05 01 01 DF ED 06 01 00 DF ED 07 01 00 F2 36 
2026/9/9 15:00:37.867 [RX] - 56 69 56 4F 74 65 63 68 32 00 04 00 00 00 AE 16 00 00 00 00 00 00 00 00 00 00 00 00 00 00 00 00 00 00 00 00 00 00 00 00 00 00 00 00 00 00 00 00 00 00 00 00 00 00 00 00 00 00 00 00 00 00 00  

cmd 02-01: NA

 

 --- 02-40 case 0.10

2026/9/9 15:00:40.357 [TX] - 56 69 56 4F 74 65 63 68 32 00 02 40 01 5F 30 9F 02 06 00 00 00 00 00 01 9C 01 00 FF EE 08 82 01 4C DF EF 1A 01 05 DF EF 1B 82 01 41 14 03 65 73 73 72 94 03 03 6F 69 64 04 23 34 54 03 56 73 75 67 01 99 01 19 03 54 73 75 74 02 65 6E 52 65 77 61 72 64 20 50 72 6F 67 72 61 6D 20 41 70 70 6C 69 65 64 59 01 2C 03 54 73 75 64 02 65 6E 31 30 20 70 6F 69 6E 74 73 20 68 61 76 65 20 62 65 65 6E 20 61 64 64 65 64 20 74 6F 20 79 6F 75 72 20 61 63 63 6F 75 6E 74 54 03 65 73 73 72 94 03 03 6F 69 64 04 16 2E 54 03 56 73 75 67 01 99 01 19 03 54 73 75 74 02 65 6E 52 65 77 61 72 64 20 50 72 6F 67 72 61 6D 20 41 70 70 6C 69 65 64 59 01 2C 03 54 73 75 64 02 65 6E 31 30 20 70 6F 69 6E 74 73 20 68 61 76 65 20 62 65 65 6E 20 61 64 64 65 64 20 74 6F 20 79 6F 75 72 20 61 63 63 6F 75 6E 74 54 03 65 73 73 72 94 03 03 6F 69 64 04 04 D2 54 03 56 73 75 67 01 99 01 19 03 54 73 75 74 02 65 6E 52 65 77 61 72 64 20 50 72 6F 67 72 61 6D 20 41 70 70 6C 69 65 64 59 01 2C 03 54 73 75 64 02 65 6E 31 30 20 70 6F 69 6E 74 73 20 68 61 76 65 20 62 65 65 6E 20 61 64 64 65 64 20 74 6F 20 79 6F 75 72 20 61 63 63 6F 75 6E 74 1D 44 
2026/9/9 15:00:41.948 [RX] - 56 69 56 4F 74 65 63 68 32 00 02 23 02 33 31 DF EE 26 02 31 00 DF 81 16 0D 1E 04 00 00 00 00 00 00 00 00 00 00 00 DF 81 29 08 30 F0 F0 00 30 F0 FF 00 FF 81 06 31 DF 81 2A 18 33 33 30 30 30 33 33 33 30 30 30 32 32 32 32 32 30 30 30 31 31 31 31 30 DF 81 2B 07 90 00 99 00 00 00 0F DF 81 15 06 00 00 00 00 00 FF FF 81 05 82 01 1D 4F 07 A0 00 00 00 04 10 10 50 0A 4D 61 73 74 65 72 43 61 72 64 56 3E 42 35 34 31 33 31 32 33 34 35 36 37 38 34 38 30 30 5E 53 55 50 50 4C 49 45 44 2F 4E 4F 54 5E 31 39 30 36 31 30 31 33 33 33 39 33 33 33 33 30 30 30 32 32 32 32 32 34 38 32 31 31 31 31 38 82 02 00 00 84 07 A0 00 00 00 04 10 10 95 05 00 00 00 00 00 9A 03 70 01 02 9B 02 00 00 9C 01 00 9F 01 00 9F 02 06 00 00 00 00 00 01 9F 06 07 A0 00 00 00 04 10 10 9F 09 02 00 02 9F 11 01 01 9F 15 02 11 11 9F 16 00 9F 1A 02 08 40 9F 1C 00 9F 1D 08 6C FF 00 00 00 00 00 00 9F 1E 08 33 5A 30 30 31 30 35 35 9F 21 03 00 08 23 9F 2A 01 02 9F 33 03 00 00 08 9F 34 03 00 00 00 9F 35 01 22 9F 36 02 00 00 9F 37 04 82 3D 1F 27 9F 39 01 91 9F 40 05 00 00 00 00 00 9F 41 04 00 00 01 62 9F 4E 00 9F 66 02 0E 70 9F 6A 04 00 00 04 82 9F 6B 13 54 13 12 34 56 78 48 00 D1 90 61 01 90 00 99 48 28 66 8F 9F 6D 02 00 01 DF 81 0C 01 02 96 08 02 00 00 00 00 00 00 00 DF EE 4C 01 03 DF EC 1C 1E 08 03 00 03 FF 00 1E 04 00 00 00 00 81 29 08 30 F0 F0 00 30 00 00 00 00 00 00 00 00 FF 00 DF EF 17 3E 42 35 34 31 33 31 32 33 34 35 36 37 38 34 38 30 30 5E 53 55 50 50 4C 49 45 44 2F 4E 4F 54 5E 31 39 30 36 31 30 31 33 33 33 39 33 33 33 33 30 30 30 32 32 32 32 32 34 38 32 31 31 31 31 38 DF EF 18 25 35 34 31 33 31 32 33 34 35 36 37 38 34 38 30 30 3D 31 39 30 36 31 30 31 39 30 30 30 39 39 34 38 32 38 36 36 38 DF EF 4C 06 00 00 00 00 00 00 DF EF 4D 00 FF EE 08 04 DF EF 76 00 EF F9 00 00 00 00 00 00 00 00 00 00 00 00 00 00 00 00 00 00 00 00 00 00 00 00 00 00 00 00 00 00 00 00 00 00 00 00 00 00 00 00 00 00 00 00 00 00 00 00 00 00 00  

 Set config -- 0.11 =============================================================

2026/9/9 15:00:44.647 [TX] - 56 69 56 4F 74 65 63 68 32 00 04 03 00 3E DF EE 2D 01 8E DF EE 3B 04 00 BC 61 4E DF EE 3C 00 DF EE 3D 00 DF EF 25 00 DF ED 01 00 DF ED 02 05 00 00 00 00 00 DF ED 03 00 DF ED 04 01 01 DF ED 05 01 01 DF ED 06 01 00 DF ED 07 01 00 7E 43 
2026/9/9 15:00:44.693 [RX] - 56 69 56 4F 74 65 63 68 32 00 04 00 00 00 AE 16 00 00 00 00 00 00 00 00 00 00 00 00 00 00 00 00 00 00 00 00 00 00 00 00 00 00 00 00 00 00 00 00 00 00 00 00 00 00 00 00 00 00 00 00 00 00 00  

cmd 02-01: NA

 

 --- 02-40 case 0.11

2026/9/9 15:00:48.152 [TX] - 56 69 56 4F 74 65 63 68 32 00 02 40 00 1B 30 9F 02 06 00 00 00 00 00 01 9C 01 00 FF EE 08 0A DF EF 1A 01 09 DF ED 28 01 00 56 DA 
2026/9/9 15:00:49.654 [RX] - 56 69 56 4F 74 65 63 68 32 00 02 57 00 7E 21 DF EE 26 02 21 00 FF EE 08 66 DF EF 76 62 94 03 2F 61 73 76 94 01 06 69 04 02 71 79 79 71 54 03 1F 63 75 73 94 03 06 63 69 64 04 12 34 56 78 90 19 01 03 03 54 63 70 6C 00 65 6E 54 03 02 63 75 74 04 7B 54 03 27 61 73 76 94 01 05 69 05 01 F7 97 98 54 02 19 6C 79 94 03 09 6F 69 64 04 B9 11 87 FE 77 90 DF C7 54 01 06 6E 05 F3 24 23 42 34 9F 39 01 07 FF EE 01 05 DF EE 30 01 00 1B C9 00 00 00 00 00 00 00 00 00 00 00 00 00 00 00 00 00 00 00 00 00 00 00 00 00 00 00 00 00 00 00 00 00 00 00 00 00 00 00 00 00 00 00 00 00 00 00  

 Set config -- 0.12 =============================================================

2026/9/9 15:00:52.956 [TX] - 56 69 56 4F 74 65 63 68 32 00 04 03 00 3F DF EE 2D 01 8E DF EE 3B 04 00 BC 61 4E DF EE 3C 00 DF EE 3D 00 DF EF 25 00 DF ED 01 00 DF ED 02 05 00 00 00 00 04 DF ED 03 01 00 DF ED 04 01 01 DF ED 05 01 01 DF ED 06 01 00 DF ED 07 01 00 FD CD 
2026/9/9 15:00:52.999 [RX] - 56 69 56 4F 74 65 63 68 32 00 04 00 00 00 AE 16 00 00 00 00 00 00 00 00 00 00 00 00 00 00 00 00 00 00 00 00 00 00 00 00 00 00 00 00 00 00 00 00 00 00 00 00 00 00 00 00 00 00 00 00 00 00 00  

cmd 02-01: NA

 

 --- 02-40 case 0.12

2026/9/9 15:00:55.475 [TX] - 56 69 56 4F 74 65 63 68 32 00 02 40 00 1B 30 9F 02 06 00 00 00 00 00 01 9C 01 00 FF EE 08 0A DF EF 1A 01 01 DF ED 28 01 00 14 D7 
2026/9/9 15:00:56.807 [RX] - 56 69 56 4F 74 65 63 68 32 00 02 23 02 37 31 DF EE 26 02 31 00 DF 81 16 0D 1E 04 00 00 00 00 00 00 00 00 00 00 00 DF 81 29 08 30 F0 F0 00 30 F0 FF 00 FF 81 06 31 DF 81 2A 18 33 33 30 30 30 33 33 33 30 30 30 32 32 32 32 32 30 30 30 31 31 31 31 30 DF 81 2B 07 90 00 99 00 00 00 0F DF 81 15 06 00 00 00 00 00 FF FF 81 05 82 01 1D 4F 07 A0 00 00 00 04 10 10 50 0A 4D 61 73 74 65 72 43 61 72 64 56 3E 42 35 34 31 33 31 32 33 34 35 36 37 38 34 38 30 30 5E 53 55 50 50 4C 49 45 44 2F 4E 4F 54 5E 31 39 30 36 31 30 31 33 33 31 30 34 33 33 33 30 30 30 32 32 32 32 32 33 32 36 31 31 31 31 38 82 02 00 00 84 07 A0 00 00 00 04 10 10 95 05 00 00 00 00 00 9A 03 70 01 02 9B 02 00 00 9C 01 00 9F 01 00 9F 02 06 00 00 00 00 00 01 9F 06 07 A0 00 00 00 04 10 10 9F 09 02 00 02 9F 11 01 01 9F 15 02 11 11 9F 16 00 9F 1A 02 08 40 9F 1C 00 9F 1D 08 6C FF 00 00 00 00 00 00 9F 1E 08 33 5A 30 30 31 30 35 35 9F 21 03 00 08 38 9F 2A 01 02 9F 33 03 00 00 08 9F 34 03 00 00 00 9F 35 01 22 9F 36 02 00 00 9F 37 04 94 C7 01 0C 9F 39 01 91 9F 40 05 00 00 00 00 00 9F 41 04 00 00 01 63 9F 4E 00 9F 66 02 0E 70 9F 6A 04 00 00 03 26 9F 6B 13 54 13 12 34 56 78 48 00 D1 90 61 01 90 00 99 32 63 52 8F 9F 6D 02 00 01 DF 81 0C 01 02 96 08 02 00 00 00 00 00 00 00 DF EE 4C 01 03 DF EC 1C 1E 08 03 00 03 FF 00 1E 04 00 00 00 00 81 29 08 30 F0 F0 00 30 00 00 00 00 00 00 00 00 FF 00 DF EF 17 3E 42 35 34 31 33 31 32 33 34 35 36 37 38 34 38 30 30 5E 53 55 50 50 4C 49 45 44 2F 4E 4F 54 5E 31 39 30 36 31 30 31 33 33 31 30 34 33 33 33 30 30 30 32 32 32 32 32 33 32 36 31 31 31 31 38 DF EF 18 25 35 34 31 33 31 32 33 34 35 36 37 38 34 38 30 30 3D 31 39 30 36 31 30 31 39 30 30 30 39 39 33 32 36 33 35 32 38 DF EF 4C 06 00 00 00 00 00 00 DF EF 4D 00 FF EE 08 08 DF EE 02 04 20 6A 82 02 1D ED 00 00 00 00 00 00 00 00 00 00 00 00 00 00 00 00 00 00 00 00 00 00 00 00 00 00 00 00 00 00 00 00 00 00 00 00 00 00 00 00 00 00 00 00 00 00 00  

 Set config -- 0.13 =============================================================

2026/9/9 15:01:03.258 [TX] - 56 69 56 4F 74 65 63 68 32 00 04 03 00 3F DF EE 2D 01 8E DF EE 3B 04 00 BC 61 4E DF EE 3C 00 DF EE 3D 00 DF EF 25 00 DF ED 01 00 DF ED 02 05 00 00 00 00 08 DF ED 03 01 00 DF ED 04 01 01 DF ED 05 01 01 DF ED 06 01 00 DF ED 07 01 00 96 6F 
2026/9/9 15:01:03.303 [RX] - 56 69 56 4F 74 65 63 68 32 00 04 00 00 00 AE 16 00 00 00 00 00 00 00 00 00 00 00 00 00 00 00 00 00 00 00 00 00 00 00 00 00 00 00 00 00 00 00 00 00 00 00 00 00 00 00 00 00 00 00 00 00 00 00  

cmd 02-01: NA

 

 --- 02-40 case 0.13

2026/9/9 15:01:06.598 [TX] - 56 69 56 4F 74 65 63 68 32 00 02 40 00 1B 30 9F 02 06 00 00 00 00 00 01 9C 01 00 FF EE 08 0A DF EF 1A 01 00 DF ED 28 01 00 B4 92 
2026/9/9 15:01:07.746 [RX] - 56 69 56 4F 74 65 63 68 32 00 02 57 00 7F 21 DF EE 26 02 21 00 FF EE 08 67 DF EF 76 63 94 03 2F 61 73 76 94 01 06 69 04 02 71 79 79 71 54 03 1F 63 75 73 94 03 06 63 69 64 04 12 34 56 78 90 19 01 03 03 54 63 70 6C 00 65 6E 54 03 02 63 75 74 04 7B 54 03 28 61 73 76 94 01 06 69 05 01 12 34 56 78 54 02 19 6C 79 94 03 09 6F 69 64 04 2A F3 79 D5 CC CB 99 AF 54 01 06 6E 05 F3 24 23 42 34 9F 39 01 07 FF EE 01 05 DF EE 30 01 00 24 D3 00 00 00 00 00 00 00 00 00 00 00 00 00 00 00 00 00 00 00 00 00 00 00 00 00 00 00 00 00 00 00 00 00 00 00 00 00 00 00 00 00 00 00 00 00 00  

 Set config -- 0.14 =============================================================

2026/9/9 15:01:10.815 [TX] - 56 69 56 4F 74 65 63 68 32 00 04 03 00 3F DF EE 2D 01 8E DF EE 3B 04 00 BC 61 4E DF EE 3C 00 DF EE 3D 00 DF EF 25 00 DF ED 01 00 DF ED 02 05 00 00 00 00 08 DF ED 03 01 00 DF ED 04 01 01 DF ED 05 01 01 DF ED 06 01 00 DF ED 07 01 00 96 6F 
2026/9/9 15:01:10.867 [RX] - 56 69 56 4F 74 65 63 68 32 00 04 00 00 00 AE 16 00 00 00 00 00 00 00 00 00 00 00 00 00 00 00 00 00 00 00 00 00 00 00 00 00 00 00 00 00 00 00 00 00 00 00 00 00 00 00 00 00 00 00 00 00 00 00  

cmd 02-01: NA

 

 --- 02-40 case 0.14

2026/9/9 15:01:46.835 [TX] - 56 69 56 4F 74 65 63 68 32 00 02 40 00 1B 30 9F 02 06 00 00 00 00 00 01 9C 01 00 FF EE 08 0A DF EF 1A 01 08 DF ED 28 01 00 F6 9F 
2026/9/9 15:01:48.182 [RX] - 56 69 56 4F 74 65 63 68 32 00 02 57 00 7E 21 DF EE 26 02 21 00 FF EE 08 66 DF EF 76 62 94 03 2F 61 73 76 94 01 06 69 04 02 71 79 79 71 54 03 1F 63 75 73 94 03 06 63 69 64 04 12 34 56 78 90 19 01 03 03 54 63 70 6C 00 65 6E 54 03 02 63 75 74 04 7B 54 03 27 61 73 76 94 01 05 69 05 01 F7 97 98 54 02 19 6C 79 94 03 09 6F 69 64 04 30 70 F9 51 74 BE AE 81 54 01 06 6E 05 F3 24 23 42 34 9F 39 01 07 FF EE 01 05 DF EE 30 01 00 21 FE 00 00 00 00 00 00 00 00 00 00 00 00 00 00 00 00 00 00 00 00 00 00 00 00 00 00 00 00 00 00 00 00 00 00 00 00 00 00 00 00 00 00 00 00 00 00 00  

 Set config -- 0.15 =============================================================

2026/9/9 15:01:51.266 [TX] - 56 69 56 4F 74 65 63 68 32 00 04 03 00 3F DF EE 2D 01 8E DF EE 3B 04 00 BC 61 4E DF EE 3C 00 DF EE 3D 00 DF EF 25 00 DF ED 01 00 DF ED 02 05 00 00 00 00 08 DF ED 03 01 00 DF ED 04 01 01 DF ED 05 01 01 DF ED 06 01 00 DF ED 07 01 00 96 6F 
2026/9/9 15:01:51.315 [RX] - 56 69 56 4F 74 65 63 68 32 00 04 00 00 00 AE 16 00 00 00 00 00 00 00 00 00 00 00 00 00 00 00 00 00 00 00 00 00 00 00 00 00 00 00 00 00 00 00 00 00 00 00 00 00 00 00 00 00 00 00 00 00 00 00  

cmd 02-01: NA

 

 --- 02-40 case 0.15

2026/9/9 15:01:54.835 [TX] - 56 69 56 4F 74 65 63 68 32 00 02 40 00 1B 30 9F 02 06 00 00 00 00 00 01 9C 01 00 FF EE 08 0A DF EF 1A 01 00 DF ED 28 01 00 B4 92 
2026/9/9 15:01:56.282 [RX] - 56 69 56 4F 74 65 63 68 32 00 02 23 02 68 31 DF EE 26 02 31 00 DF 81 16 0D 1E 04 00 00 00 00 00 00 00 00 00 00 00 DF 81 29 08 30 F0 F0 00 30 F0 FF 00 FF 81 06 31 DF 81 2A 18 33 33 30 30 30 33 33 33 30 30 30 32 32 32 32 32 30 30 30 31 31 31 31 30 DF 81 2B 07 90 00 99 00 00 00 0F DF 81 15 06 00 00 00 00 00 FF FF 81 05 82 01 1D 4F 07 A0 00 00 00 04 10 10 50 0A 4D 61 73 74 65 72 43 61 72 64 56 3E 42 35 34 31 33 31 32 33 34 35 36 37 38 34 38 30 30 5E 53 55 50 50 4C 49 45 44 2F 4E 4F 54 5E 31 39 30 36 31 30 31 33 33 36 34 37 33 33 33 30 30 30 32 32 32 32 32 33 38 37 31 31 31 31 38 82 02 00 00 84 07 A0 00 00 00 04 10 10 95 05 00 00 00 00 00 9A 03 70 01 02 9B 02 00 00 9C 01 00 9F 01 00 9F 02 06 00 00 00 00 00 01 9F 06 07 A0 00 00 00 04 10 10 9F 09 02 00 02 9F 11 01 01 9F 15 02 11 11 9F 16 00 9F 1A 02 08 40 9F 1C 00 9F 1D 08 6C FF 00 00 00 00 00 00 9F 1E 08 33 5A 30 30 31 30 35 35 9F 21 03 00 09 37 9F 2A 01 02 9F 33 03 00 00 08 9F 34 03 00 00 00 9F 35 01 22 9F 36 02 00 00 9F 37 04 9D 94 70 D8 9F 39 01 91 9F 40 05 00 00 00 00 00 9F 41 04 00 00 01 64 9F 4E 00 9F 66 02 0E 70 9F 6A 04 00 00 03 87 9F 6B 13 54 13 12 34 56 78 48 00 D1 90 61 01 90 00 99 38 71 28 8F 9F 6D 02 00 01 DF 81 0C 01 02 96 08 02 00 00 00 00 00 00 00 DF EE 4C 01 03 DF EC 1C 1E 08 03 00 03 FF 00 1E 04 00 00 00 00 81 29 08 30 F0 F0 00 30 00 00 00 00 00 00 00 00 FF 00 DF EF 17 3E 42 35 34 31 33 31 32 33 34 35 36 37 38 34 38 30 30 5E 53 55 50 50 4C 49 45 44 2F 4E 4F 54 5E 31 39 30 36 31 30 31 33 33 36 34 37 33 33 33 30 30 30 32 32 32 32 32 33 38 37 31 31 31 31 38 DF EF 18 25 35 34 31 33 31 32 33 34 35 36 37 38 34 38 30 30 3D 31 39 30 36 31 30 31 39 30 30 30 39 39 33 38 37 31 32 38 38 DF EF 4C 06 00 00 00 00 00 00 DF EF 4D 00 FF EE 08 39 DF EF 76 35 D4 03 2F 61 73 76 94 01 06 69 04 02 71 79 79 71 54 03 1F 63 75 73 94 03 06 63 69 64 04 12 34 56 78 90 19 01 03 03 54 63 70 6C 00 65 6E 54 03 02 63 75 74 04 7B 11 9B 00 00 00 00 00 00 00 00 00 00 00 00 00 00 00 00 00 00 00 00 00 00 00 00 00 00 00 00 00 00 00 00 00 00 00 00 00 00 00 00 00 00 00 00 00 00 00 00 00 00 00 00 00 00 00 00 00 00 00 00 00  

 Set config -- 0.16 =============================================================

2026/9/9 15:01:59.078 [TX] - 56 69 56 4F 74 65 63 68 32 00 04 03 00 3F DF EE 2D 01 8E DF EE 3B 04 00 BC 61 4E DF EE 3C 00 DF EE 3D 00 DF EF 25 00 DF ED 01 00 DF ED 02 05 00 00 00 00 08 DF ED 03 01 00 DF ED 04 01 01 DF ED 05 01 01 DF ED 06 01 00 DF ED 07 01 00 96 6F 
2026/9/9 15:01:59.125 [RX] - 56 69 56 4F 74 65 63 68 32 00 04 00 00 00 AE 16 00 00 00 00 00 00 00 00 00 00 00 00 00 00 00 00 00 00 00 00 00 00 00 00 00 00 00 00 00 00 00 00 00 00 00 00 00 00 00 00 00 00 00 00 00 00 00  

cmd 02-01: NA

 

 --- 02-40 case 0.16

2026/9/9 15:02:03.479 [TX] - 56 69 56 4F 74 65 63 68 32 00 02 40 00 1B 30 9F 02 06 00 00 00 00 00 01 9C 01 00 FF EE 08 0A DF EF 1A 01 08 DF ED 28 01 00 F6 9F 
2026/9/9 15:02:05.168 [RX] - 56 69 56 4F 74 65 63 68 32 00 02 23 02 68 31 DF EE 26 02 31 00 DF 81 16 0D 1E 04 00 00 00 00 00 00 00 00 00 00 00 DF 81 29 08 30 F0 F0 00 30 F0 FF 00 FF 81 06 31 DF 81 2A 18 33 33 30 30 30 33 33 33 30 30 30 32 32 32 32 32 30 30 30 31 31 31 31 30 DF 81 2B 07 90 00 99 00 00 00 0F DF 81 15 06 00 00 00 00 00 FF FF 81 05 82 01 1D 4F 07 A0 00 00 00 04 10 10 50 0A 4D 61 73 74 65 72 43 61 72 64 56 3E 42 35 34 31 33 31 32 33 34 35 36 37 38 34 38 30 30 5E 53 55 50 50 4C 49 45 44 2F 4E 4F 54 5E 31 39 30 36 31 30 31 33 33 31 39 31 33 33 33 30 30 30 32 32 32 32 32 30 31 32 31 31 31 31 38 82 02 00 00 84 07 A0 00 00 00 04 10 10 95 05 00 00 00 00 00 9A 03 70 01 02 9B 02 00 00 9C 01 00 9F 01 00 9F 02 06 00 00 00 00 00 01 9F 06 07 A0 00 00 00 04 10 10 9F 09 02 00 02 9F 11 01 01 9F 15 02 11 11 9F 16 00 9F 1A 02 08 40 9F 1C 00 9F 1D 08 6C FF 00 00 00 00 00 00 9F 1E 08 33 5A 30 30 31 30 35 35 9F 21 03 00 09 46 9F 2A 01 02 9F 33 03 00 00 08 9F 34 03 00 00 00 9F 35 01 22 9F 36 02 00 00 9F 37 04 B6 79 92 4D 9F 39 01 91 9F 40 05 00 00 00 00 00 9F 41 04 00 00 01 65 9F 4E 00 9F 66 02 0E 70 9F 6A 04 00 00 00 12 9F 6B 13 54 13 12 34 56 78 48 00 D1 90 61 01 90 00 99 01 25 37 8F 9F 6D 02 00 01 DF 81 0C 01 02 96 08 02 00 00 00 00 00 00 00 DF EE 4C 01 03 DF EC 1C 1E 08 03 00 03 FF 00 1E 04 00 00 00 00 81 29 08 30 F0 F0 00 30 00 00 00 00 00 00 00 00 FF 00 DF EF 17 3E 42 35 34 31 33 31 32 33 34 35 36 37 38 34 38 30 30 5E 53 55 50 50 4C 49 45 44 2F 4E 4F 54 5E 31 39 30 36 31 30 31 33 33 31 39 31 33 33 33 30 30 30 32 32 32 32 32 30 31 32 31 31 31 31 38 DF EF 18 25 35 34 31 33 31 32 33 34 35 36 37 38 34 38 30 30 3D 31 39 30 36 31 30 31 39 30 30 30 39 39 30 31 32 35 33 37 38 DF EF 4C 06 00 00 00 00 00 00 DF EF 4D 00 FF EE 08 39 DF EF 76 35 D4 03 2F 61 73 76 94 01 06 69 04 02 71 79 79 71 54 03 1F 63 75 73 94 03 06 63 69 64 04 12 34 56 78 90 19 01 03 03 54 63 70 6C 00 65 6E 54 03 02 63 75 74 04 7B A4 EC 00 00 00 00 00 00 00 00 00 00 00 00 00 00 00 00 00 00 00 00 00 00 00 00 00 00 00 00 00 00 00 00 00 00 00 00 00 00 00 00 00 00 00 00 00 00 00 00 00 00 00 00 00 00 00 00 00 00 00 00 00  

 Set config -- 0.17 =============================================================

2026/9/9 15:02:07.639 [TX] - 56 69 56 4F 74 65 63 68 32 00 04 03 00 3E DF EE 2D 01 8E DF EE 3B 04 00 BC 61 4E DF EE 3C 00 DF EE 3D 00 DF EF 25 00 DF ED 01 00 DF ED 02 05 00 00 00 00 00 DF ED 03 00 DF ED 04 01 01 DF ED 05 01 01 DF ED 06 01 00 DF ED 07 01 00 7E 43 
2026/9/9 15:02:07.719 [RX] - 56 69 56 4F 74 65 63 68 32 00 04 00 00 00 AE 16 00 00 00 00 00 00 00 00 00 00 00 00 00 00 00 00 00 00 00 00 00 00 00 00 00 00 00 00 00 00 00 00 00 00 00 00 00 00 00 00 00 00 00 00 00 00 00  

cmd 02-01: NA

 

 --- 02-40 case 0.17

2026/9/9 15:02:11.366 [TX] - 56 69 56 4F 74 65 63 68 32 00 02 40 00 1B 30 9F 02 06 00 00 00 00 00 01 9C 01 00 FF EE 08 0A DF EF 1A 01 08 DF ED 28 01 00 F6 9F 
2026/9/9 15:02:12.911 [RX] - 56 69 56 4F 74 65 63 68 32 00 02 57 00 51 21 DF EE 26 02 21 00 FF EE 08 39 DF EF 76 35 D4 03 2F 61 73 76 94 01 06 69 04 02 71 79 79 71 54 03 1F 63 75 73 94 03 06 63 69 64 04 12 34 56 78 90 19 01 03 03 54 63 70 6C 00 65 6E 54 03 02 63 75 74 04 7B 9F 39 01 07 FF EE 01 05 DF EE 30 01 00 D6 BD 00 00 00 00 00 00 00 00 00 00 00 00 00 00 00 00 00 00 00 00 00 00 00 00 00 00 00 00 00  

 Set config -- 0.18 =============================================================

2026/9/9 15:02:16.038 [TX] - 56 69 56 4F 74 65 63 68 32 00 04 03 00 3F DF EE 2D 01 8E DF EE 3B 04 00 BC 61 4E DF EE 3C 00 DF EE 3D 00 DF EF 25 00 DF ED 01 00 DF ED 02 05 00 00 00 00 04 DF ED 03 01 00 DF ED 04 01 01 DF ED 05 01 01 DF ED 06 01 00 DF ED 07 01 00 FD CD 
2026/9/9 15:02:16.084 [RX] - 56 69 56 4F 74 65 63 68 32 00 04 00 00 00 AE 16 00 00 00 00 00 00 00 00 00 00 00 00 00 00 00 00 00 00 00 00 00 00 00 00 00 00 00 00 00 00 00 00 00 00 00 00 00 00 00 00 00 00 00 00 00 00 00  

cmd 02-01: NA

 

 --- 02-40 case 0.18

2026/9/9 15:02:18.644 [TX] - 56 69 56 4F 74 65 63 68 32 00 02 40 00 1B 30 9F 02 06 00 00 00 00 00 01 9C 01 00 FF EE 08 0A DF EF 1A 01 09 DF ED 28 01 00 56 DA 
2026/9/9 15:02:20.095 [RX] - 56 69 56 4F 74 65 63 68 32 00 02 23 02 37 31 DF EE 26 02 31 00 DF 81 16 0D 1E 04 00 00 00 00 00 00 00 00 00 00 00 DF 81 29 08 30 F0 F0 00 30 F0 FF 00 FF 81 06 31 DF 81 2A 18 33 33 30 30 30 33 33 33 30 30 30 32 32 32 32 32 30 30 30 31 31 31 31 30 DF 81 2B 07 90 00 99 00 00 00 0F DF 81 15 06 00 00 00 00 00 FF FF 81 05 82 01 1D 4F 07 A0 00 00 00 04 10 10 50 0A 4D 61 73 74 65 72 43 61 72 64 56 3E 42 35 34 31 33 31 32 33 34 35 36 37 38 34 38 30 30 5E 53 55 50 50 4C 49 45 44 2F 4E 4F 54 5E 31 39 30 36 31 30 31 33 33 32 37 33 33 33 33 30 30 30 32 32 32 32 32 34 38 35 31 31 31 31 38 82 02 00 00 84 07 A0 00 00 00 04 10 10 95 05 00 00 00 00 00 9A 03 70 01 02 9B 02 00 00 9C 01 00 9F 01 00 9F 02 06 00 00 00 00 00 01 9F 06 07 A0 00 00 00 04 10 10 9F 09 02 00 02 9F 11 01 01 9F 15 02 11 11 9F 16 00 9F 1A 02 08 40 9F 1C 00 9F 1D 08 6C FF 00 00 00 00 00 00 9F 1E 08 33 5A 30 30 31 30 35 35 9F 21 03 00 10 00 9F 2A 01 02 9F 33 03 00 00 08 9F 34 03 00 00 00 9F 35 01 22 9F 36 02 00 00 9F 37 04 11 90 5F F6 9F 39 01 91 9F 40 05 00 00 00 00 00 9F 41 04 00 00 01 66 9F 4E 00 9F 66 02 0E 70 9F 6A 04 00 00 04 85 9F 6B 13 54 13 12 34 56 78 48 00 D1 90 61 01 90 00 99 48 54 89 8F 9F 6D 02 00 01 DF 81 0C 01 02 96 08 02 00 00 00 00 00 00 00 DF EE 4C 01 03 DF EC 1C 1E 08 03 00 03 FF 00 1E 04 00 00 00 00 81 29 08 30 F0 F0 00 30 00 00 00 00 00 00 00 00 FF 00 DF EF 17 3E 42 35 34 31 33 31 32 33 34 35 36 37 38 34 38 30 30 5E 53 55 50 50 4C 49 45 44 2F 4E 4F 54 5E 31 39 30 36 31 30 31 33 33 32 37 33 33 33 33 30 30 30 32 32 32 32 32 34 38 35 31 31 31 31 38 DF EF 18 25 35 34 31 33 31 32 33 34 35 36 37 38 34 38 30 30 3D 31 39 30 36 31 30 31 39 30 30 30 39 39 34 38 35 34 38 39 38 DF EF 4C 06 00 00 00 00 00 00 DF EF 4D 00 FF EE 08 08 DF EE 02 04 20 6A 82 02 38 F6 00 00 00 00 00 00 00 00 00 00 00 00 00 00 00 00 00 00 00 00 00 00 00 00 00 00 00 00 00 00 00 00 00 00 00 00 00 00 00 00 00 00 00 00 00 00 00  

 --- 02-40, swipe card

2026/9/9 15:02:27.534 [TX] - 56 69 56 4F 74 65 63 68 32 00 02 40 00 15 78 9F 02 06 00 00 00 00 01 00 9A 03 07 11 21 9F 21 03 10 15 20 44 44 
2026/9/9 15:02:29.319 [RX] - 56 69 56 4F 74 65 63 68 32 00 02 00 01 39 28 DF EE 25 02 00 11 DF EE 23 81 F9 02 F3 00 83 3F 4F 28 6B 87 00 25 54 52 41 43 4B 31 37 36 37 36 37 36 30 37 30 37 30 37 37 36 37 36 37 36 30 37 30 37 30 37 37 36 37 36 37 36 30 37 30 37 30 37 37 36 37 36 37 36 30 37 30 37 30 37 37 36 37 36 37 36 30 37 30 37 30 37 37 36 37 36 37 36 30 37 30 37 3F 43 3B 32 31 32 31 32 31 32 31 32 31 37 36 37 36 37 36 30 37 30 37 30 37 37 36 37 36 37 36 37 36 32 31 32 31 32 31 32 3F 30 3B 33 33 33 33 33 33 33 33 33 33 37 36 37 36 37 36 30 37 30 37 30 37 37 36 37 36 37 36 33 33 33 33 33 33 33 33 33 33 37 36 37 36 37 36 30 37 30 37 30 37 37 36 37 36 37 36 33 33 33 33 33 33 33 33 33 33 37 36 37 36 37 36 30 37 30 37 30 37 37 36 37 36 37 36 33 33 33 33 33 33 33 33 33 33 37 36 37 36 37 36 30 37 30 37 3F 32 36 33 33 5A 30 30 31 30 35 35 4A 40 03 9F 39 01 90 FF EE 01 05 DF EE 30 01 0C DF EE 26 02 28 00 9F 02 06 00 00 00 00 01 00 9F 03 06 00 00 00 00 00 00 DF 5B 01 05 9A 03 70 01 02 9F 21 03 00 10 10 70 36 00 00 00 00 00 00 00 00 00 00 00 00 00 00 00 00 00 00 00 00 00 00 00 00 00 00 00 00 00 00 00 00 00 00 00 00 00 00 00 00 00 00 00 00 00 00 00 00 00  

 ---------- END OF TEST ----------

 Result = PASSED


Docklight Log File (HEX) - Stopped 2026/9/9 15:02:29.941 

