Docklight Log File (HEX) - Started 2026/9/30 15:19:18.649 
 TEST CASE: ULTR101

 --- Set POS COM PORT Settings
 Set POS COM PORT...
 POS operating on COM90 @ 115200 baud...
 Set POS COM PORT - COMPLETE

 

 --- 60-16 Contact Set ICS Identification = 02

2026/9/30 15:19:21.774 [TX] - 56 69 56 4F 74 65 63 68 32 00 60 16 00 01 02 FD B3 
2026/9/30 15:19:21.786 [RX] - 56 69 56 4F 74 65 63 68 32 00 60 00 00 00 3D 35 00 00 00 00 00 00 00 00 00 00 00 00 00 00 00 00 00 00 00 00 00 00 00 00 00 00 00 00 00 00 00 00 00 00 00 00 00 00 00 00 00 00 00 00 00 00 00  

 --- 60-06 Contact Set Terminal Data: 2C

2026/9/30 15:19:21.996 [TX] - 56 69 56 4F 74 65 63 68 32 00 60 06 00 C8 18 00 5F 36 01 02 9F 1A 02 08 40 9F 35 01 21 9F 33 03 60 28 C8 9F 40 05 F0 00 F0 A0 01 9F 1E 08 54 65 72 6D 69 6E 61 6C 9F 15 02 12 34 9F 16 0F 30 30 30 30 30 30 30 30 30 30 30 30 30 30 30 9F 1C 08 38 37 36 35 34 33 32 31 9F 4E 22 31 30 37 32 31 20 57 61 6C 6B 65 72 20 53 74 2E 20 43 79 70 72 65 73 73 2C 20 43 41 20 2C 55 53 41 2E DF 26 01 01 DF 10 08 65 6E 66 72 65 73 7A 68 DF 11 01 00 DF 27 01 00 DF EE 15 01 01 DF EE 16 01 00 DF EE 17 01 05 DF EE 18 01 80 DF EE 1E 08 D0 DC 20 D0 C4 1E 16 00 DF EE 1F 01 80 DF EE 1B 08 30 30 30 31 35 31 30 30 DF EE 20 01 3C DF EE 21 01 0A DF EE 22 03 32 3C 3C 41 C3 
2026/9/30 15:19:22.014 [RX] - 56 69 56 4F 74 65 63 68 32 00 60 00 00 00 3D 35 00 00 00 00 00 00 00 00 00 00 00 00 00 00 00 00 00 00 00 00 00 00 00 00 00 00 00 00 00 00 00 00 00 00 00 00 00 00 00 00 00 00 00 00 00 00 00  

 --- 60-03 Contact Set Application Data (VISA)

2026/9/30 15:19:22.217 [TX] - 56 69 56 4F 74 65 63 68 32 00 60 03 00 65 07 00 A0 00 00 00 03 10 10 0F 00 9F 01 06 56 49 53 41 30 30 5F 57 01 00 5F 2A 02 08 40 9F 09 02 00 96 5F 36 01 02 9F 1B 04 00 00 3A 98 DF 25 03 9F 37 04 DF 28 03 9F 08 02 DF EE 15 01 01 DF 13 05 00 00 00 00 00 DF 14 05 00 00 00 00 00 DF 15 05 00 00 00 00 00 DF 18 01 00 DF 17 04 00 00 27 10 DF 19 01 00 97 F3 
2026/9/30 15:19:22.233 [RX] - 56 69 56 4F 74 65 63 68 32 00 60 00 00 00 3D 35 00 00 00 00 00 00 00 00 00 00 00 00 00 00 00 00 00 00 00 00 00 00 00 00 00 00 00 00 00 00 00 00 00 00 00 00 00 00 00 00 00 00 00 00 00 00 00 
2026/9/30 15:19:22.429 [TX] - 56 69 56 4F 74 65 63 68 32 00 2C 01 00 01 00 0D 38 
2026/9/30 15:19:22.444 [RX] - 56 69 56 4F 74 65 63 68 32 00 2C 0C 00 00 69 FA 00 00 00 00 00 00 00 00 00 00 00 00 00 00 00 00 00 00 00 00 00 00 00 00 00 00 00 00 00 00 00 00 00 00 00 00 00 00 00 00 00 00 00 00 00 00 00 
2026/9/30 15:19:22.646 [TX] - 56 69 56 4F 74 65 63 68 32 00 04 00 00 05 DF EE 7C 01 01 60 21 
2026/9/30 15:19:22.683 [RX] - 56 69 56 4F 74 65 63 68 32 00 04 00 00 00 AE 16 00 00 00 00 00 00 00 00 00 00 00 00 00 00 00 00 00 00 00 00 00 00 00 00 00 00 00 00 00 00 00 00 00 00 00 00 00 00 00 00 00 00 00 00 00 00 00  

 --- cmd 02-01 ==================================================================

2026/9/30 15:19:24.995 [TX] - 56 69 56 4F 74 65 63 68 32 00 02 01 00 0D 1E 9C 01 00 9F 02 06 00 00 00 00 15 00 E0 0C 
2026/9/30 15:19:25.133 [RX] - 56 69 56 4F 74 65 63 68 32 00 02 50 00 1F 21 DF EE 26 02 21 00 DF EE 02 04 27 90 00 00 DF EC 0F 0C 02 44 00 00 07 04 2B 6E 9A 67 34 80 38 BA 00 00 00 00 00 00 00 00 00 00 00 00 00 00 00 00  

 ---------- READ ALL BLOCKS ----------
 
--- Read Block #0 ---

2026/9/30 15:19:25.488 [TX] - 56 69 56 4F 74 65 63 68 32 00 2C 07 00 02 41 00 43 85 
2026/9/30 15:19:25.502 [RX] - 56 69 56 4F 74 65 63 68 32 00 2C 00 00 10  Read Block OK

2026/9/30 15:19:25.502 [RX] - 04 2B 6E C9 9A 67 34 80 49 48 11 11 11 11 11 11 9F 2F 00 00 00 00 00 00 00 00 00 00 00 00 00 00 00 00 00 00 00 00 00 00 00 00 00 00 00 00 00 00 00  Result = PASSED
 
--- Read Block #1 ---

2026/9/30 15:19:25.629 [TX] - 56 69 56 4F 74 65 63 68 32 00 2C 07 00 02 41 01 53 A4 
2026/9/30 15:19:25.644 [RX] - 56 69 56 4F 74 65 63 68 32 00 2C 00 00 10  Read Block OK

2026/9/30 15:19:25.644 [RX] - 9A 67 34 80 49 48 11 11 11 11 11 11 02 00 00 10 4F 47 00 00 00 00 00 00 00 00 00 00 00 00 00 00 00 00 00 00 00 00 00 00 00 00 00 00 00 00 00 00 00  Result = PASSED
 
--- Read Block #2 ---

2026/9/30 15:19:25.771 [TX] - 56 69 56 4F 74 65 63 68 32 00 2C 07 00 02 41 02 63 C7 
2026/9/30 15:19:25.785 [RX] - 56 69 56 4F 74 65 63 68 32 00 2C 00 00 10  Read Block OK

2026/9/30 15:19:25.785 [RX] - 49 48 11 11 11 11 11 11 02 00 00 10 00 00 00 00 D5 83 00 00 00 00 00 00 00 00 00 00 00 00 00 00 00 00 00 00 00 00 00 00 00 00 00 00 00 00 00 00 00  Result = PASSED
 
--- Read Block #3 ---

2026/9/30 15:19:25.911 [TX] - 56 69 56 4F 74 65 63 68 32 00 2C 07 00 02 41 03 73 E6 
2026/9/30 15:19:25.926 [RX] - 56 69 56 4F 74 65 63 68 32 00 2C 00 00 10  Read Block OK

2026/9/30 15:19:25.926 [RX] - 11 11 11 11 02 00 00 10 00 00 00 00 00 00 00 00 A2 A9 00 00 00 00 00 00 00 00 00 00 00 00 00 00 00 00 00 00 00 00 00 00 00 00 00 00 00 00 00 00 00  Result = PASSED
 
--- Read Block #4 ---

2026/9/30 15:19:26.053 [TX] - 56 69 56 4F 74 65 63 68 32 00 2C 07 00 02 41 04 03 01 
2026/9/30 15:19:26.068 [RX] - 56 69 56 4F 74 65 63 68 32 00 2C 00 00 10  Read Block OK

2026/9/30 15:19:26.068 [RX] - 02 00 00 10 00 00 00 00 00 00 00 00 00 00 00 00 24 79 00 00 00 00 00 00 00 00 00 00 00 00 00 00 00 00 00 00 00 00 00 00 00 00 00 00 00 00 00 00 00  Result = PASSED
 
--- Read Block #5 ---

2026/9/30 15:19:26.193 [TX] - 56 69 56 4F 74 65 63 68 32 00 2C 07 00 02 41 05 13 20 
2026/9/30 15:19:26.208 [RX] - 56 69 56 4F 74 65 63 68 32 00 2C 00 00 10  Read Block OK

2026/9/30 15:19:26.208 [RX] - 00 00 00 00 00 00 00 00 00 00 00 00 00 00 00 00 72 A4 00 00 00 00 00 00 00 00 00 00 00 00 00 00 00 00 00 00 00 00 00 00 00 00 00 00 00 00 00 00 00  Result = PASSED
 
--- Read Block #6 ---

2026/9/30 15:19:26.335 [TX] - 56 69 56 4F 74 65 63 68 32 00 2C 07 00 02 41 06 23 43 
2026/9/30 15:19:26.349 [RX] - 56 69 56 4F 74 65 63 68 32 00 2C 00 00 10  Read Block OK

2026/9/30 15:19:26.349 [RX] - 00 00 00 00 00 00 00 00 00 00 00 00 00 00 00 00 72 A4 00 00 00 00 00 00 00 00 00 00 00 00 00 00 00 00 00 00 00 00 00 00 00 00 00 00 00 00 00 00 00  Result = PASSED
 
--- Read Block #7 ---

2026/9/30 15:19:26.476 [TX] - 56 69 56 4F 74 65 63 68 32 00 2C 07 00 02 41 07 33 62 
2026/9/30 15:19:26.491 [RX] - 56 69 56 4F 74 65 63 68 32 00 2C 00 00 10  Read Block OK

2026/9/30 15:19:26.491 [RX] - 00 00 00 00 00 00 00 00 00 00 00 00 00 00 00 00 72 A4 00 00 00 00 00 00 00 00 00 00 00 00 00 00 00 00 00 00 00 00 00 00 00 00 00 00 00 00 00 00 00  Result = PASSED
 
--- Read Block #8 ---

2026/9/30 15:19:26.615 [TX] - 56 69 56 4F 74 65 63 68 32 00 2C 07 00 02 41 08 C2 8D 
2026/9/30 15:19:26.630 [RX] - 56 69 56 4F 74 65 63 68 32 00 2C 00 00 10  Read Block OK

2026/9/30 15:19:26.630 [RX] - 00 00 00 00 00 00 00 00 00 00 00 00 00 00 00 00 72 A4 00 00 00 00 00 00 00 00 00 00 00 00 00 00 00 00 00 00 00 00 00 00 00 00 00 00 00 00 00 00 00  Result = PASSED
 
--- Read Block #9 ---

2026/9/30 15:19:26.757 [TX] - 56 69 56 4F 74 65 63 68 32 00 2C 07 00 02 41 09 D2 AC 
2026/9/30 15:19:26.771 [RX] - 56 69 56 4F 74 65 63 68 32 00 2C 00 00 10  Read Block OK

2026/9/30 15:19:26.771 [RX] - 00 00 00 00 00 00 00 00 00 00 00 00 00 00 00 00 72 A4 00 00 00 00 00 00 00 00 00 00 00 00 00 00 00 00 00 00 00 00 00 00 00 00 00 00 00 00 00 00 00  Result = PASSED
 
--- Read Block #10 ---

2026/9/30 15:19:26.911 [TX] - 56 69 56 4F 74 65 63 68 32 00 2C 07 00 02 41 0A E2 CF 
2026/9/30 15:19:26.925 [RX] - 56 69 56 4F 74 65 63 68 32 00 2C 00 00 10  Read Block OK

2026/9/30 15:19:26.925 [RX] - 00 00 00 00 00 00 00 00 00 00 00 00 00 00 00 00 72 A4 00 00 00 00 00 00 00 00 00 00 00 00 00 00 00 00 00 00 00 00 00 00 00 00 00 00 00 00 00 00 00  Result = PASSED
 
--- Read Block #11 ---

2026/9/30 15:19:27.051 [TX] - 56 69 56 4F 74 65 63 68 32 00 2C 07 00 02 41 0B F2 EE 
2026/9/30 15:19:27.066 [RX] - 56 69 56 4F 74 65 63 68 32 00 2C 00 00 10  Read Block OK

2026/9/30 15:19:27.066 [RX] - 00 00 00 00 00 00 00 00 00 00 00 00 00 00 00 00 72 A4 00 00 00 00 00 00 00 00 00 00 00 00 00 00 00 00 00 00 00 00 00 00 00 00 00 00 00 00 00 00 00  Result = PASSED
 
--- Read Block #12 ---

2026/9/30 15:19:27.193 [TX] - 56 69 56 4F 74 65 63 68 32 00 2C 07 00 02 41 0C 82 09 
2026/9/30 15:19:27.208 [RX] - 56 69 56 4F 74 65 63 68 32 00 2C 00 00 10  Read Block OK

2026/9/30 15:19:27.208 [RX] - 00 00 00 00 00 00 00 00 00 00 00 00 00 00 00 00 72 A4 00 00 00 00 00 00 00 00 00 00 00 00 00 00 00 00 00 00 00 00 00 00 00 00 00 00 00 00 00 00 00  Result = PASSED
 
--- Read Block #13 ---

2026/9/30 15:19:27.333 [TX] - 56 69 56 4F 74 65 63 68 32 00 2C 07 00 02 41 0D 92 28 
2026/9/30 15:19:27.347 [RX] - 56 69 56 4F 74 65 63 68 32 00 2C 00 00 10  Read Block OK

2026/9/30 15:19:27.347 [RX] - 00 00 00 00 00 00 00 00 00 00 00 00 00 00 00 00 72 A4 00 00 00 00 00 00 00 00 00 00 00 00 00 00 00 00 00 00 00 00 00 00 00 00 00 00 00 00 00 00 00  Result = PASSED
 
--- Read Block #14 ---

2026/9/30 15:19:27.474 [TX] - 56 69 56 4F 74 65 63 68 32 00 2C 07 00 02 41 0E A2 4B 
2026/9/30 15:19:27.489 [RX] - 56 69 56 4F 74 65 63 68 32 00 2C 00 00 10  Read Block OK

2026/9/30 15:19:27.489 [RX] - 00 00 00 00 00 00 00 00 00 00 00 00 00 00 00 00 72 A4 00 00 00 00 00 00 00 00 00 00 00 00 00 00 00 00 00 00 00 00 00 00 00 00 00 00 00 00 00 00 00  Result = PASSED
 
--- Read Block #15 ---

2026/9/30 15:19:27.616 [TX] - 56 69 56 4F 74 65 63 68 32 00 2C 07 00 02 41 0F B2 6A 
2026/9/30 15:19:27.630 [RX] - 56 69 56 4F 74 65 63 68 32 00 2C 00 00 10  Read Block OK

2026/9/30 15:19:27.630 [RX] - 00 00 00 00 00 00 00 00 00 00 00 00 00 00 00 00 72 A4 00 00 00 00 00 00 00 00 00 00 00 00 00 00 00 00 00 00 00 00 00 00 00 00 00 00 00 00 00 00 00  Result = PASSED
 
--- Read Block #16 ---

2026/9/30 15:19:27.758 [TX] - 56 69 56 4F 74 65 63 68 32 00 2C 07 00 02 41 10 51 B4 
2026/9/30 15:19:27.772 [RX] - 56 69 56 4F 74 65 63 68 32 00 2C 00 00 10  Read Block OK

2026/9/30 15:19:27.772 [RX] - 00 00 00 00 00 00 00 00 00 00 00 00 00 00 00 00 72 A4 00 00 00 00 00 00 00 00 00 00 00 00 00 00 00 00 00 00 00 00 00 00 00 00 00 00 00 00 00 00 00  Result = PASSED
 
--- Read Block #17 ---

2026/9/30 15:19:27.898 [TX] - 56 69 56 4F 74 65 63 68 32 00 2C 07 00 02 41 11 41 95 
2026/9/30 15:19:27.913 [RX] - 56 69 56 4F 74 65 63 68 32 00 2C 00 00 10  Read Block OK

2026/9/30 15:19:27.913 [RX] - 00 00 00 00 00 00 00 00 00 00 00 00 00 00 00 00 72 A4 00 00 00 00 00 00 00 00 00 00 00 00 00 00 00 00 00 00 00 00 00 00 00 00 00 00 00 00 00 00 00  Result = PASSED
 
--- Read Block #18 ---

2026/9/30 15:19:28.040 [TX] - 56 69 56 4F 74 65 63 68 32 00 2C 07 00 02 41 12 71 F6 
2026/9/30 15:19:28.055 [RX] - 56 69 56 4F 74 65 63 68 32 00 2C 00 00 10  Read Block OK

2026/9/30 15:19:28.055 [RX] - 00 00 00 00 00 00 00 00 00 00 00 00 00 00 00 00 72 A4 00 00 00 00 00 00 00 00 00 00 00 00 00 00 00 00 00 00 00 00 00 00 00 00 00 00 00 00 00 00 00  Result = PASSED
 
--- Read Block #19 ---

2026/9/30 15:19:28.181 [TX] - 56 69 56 4F 74 65 63 68 32 00 2C 07 00 02 41 13 61 D7 
2026/9/30 15:19:28.196 [RX] - 56 69 56 4F 74 65 63 68 32 00 2C 00 00 10  Read Block OK

2026/9/30 15:19:28.196 [RX] - 00 00 00 00 00 00 00 00 00 00 00 00 00 00 00 00 72 A4 00 00 00 00 00 00 00 00 00 00 00 00 00 00 00 00 00 00 00 00 00 00 00 00 00 00 00 00 00 00 00  Result = PASSED
 
--- Read Block #20 ---

2026/9/30 15:19:28.323 [TX] - 56 69 56 4F 74 65 63 68 32 00 2C 07 00 02 41 14 11 30 
2026/9/30 15:19:28.338 [RX] - 56 69 56 4F 74 65 63 68 32 00 2C 00 00 10  Read Block OK

2026/9/30 15:19:28.338 [RX] - 00 00 00 00 00 00 00 00 00 00 00 00 00 00 00 00 72 A4 00 00 00 00 00 00 00 00 00 00 00 00 00 00 00 00 00 00 00 00 00 00 00 00 00 00 00 00 00 00 00  Result = PASSED
 
--- Read Block #21 ---

2026/9/30 15:19:28.464 [TX] - 56 69 56 4F 74 65 63 68 32 00 2C 07 00 02 41 15 01 11 
2026/9/30 15:19:28.478 [RX] - 56 69 56 4F 74 65 63 68 32 00 2C 00 00 10  Read Block OK

2026/9/30 15:19:28.478 [RX] - 00 00 00 00 00 00 00 00 00 00 00 00 00 00 00 00 72 A4 00 00 00 00 00 00 00 00 00 00 00 00 00 00 00 00 00 00 00 00 00 00 00 00 00 00 00 00 00 00 00  Result = PASSED
 
--- Read Block #22 ---

2026/9/30 15:19:28.624 [TX] - 56 69 56 4F 74 65 63 68 32 00 2C 07 00 02 41 16 31 72 
2026/9/30 15:19:28.633 [RX] - 56 69 56 4F 74 65 63 68 32 00 2C 00 00 10  Read Block OK

2026/9/30 15:19:28.633 [RX] - 00 00 00 00 00 00 00 00 00 00 00 00 00 00 00 00 72 A4 00 00 00 00 00 00 00 00 00 00 00 00 00 00 00 00 00 00 00 00 00 00 00 00 00 00 00 00 00 00 00  Result = PASSED
 
--- Read Block #23 ---

2026/9/30 15:19:28.758 [TX] - 56 69 56 4F 74 65 63 68 32 00 2C 07 00 02 41 17 21 53 
2026/9/30 15:19:28.772 [RX] - 56 69 56 4F 74 65 63 68 32 00 2C 00 00 10  Read Block OK

2026/9/30 15:19:28.772 [RX] - 00 00 00 00 00 00 00 00 00 00 00 00 00 00 00 00 72 A4 00 00 00 00 00 00 00 00 00 00 00 00 00 00 00 00 00 00 00 00 00 00 00 00 00 00 00 00 00 00 00  Result = PASSED
 
--- Read Block #24 ---

2026/9/30 15:19:28.897 [TX] - 56 69 56 4F 74 65 63 68 32 00 2C 07 00 02 41 18 D0 BC 
2026/9/30 15:19:28.912 [RX] - 56 69 56 4F 74 65 63 68 32 00 2C 00 00 10  Read Block OK

2026/9/30 15:19:28.912 [RX] - 00 00 00 00 00 00 00 00 00 00 00 00 00 00 00 00 72 A4 00 00 00 00 00 00 00 00 00 00 00 00 00 00 00 00 00 00 00 00 00 00 00 00 00 00 00 00 00 00 00  Result = PASSED
 
--- Read Block #25 ---

2026/9/30 15:19:29.038 [TX] - 56 69 56 4F 74 65 63 68 32 00 2C 07 00 02 41 19 C0 9D 
2026/9/30 15:19:29.052 [RX] - 56 69 56 4F 74 65 63 68 32 00 2C 00 00 10  Read Block OK

2026/9/30 15:19:29.052 [RX] - 00 00 00 00 00 00 00 00 00 00 00 00 00 00 00 00 72 A4 00 00 00 00 00 00 00 00 00 00 00 00 00 00 00 00 00 00 00 00 00 00 00 00 00 00 00 00 00 00 00  Result = PASSED
 
--- Read Block #26 ---

2026/9/30 15:19:29.179 [TX] - 56 69 56 4F 74 65 63 68 32 00 2C 07 00 02 41 1A F0 FE 
2026/9/30 15:19:29.194 [RX] - 56 69 56 4F 74 65 63 68 32 00 2C 00 00 10  Read Block OK

2026/9/30 15:19:29.194 [RX] - 00 00 00 00 00 00 00 00 00 00 00 00 00 00 00 00 72 A4 00 00 00 00 00 00 00 00 00 00 00 00 00 00 00 00 00 00 00 00 00 00 00 00 00 00 00 00 00 00 00  Result = PASSED
 
--- Read Block #27 ---

2026/9/30 15:19:29.321 [TX] - 56 69 56 4F 74 65 63 68 32 00 2C 07 00 02 41 1B E0 DF 
2026/9/30 15:19:29.335 [RX] - 56 69 56 4F 74 65 63 68 32 00 2C 00 00 10  Read Block OK

2026/9/30 15:19:29.335 [RX] - 00 00 00 00 00 00 00 00 00 00 00 00 00 00 00 00 72 A4 00 00 00 00 00 00 00 00 00 00 00 00 00 00 00 00 00 00 00 00 00 00 00 00 00 00 00 00 00 00 00  Result = PASSED
 
--- Read Block #28 ---

2026/9/30 15:19:29.462 [TX] - 56 69 56 4F 74 65 63 68 32 00 2C 07 00 02 41 1C 90 38 
2026/9/30 15:19:29.477 [RX] - 56 69 56 4F 74 65 63 68 32 00 2C 00 00 10  Read Block OK

2026/9/30 15:19:29.477 [RX] - 00 00 00 00 00 00 00 00 00 00 00 00 00 00 00 00 72 A4 00 00 00 00 00 00 00 00 00 00 00 00 00 00 00 00 00 00 00 00 00 00 00 00 00 00 00 00 00 00 00  Result = PASSED
 
--- Read Block #29 ---

2026/9/30 15:19:29.602 [TX] - 56 69 56 4F 74 65 63 68 32 00 2C 07 00 02 41 1D 80 19 
2026/9/30 15:19:29.616 [RX] - 56 69 56 4F 74 65 63 68 32 00 2C 00 00 10  Read Block OK

2026/9/30 15:19:29.616 [RX] - 00 00 00 00 00 00 00 00 00 00 00 00 00 00 00 00 72 A4 00 00 00 00 00 00 00 00 00 00 00 00 00 00 00 00 00 00 00 00 00 00 00 00 00 00 00 00 00 00 00  Result = PASSED
 
--- Read Block #30 ---

2026/9/30 15:19:29.742 [TX] - 56 69 56 4F 74 65 63 68 32 00 2C 07 00 02 41 1E B0 7A 
2026/9/30 15:19:29.757 [RX] - 56 69 56 4F 74 65 63 68 32 00 2C 00 00 10  Read Block OK

2026/9/30 15:19:29.757 [RX] - 00 00 00 00 00 00 00 00 00 00 00 00 00 00 00 00 72 A4 00 00 00 00 00 00 00 00 00 00 00 00 00 00 00 00 00 00 00 00 00 00 00 00 00 00 00 00 00 00 00  Result = PASSED
 
--- Read Block #31 ---

2026/9/30 15:19:29.883 [TX] - 56 69 56 4F 74 65 63 68 32 00 2C 07 00 02 41 1F A0 5B 
2026/9/30 15:19:29.897 [RX] - 56 69 56 4F 74 65 63 68 32 00 2C 00 00 10  Read Block OK

2026/9/30 15:19:29.897 [RX] - 00 00 00 00 00 00 00 00 00 00 00 00 00 00 00 00 72 A4 00 00 00 00 00 00 00 00 00 00 00 00 00 00 00 00 00 00 00 00 00 00 00 00 00 00 00 00 00 00 00  Result = PASSED
 
--- Read Block #32 ---

2026/9/30 15:19:30.023 [TX] - 56 69 56 4F 74 65 63 68 32 00 2C 07 00 02 41 20 67 E7 
2026/9/30 15:19:30.037 [RX] - 56 69 56 4F 74 65 63 68 32 00 2C 00 00 10  Read Block OK

2026/9/30 15:19:30.037 [RX] - 00 00 00 00 00 00 00 00 00 00 00 00 00 00 00 00 72 A4 00 00 00 00 00 00 00 00 00 00 00 00 00 00 00 00 00 00 00 00 00 00 00 00 00 00 00 00 00 00 00  Result = PASSED
 
--- Read Block #33 ---

2026/9/30 15:19:30.164 [TX] - 56 69 56 4F 74 65 63 68 32 00 2C 07 00 02 41 21 77 C6 
2026/9/30 15:19:30.178 [RX] - 56 69 56 4F 74 65 63 68 32 00 2C 00 00 10  Read Block OK

2026/9/30 15:19:30.178 [RX] - 00 00 00 00 00 00 00 00 00 00 00 00 00 00 00 00 72 A4 00 00 00 00 00 00 00 00 00 00 00 00 00 00 00 00 00 00 00 00 00 00 00 00 00 00 00 00 00 00 00  Result = PASSED
 
--- Read Block #34 ---

2026/9/30 15:19:30.305 [TX] - 56 69 56 4F 74 65 63 68 32 00 2C 07 00 02 41 22 47 A5 
2026/9/30 15:19:30.320 [RX] - 56 69 56 4F 74 65 63 68 32 00 2C 00 00 10  Read Block OK

2026/9/30 15:19:30.320 [RX] - 00 00 00 00 00 00 00 00 00 00 00 00 00 00 00 00 72 A4 00 00 00 00 00 00 00 00 00 00 00 00 00 00 00 00 00 00 00 00 00 00 00 00 00 00 00 00 00 00 00  Result = PASSED
 
--- Read Block #35 ---

2026/9/30 15:19:30.446 [TX] - 56 69 56 4F 74 65 63 68 32 00 2C 07 00 02 41 23 57 84 
2026/9/30 15:19:30.461 [RX] - 56 69 56 4F 74 65 63 68 32 00 2C 00 00 10  Read Block OK

2026/9/30 15:19:30.461 [RX] - 00 00 00 00 00 00 00 00 00 00 00 00 00 00 00 00 72 A4 00 00 00 00 00 00 00 00 00 00 00 00 00 00 00 00 00 00 00 00 00 00 00 00 00 00 00 00 00 00 00  Result = PASSED
 
--- Read Block #36 ---

2026/9/30 15:19:30.602 [TX] - 56 69 56 4F 74 65 63 68 32 00 2C 07 00 02 41 24 27 63 
2026/9/30 15:19:30.617 [RX] - 56 69 56 4F 74 65 63 68 32 00 2C 00 00 10  Read Block OK

2026/9/30 15:19:30.617 [RX] - 00 00 00 00 00 00 00 00 00 00 00 00 00 00 00 00 72 A4 00 00 00 00 00 00 00 00 00 00 00 00 00 00 00 00 00 00 00 00 00 00 00 00 00 00 00 00 00 00 00  Result = PASSED
 
--- Read Block #37 ---

2026/9/30 15:19:30.744 [TX] - 56 69 56 4F 74 65 63 68 32 00 2C 07 00 02 41 25 37 42 
2026/9/30 15:19:30.759 [RX] - 56 69 56 4F 74 65 63 68 32 00 2C 00 00 10  Read Block OK

2026/9/30 15:19:30.759 [RX] - 00 00 00 00 00 00 00 00 00 00 00 00 00 00 00 00 72 A4 00 00 00 00 00 00 00 00 00 00 00 00 00 00 00 00 00 00 00 00 00 00 00 00 00 00 00 00 00 00 00  Result = PASSED
 
--- Read Block #38 ---

2026/9/30 15:19:30.885 [TX] - 56 69 56 4F 74 65 63 68 32 00 2C 07 00 02 41 26 07 21 
2026/9/30 15:19:30.923 [RX] - 56 69 56 4F 74 65 63 68 32 00 2C 00 00 10  Read Block OK

2026/9/30 15:19:30.923 [RX] - 00 00 00 00 00 00 00 00 00 00 00 00 00 00 00 00 72 A4 00 00 00 00 00 00 00 00 00 00 00 00 00 00 00 00 00 00 00 00 00 00 00 00 00 00 00 00 00 00 00  Result = PASSED
 
--- Read Block #39 ---

2026/9/30 15:19:31.059 [TX] - 56 69 56 4F 74 65 63 68 32 00 2C 07 00 02 41 27 17 00 
2026/9/30 15:19:31.074 [RX] - 56 69 56 4F 74 65 63 68 32 00 2C 00 00 10  Read Block OK

2026/9/30 15:19:31.074 [RX] - 00 00 00 00 00 00 00 00 00 00 00 00 30 00 00 00 5E 4D 00 00 00 00 00 00 00 00 00 00 00 00 00 00 00 00 00 00 00 00 00 00 00 00 00 00 00 00 00 00 00  Result = PASSED
 
PASSED = 40
FAILED = 0
 

 ---------- WRITE BLOCKS ----------
 

 ---Write Block #2

2026/9/30 15:19:31.424 [TX] - 56 69 56 4F 74 65 63 68 32 00 2C 08 00 06 41 02 11 11 11 11 13 E9 
2026/9/30 15:19:31.438 [RX] - 56 69 56 4F 74 65 63 68 32 00 2C 00 00 00 1C 9B  

2026/9/30 15:19:31.438 [RX] - 00 00 00 00 00 00 00 00 00 00 00 00 00 00 00 00 00 00 00 00 00 00 00 00 00 00 00 00 00 00 00 00 00 00 00 00 00 00 00 00 00 00 00 00 00 00 00  

 ---Write Block #3

2026/9/30 15:19:31.772 [TX] - 56 69 56 4F 74 65 63 68 32 00 2C 08 00 06 41 03 11 11 11 11 B9 B8 
2026/9/30 15:19:31.784 [RX] - 56 69 56 4F 74 65 63 68 32 00 2C 00 00 00 1C 9B  

2026/9/30 15:19:31.784 [RX] - 00 00 00 00 00 00 00 00 00 00 00 00 00 00 00 00 00 00 00 00 00 00 00 00 00 00 00 00 00 00 00 00 00 00 00 00 00 00 00 00 00 00 00 00 00 00 00  

 ---Write Block #5

2026/9/30 15:19:32.118 [TX] - 56 69 56 4F 74 65 63 68 32 00 2C 08 00 06 41 05 00 00 00 00 5F 2F 
2026/9/30 15:19:32.130 [RX] - 56 69 56 4F 74 65 63 68 32 00 2C 00 00 00 1C 9B  

2026/9/30 15:19:32.130 [RX] - 00 00 00 00 00 00 00 00 00 00 00 00 00 00 00 00 00 00 00 00 00 00 00 00 00 00 00 00 00 00 00 00 00 00 00 00 00 00 00 00 00 00 00 00 00 00 00  

 ---Write Block #6

2026/9/30 15:19:32.461 [TX] - 56 69 56 4F 74 65 63 68 32 00 2C 08 00 06 41 06 00 00 00 00 B1 FD 
2026/9/30 15:19:32.473 [RX] - 56 69 56 4F 74 65 63 68 32 00 2C 00 00 00 1C 9B  

2026/9/30 15:19:32.473 [RX] - 00 00 00 00 00 00 00 00 00 00 00 00 00 00 00 00 00 00 00 00 00 00 00 00 00 00 00 00 00 00 00 00 00 00 00 00 00 00 00 00 00 00 00 00 00 00 00  

 ---Write Block #7

2026/9/30 15:19:32.804 [TX] - 56 69 56 4F 74 65 63 68 32 00 2C 08 00 06 41 07 00 00 00 00 1B AC 
2026/9/30 15:19:32.816 [RX] - 56 69 56 4F 74 65 63 68 32 00 2C 00 00 00 1C 9B  

2026/9/30 15:19:32.816 [RX] - 00 00 00 00 00 00 00 00 00 00 00 00 00 00 00 00 00 00 00 00 00 00 00 00 00 00 00 00 00 00 00 00 00 00 00 00 00 00 00 00 00 00 00 00 00 00 00  

 ---Write Block #9

2026/9/30 15:19:33.149 [TX] - 56 69 56 4F 74 65 63 68 32 00 2C 08 00 06 41 09 00 00 00 00 D4 04 
2026/9/30 15:19:33.161 [RX] - 56 69 56 4F 74 65 63 68 32 00 2C 00 00 00 1C 9B  

2026/9/30 15:19:33.161 [RX] - 00 00 00 00 00 00 00 00 00 00 00 00 00 00 00 00 00 00 00 00 00 00 00 00 00 00 00 00 00 00 00 00 00 00 00 00 00 00 00 00 00 00 00 00 00 00 00  

 ---Write Block #10

2026/9/30 15:19:33.496 [TX] - 56 69 56 4F 74 65 63 68 32 00 2C 08 00 06 41 0A 00 00 00 00 3A D6 
2026/9/30 15:19:33.511 [RX] - 56 69 56 4F 74 65 63 68 32 00 2C 00 00 00 1C 9B  

2026/9/30 15:19:33.511 [RX] - 00 00 00 00 00 00 00 00 00 00 00 00 00 00 00 00 00 00 00 00 00 00 00 00 00 00 00 00 00 00 00 00 00 00 00 00 00 00 00 00 00 00 00 00 00 00 00  

 ---Write Block #11

2026/9/30 15:19:33.835 [TX] - 56 69 56 4F 74 65 63 68 32 00 2C 08 00 06 41 0B 00 00 00 00 90 87 
2026/9/30 15:19:33.847 [RX] - 56 69 56 4F 74 65 63 68 32 00 2C 00 00 00 1C 9B  

2026/9/30 15:19:33.847 [RX] - 00 00 00 00 00 00 00 00 00 00 00 00 00 00 00 00 00 00 00 00 00 00 00 00 00 00 00 00 00 00 00 00 00 00 00 00 00 00 00 00 00 00 00 00 00 00 00  

 ---Write Block #13

2026/9/30 15:19:34.182 [TX] - 56 69 56 4F 74 65 63 68 32 00 2C 08 00 06 41 0D 00 00 00 00 5D 02 
2026/9/30 15:19:34.194 [RX] - 56 69 56 4F 74 65 63 68 32 00 2C 00 00 00 1C 9B  

2026/9/30 15:19:34.194 [RX] - 00 00 00 00 00 00 00 00 00 00 00 00 00 00 00 00 00 00 00 00 00 00 00 00 00 00 00 00 00 00 00 00 00 00 00 00 00 00 00 00 00 00 00 00 00 00 00  

 ---Write Block #14

2026/9/30 15:19:34.520 [TX] - 56 69 56 4F 74 65 63 68 32 00 2C 08 00 06 41 0E 00 00 00 00 B3 D0 
2026/9/30 15:19:34.532 [RX] - 56 69 56 4F 74 65 63 68 32 00 2C 00 00 00 1C 9B  

2026/9/30 15:19:34.532 [RX] - 00 00 00 00 00 00 00 00 00 00 00 00 00 00 00 00 00 00 00 00 00 00 00 00 00 00 00 00 00 00 00 00 00 00 00 00 00 00 00 00 00 00 00 00 00 00 00  

 ---Write Block #15

2026/9/30 15:19:34.864 [TX] - 56 69 56 4F 74 65 63 68 32 00 2C 08 00 06 41 0F 00 00 00 00 19 81 
2026/9/30 15:19:34.876 [RX] - 56 69 56 4F 74 65 63 68 32 00 2C 00 00 00 1C 9B  

2026/9/30 15:19:34.876 [RX] - 00 00 00 00 00 00 00 00 00 00 00 00 00 00 00 00 00 00 00 00 00 00 00 00 00 00 00 00 00 00 00 00 00 00 00 00 00 00 00 00 00 00 00 00 00 00 00  

 ---Write Block #17

2026/9/30 15:19:35.210 [TX] - 56 69 56 4F 74 65 63 68 32 00 2C 08 00 06 41 11 00 00 00 00 D2 73 
2026/9/30 15:19:35.222 [RX] - 56 69 56 4F 74 65 63 68 32 00 2C 00 00 00 1C 9B  

2026/9/30 15:19:35.222 [RX] - 00 00 00 00 00 00 00 00 00 00 00 00 00 00 00 00 00 00 00 00 00 00 00 00 00 00 00 00 00 00 00 00 00 00 00 00 00 00 00 00 00 00 00 00 00 00 00  

 ---Write Block #18

2026/9/30 15:19:35.556 [TX] - 56 69 56 4F 74 65 63 68 32 00 2C 08 00 06 41 12 00 00 00 00 3C A1 
2026/9/30 15:19:35.568 [RX] - 56 69 56 4F 74 65 63 68 32 00 2C 00 00 00 1C 9B  

2026/9/30 15:19:35.568 [RX] - 00 00 00 00 00 00 00 00 00 00 00 00 00 00 00 00 00 00 00 00 00 00 00 00 00 00 00 00 00 00 00 00 00 00 00 00 00 00 00 00 00 00 00 00 00 00 00  

 ---PT Stop

2026/9/30 15:19:36.558 [TX] - 56 69 56 4F 74 65 63 68 32 00 2C 01 00 01 00 0D 38 
2026/9/30 15:19:36.571 [RX] - 56 69 56 4F 74 65 63 68 32 00 2C 00 00 00 1C 9B  

2026/9/30 15:19:36.571 [RX] - 00 00 00 00 00 00 00 00 00 00 00 00 00 00 00 00 00 00 00 00 00 00 00 00 00 00 00 00 00 00 00 00 00 00 00 00 00 00 00 00 00 00 00 00 00 00 00  

 --- cmd 02-40 ==================================================================

2026/9/30 15:19:39.220 [TX] - 56 69 56 4F 74 65 63 68 32 00 02 40 00 0D 1E 9C 01 00 9F 02 06 00 00 00 00 15 00 C4 00 
2026/9/30 15:19:40.254 [RX] - 56 69 56 4F 74 65 63 68 32 00 02 50 00 1F 21 DF EE 26 02 21 00 DF EE 02 04 27 90 00 00 DF EC 0F 0C 02 44 00 00 07 04 2B 6E 9A 67 34 80 38 BA 00 00 00 00 00 00 00 00 00 00 00 00 00 00 00 00  

 ---------- READ ALL BLOCKS ----------
 
--- Read Block #0 ---

2026/9/30 15:19:40.604 [TX] - 56 69 56 4F 74 65 63 68 32 00 2C 07 00 02 41 00 43 85 
2026/9/30 15:19:40.619 [RX] - 56 69 56 4F 74 65 63 68 32 00 2C 00 00 10  Read Block OK

2026/9/30 15:19:40.619 [RX] - 04 2B 6E C9 9A 67 34 80 49 48 11 11 11 11 11 11 9F 2F 00 00 00 00 00 00 00 00 00 00 00 00 00 00 00 00 00 00 00 00 00 00 00 00 00 00 00 00 00 00 00  Result = PASSED
 
--- Read Block #1 ---

2026/9/30 15:19:40.745 [TX] - 56 69 56 4F 74 65 63 68 32 00 2C 07 00 02 41 01 53 A4 
2026/9/30 15:19:40.760 [RX] - 56 69 56 4F 74 65 63 68 32 00 2C 00 00 10  Read Block OK

2026/9/30 15:19:40.760 [RX] - 9A 67 34 80 49 48 11 11 11 11 11 11 02 00 00 10 4F 47 00 00 00 00 00 00 00 00 00 00 00 00 00 00 00 00 00 00 00 00 00 00 00 00 00 00 00 00 00 00 00  Result = PASSED
 
--- Read Block #2 ---

2026/9/30 15:19:40.891 [TX] - 56 69 56 4F 74 65 63 68 32 00 2C 07 00 02 41 02 63 C7 
2026/9/30 15:19:40.925 [RX] - 56 69 56 4F 74 65 63 68 32 00 2C 00 00 10  Read Block OK

2026/9/30 15:19:40.925 [RX] - 49 48 11 11 11 11 11 11 02 00 00 10 00 00 00 00 D5 83 00 00 00 00 00 00 00 00 00 00 00 00 00 00 00 00 00 00 00 00 00 00 00 00 00 00 00 00 00 00 00  Result = PASSED
 
--- Read Block #3 ---

2026/9/30 15:19:41.060 [TX] - 56 69 56 4F 74 65 63 68 32 00 2C 07 00 02 41 03 73 E6 
2026/9/30 15:19:41.074 [RX] - 56 69 56 4F 74 65 63 68 32 00 2C 00 00 10  Read Block OK

2026/9/30 15:19:41.074 [RX] - 11 11 11 11 02 00 00 10 00 00 00 00 00 00 00 00 A2 A9 00 00 00 00 00 00 00 00 00 00 00 00 00 00 00 00 00 00 00 00 00 00 00 00 00 00 00 00 00 00 00  Result = PASSED
 
--- Read Block #4 ---

2026/9/30 15:19:41.200 [TX] - 56 69 56 4F 74 65 63 68 32 00 2C 07 00 02 41 04 03 01 
2026/9/30 15:19:41.214 [RX] - 56 69 56 4F 74 65 63 68 32 00 2C 00 00 10  Read Block OK

2026/9/30 15:19:41.214 [RX] - 02 00 00 10 00 00 00 00 00 00 00 00 00 00 00 00 24 79 00 00 00 00 00 00 00 00 00 00 00 00 00 00 00 00 00 00 00 00 00 00 00 00 00 00 00 00 00 00 00  Result = PASSED
 
--- Read Block #5 ---

2026/9/30 15:19:41.341 [TX] - 56 69 56 4F 74 65 63 68 32 00 2C 07 00 02 41 05 13 20 
2026/9/30 15:19:41.355 [RX] - 56 69 56 4F 74 65 63 68 32 00 2C 00 00 10  Read Block OK

2026/9/30 15:19:41.355 [RX] - 00 00 00 00 00 00 00 00 00 00 00 00 00 00 00 00 72 A4 00 00 00 00 00 00 00 00 00 00 00 00 00 00 00 00 00 00 00 00 00 00 00 00 00 00 00 00 00 00 00  Result = PASSED
 
--- Read Block #6 ---

2026/9/30 15:19:41.481 [TX] - 56 69 56 4F 74 65 63 68 32 00 2C 07 00 02 41 06 23 43 
2026/9/30 15:19:41.497 [RX] - 56 69 56 4F 74 65 63 68 32 00 2C 00 00 10  Read Block OK

2026/9/30 15:19:41.497 [RX] - 00 00 00 00 00 00 00 00 00 00 00 00 00 00 00 00 72 A4 00 00 00 00 00 00 00 00 00 00 00 00 00 00 00 00 00 00 00 00 00 00 00 00 00 00 00 00 00 00 00  Result = PASSED
 
--- Read Block #7 ---

2026/9/30 15:19:41.638 [TX] - 56 69 56 4F 74 65 63 68 32 00 2C 07 00 02 41 07 33 62 
2026/9/30 15:19:41.653 [RX] - 56 69 56 4F 74 65 63 68 32 00 2C 00 00 10  Read Block OK

2026/9/30 15:19:41.653 [RX] - 00 00 00 00 00 00 00 00 00 00 00 00 00 00 00 00 72 A4 00 00 00 00 00 00 00 00 00 00 00 00 00 00 00 00 00 00 00 00 00 00 00 00 00 00 00 00 00 00 00  Result = PASSED
 
--- Read Block #8 ---

2026/9/30 15:19:41.780 [TX] - 56 69 56 4F 74 65 63 68 32 00 2C 07 00 02 41 08 C2 8D 
2026/9/30 15:19:41.793 [RX] - 56 69 56 4F 74 65 63 68 32 00 2C 00 00 10  Read Block OK

2026/9/30 15:19:41.793 [RX] - 00 00 00 00 00 00 00 00 00 00 00 00 00 00 00 00 72 A4 00 00 00 00 00 00 00 00 00 00 00 00 00 00 00 00 00 00 00 00 00 00 00 00 00 00 00 00 00 00 00  Result = PASSED
 
--- Read Block #9 ---

2026/9/30 15:19:41.920 [TX] - 56 69 56 4F 74 65 63 68 32 00 2C 07 00 02 41 09 D2 AC 
2026/9/30 15:19:41.934 [RX] - 56 69 56 4F 74 65 63 68 32 00 2C 00 00 10  Read Block OK

2026/9/30 15:19:41.934 [RX] - 00 00 00 00 00 00 00 00 00 00 00 00 00 00 00 00 72 A4 00 00 00 00 00 00 00 00 00 00 00 00 00 00 00 00 00 00 00 00 00 00 00 00 00 00 00 00 00 00 00  Result = PASSED
 
--- Read Block #10 ---

2026/9/30 15:19:42.061 [TX] - 56 69 56 4F 74 65 63 68 32 00 2C 07 00 02 41 0A E2 CF 
2026/9/30 15:19:42.076 [RX] - 56 69 56 4F 74 65 63 68 32 00 2C 00 00 10  Read Block OK

2026/9/30 15:19:42.076 [RX] - 00 00 00 00 00 00 00 00 00 00 00 00 00 00 00 00 72 A4 00 00 00 00 00 00 00 00 00 00 00 00 00 00 00 00 00 00 00 00 00 00 00 00 00 00 00 00 00 00 00  Result = PASSED
 
--- Read Block #11 ---

2026/9/30 15:19:42.203 [TX] - 56 69 56 4F 74 65 63 68 32 00 2C 07 00 02 41 0B F2 EE 
2026/9/30 15:19:42.217 [RX] - 56 69 56 4F 74 65 63 68 32 00 2C 00 00 10  Read Block OK

2026/9/30 15:19:42.217 [RX] - 00 00 00 00 00 00 00 00 00 00 00 00 00 00 00 00 72 A4 00 00 00 00 00 00 00 00 00 00 00 00 00 00 00 00 00 00 00 00 00 00 00 00 00 00 00 00 00 00 00  Result = PASSED
 
--- Read Block #12 ---

2026/9/30 15:19:42.343 [TX] - 56 69 56 4F 74 65 63 68 32 00 2C 07 00 02 41 0C 82 09 
2026/9/30 15:19:42.357 [RX] - 56 69 56 4F 74 65 63 68 32 00 2C 00 00 10  Read Block OK

2026/9/30 15:19:42.357 [RX] - 00 00 00 00 00 00 00 00 00 00 00 00 00 00 00 00 72 A4 00 00 00 00 00 00 00 00 00 00 00 00 00 00 00 00 00 00 00 00 00 00 00 00 00 00 00 00 00 00 00  Result = PASSED
 
--- Read Block #13 ---

2026/9/30 15:19:42.483 [TX] - 56 69 56 4F 74 65 63 68 32 00 2C 07 00 02 41 0D 92 28 
2026/9/30 15:19:42.497 [RX] - 56 69 56 4F 74 65 63 68 32 00 2C 00 00 10  Read Block OK

2026/9/30 15:19:42.497 [RX] - 00 00 00 00 00 00 00 00 00 00 00 00 00 00 00 00 72 A4 00 00 00 00 00 00 00 00 00 00 00 00 00 00 00 00 00 00 00 00 00 00 00 00 00 00 00 00 00 00 00  Result = PASSED
 
--- Read Block #14 ---

2026/9/30 15:19:42.622 [TX] - 56 69 56 4F 74 65 63 68 32 00 2C 07 00 02 41 0E A2 4B 
2026/9/30 15:19:42.636 [RX] - 56 69 56 4F 74 65 63 68 32 00 2C 00 00 10  Read Block OK

2026/9/30 15:19:42.636 [RX] - 00 00 00 00 00 00 00 00 00 00 00 00 00 00 00 00 72 A4 00 00 00 00 00 00 00 00 00 00 00 00 00 00 00 00 00 00 00 00 00 00 00 00 00 00 00 00 00 00 00  Result = PASSED
 
--- Read Block #15 ---

2026/9/30 15:19:42.761 [TX] - 56 69 56 4F 74 65 63 68 32 00 2C 07 00 02 41 0F B2 6A 
2026/9/30 15:19:42.775 [RX] - 56 69 56 4F 74 65 63 68 32 00 2C 00 00 10  Read Block OK

2026/9/30 15:19:42.775 [RX] - 00 00 00 00 00 00 00 00 00 00 00 00 00 00 00 00 72 A4 00 00 00 00 00 00 00 00 00 00 00 00 00 00 00 00 00 00 00 00 00 00 00 00 00 00 00 00 00 00 00  Result = PASSED
 
--- Read Block #16 ---

2026/9/30 15:19:42.900 [TX] - 56 69 56 4F 74 65 63 68 32 00 2C 07 00 02 41 10 51 B4 
2026/9/30 15:19:42.915 [RX] - 56 69 56 4F 74 65 63 68 32 00 2C 00 00 10  Read Block OK

2026/9/30 15:19:42.915 [RX] - 00 00 00 00 00 00 00 00 00 00 00 00 00 00 00 00 72 A4 00 00 00 00 00 00 00 00 00 00 00 00 00 00 00 00 00 00 00 00 00 00 00 00 00 00 00 00 00 00 00  Result = PASSED
 
--- Read Block #17 ---

2026/9/30 15:19:43.040 [TX] - 56 69 56 4F 74 65 63 68 32 00 2C 07 00 02 41 11 41 95 
2026/9/30 15:19:43.054 [RX] - 56 69 56 4F 74 65 63 68 32 00 2C 00 00 10  Read Block OK

2026/9/30 15:19:43.054 [RX] - 00 00 00 00 00 00 00 00 00 00 00 00 00 00 00 00 72 A4 00 00 00 00 00 00 00 00 00 00 00 00 00 00 00 00 00 00 00 00 00 00 00 00 00 00 00 00 00 00 00  Result = PASSED
 
--- Read Block #18 ---

2026/9/30 15:19:43.182 [TX] - 56 69 56 4F 74 65 63 68 32 00 2C 07 00 02 41 12 71 F6 
2026/9/30 15:19:43.197 [RX] - 56 69 56 4F 74 65 63 68 32 00 2C 00 00 10  Read Block OK

2026/9/30 15:19:43.197 [RX] - 00 00 00 00 00 00 00 00 00 00 00 00 00 00 00 00 72 A4 00 00 00 00 00 00 00 00 00 00 00 00 00 00 00 00 00 00 00 00 00 00 00 00 00 00 00 00 00 00 00  Result = PASSED
 
--- Read Block #19 ---

2026/9/30 15:19:43.324 [TX] - 56 69 56 4F 74 65 63 68 32 00 2C 07 00 02 41 13 61 D7 
2026/9/30 15:19:43.338 [RX] - 56 69 56 4F 74 65 63 68 32 00 2C 00 00 10  Read Block OK

2026/9/30 15:19:43.338 [RX] - 00 00 00 00 00 00 00 00 00 00 00 00 00 00 00 00 72 A4 00 00 00 00 00 00 00 00 00 00 00 00 00 00 00 00 00 00 00 00 00 00 00 00 00 00 00 00 00 00 00  Result = PASSED
 
--- Read Block #20 ---

2026/9/30 15:19:43.480 [TX] - 56 69 56 4F 74 65 63 68 32 00 2C 07 00 02 41 14 11 30 
2026/9/30 15:19:43.495 [RX] - 56 69 56 4F 74 65 63 68 32 00 2C 00 00 10  Read Block OK

2026/9/30 15:19:43.495 [RX] - 00 00 00 00 00 00 00 00 00 00 00 00 00 00 00 00 72 A4 00 00 00 00 00 00 00 00 00 00 00 00 00 00 00 00 00 00 00 00 00 00 00 00 00 00 00 00 00 00 00  Result = PASSED
 
--- Read Block #21 ---

2026/9/30 15:19:43.635 [TX] - 56 69 56 4F 74 65 63 68 32 00 2C 07 00 02 41 15 01 11 
2026/9/30 15:19:43.650 [RX] - 56 69 56 4F 74 65 63 68 32 00 2C 00 00 10  Read Block OK

2026/9/30 15:19:43.650 [RX] - 00 00 00 00 00 00 00 00 00 00 00 00 00 00 00 00 72 A4 00 00 00 00 00 00 00 00 00 00 00 00 00 00 00 00 00 00 00 00 00 00 00 00 00 00 00 00 00 00 00  Result = PASSED
 
--- Read Block #22 ---

2026/9/30 15:19:43.777 [TX] - 56 69 56 4F 74 65 63 68 32 00 2C 07 00 02 41 16 31 72 
2026/9/30 15:19:43.791 [RX] - 56 69 56 4F 74 65 63 68 32 00 2C 00 00 10  Read Block OK

2026/9/30 15:19:43.791 [RX] - 00 00 00 00 00 00 00 00 00 00 00 00 00 00 00 00 72 A4 00 00 00 00 00 00 00 00 00 00 00 00 00 00 00 00 00 00 00 00 00 00 00 00 00 00 00 00 00 00 00  Result = PASSED
 
--- Read Block #23 ---

2026/9/30 15:19:43.933 [TX] - 56 69 56 4F 74 65 63 68 32 00 2C 07 00 02 41 17 21 53 
2026/9/30 15:19:43.948 [RX] - 56 69 56 4F 74 65 63 68 32 00 2C 00 00 10  Read Block OK

2026/9/30 15:19:43.948 [RX] - 00 00 00 00 00 00 00 00 00 00 00 00 00 00 00 00 72 A4 00 00 00 00 00 00 00 00 00 00 00 00 00 00 00 00 00 00 00 00 00 00 00 00 00 00 00 00 00 00 00  Result = PASSED
 
--- Read Block #24 ---

2026/9/30 15:19:44.090 [TX] - 56 69 56 4F 74 65 63 68 32 00 2C 07 00 02 41 18 D0 BC 
2026/9/30 15:19:44.105 [RX] - 56 69 56 4F 74 65 63 68 32 00 2C 00 00 10  Read Block OK

2026/9/30 15:19:44.105 [RX] - 00 00 00 00 00 00 00 00 00 00 00 00 00 00 00 00 72 A4 00 00 00 00 00 00 00 00 00 00 00 00 00 00 00 00 00 00 00 00 00 00 00 00 00 00 00 00 00 00 00  Result = PASSED
 
--- Read Block #25 ---

2026/9/30 15:19:44.233 [TX] - 56 69 56 4F 74 65 63 68 32 00 2C 07 00 02 41 19 C0 9D 
2026/9/30 15:19:44.247 [RX] - 56 69 56 4F 74 65 63 68 32 00 2C 00 00 10  Read Block OK

2026/9/30 15:19:44.247 [RX] - 00 00 00 00 00 00 00 00 00 00 00 00 00 00 00 00 72 A4 00 00 00 00 00 00 00 00 00 00 00 00 00 00 00 00 00 00 00 00 00 00 00 00 00 00 00 00 00 00 00  Result = PASSED
 
--- Read Block #26 ---

2026/9/30 15:19:44.389 [TX] - 56 69 56 4F 74 65 63 68 32 00 2C 07 00 02 41 1A F0 FE 
2026/9/30 15:19:44.404 [RX] - 56 69 56 4F 74 65 63 68 32 00 2C 00 00 10  Read Block OK

2026/9/30 15:19:44.404 [RX] - 00 00 00 00 00 00 00 00 00 00 00 00 00 00 00 00 72 A4 00 00 00 00 00 00 00 00 00 00 00 00 00 00 00 00 00 00 00 00 00 00 00 00 00 00 00 00 00 00 00  Result = PASSED
 
--- Read Block #27 ---

2026/9/30 15:19:44.529 [TX] - 56 69 56 4F 74 65 63 68 32 00 2C 07 00 02 41 1B E0 DF 
2026/9/30 15:19:44.543 [RX] - 56 69 56 4F 74 65 63 68 32 00 2C 00 00 10  Read Block OK

2026/9/30 15:19:44.543 [RX] - 00 00 00 00 00 00 00 00 00 00 00 00 00 00 00 00 72 A4 00 00 00 00 00 00 00 00 00 00 00 00 00 00 00 00 00 00 00 00 00 00 00 00 00 00 00 00 00 00 00  Result = PASSED
 
--- Read Block #28 ---

2026/9/30 15:19:44.670 [TX] - 56 69 56 4F 74 65 63 68 32 00 2C 07 00 02 41 1C 90 38 
2026/9/30 15:19:44.684 [RX] - 56 69 56 4F 74 65 63 68 32 00 2C 00 00 10  Read Block OK

2026/9/30 15:19:44.684 [RX] - 00 00 00 00 00 00 00 00 00 00 00 00 00 00 00 00 72 A4 00 00 00 00 00 00 00 00 00 00 00 00 00 00 00 00 00 00 00 00 00 00 00 00 00 00 00 00 00 00 00  Result = PASSED
 
--- Read Block #29 ---

2026/9/30 15:19:44.811 [TX] - 56 69 56 4F 74 65 63 68 32 00 2C 07 00 02 41 1D 80 19 
2026/9/30 15:19:44.826 [RX] - 56 69 56 4F 74 65 63 68 32 00 2C 00 00 10  Read Block OK

2026/9/30 15:19:44.826 [RX] - 00 00 00 00 00 00 00 00 00 00 00 00 00 00 00 00 72 A4 00 00 00 00 00 00 00 00 00 00 00 00 00 00 00 00 00 00 00 00 00 00 00 00 00 00 00 00 00 00 00  Result = PASSED
 
--- Read Block #30 ---

2026/9/30 15:19:44.950 [TX] - 56 69 56 4F 74 65 63 68 32 00 2C 07 00 02 41 1E B0 7A 
2026/9/30 15:19:44.964 [RX] - 56 69 56 4F 74 65 63 68 32 00 2C 00 00 10  Read Block OK

2026/9/30 15:19:44.964 [RX] - 00 00 00 00 00 00 00 00 00 00 00 00 00 00 00 00 72 A4 00 00 00 00 00 00 00 00 00 00 00 00 00 00 00 00 00 00 00 00 00 00 00 00 00 00 00 00 00 00 00  Result = PASSED
 
--- Read Block #31 ---

2026/9/30 15:19:45.091 [TX] - 56 69 56 4F 74 65 63 68 32 00 2C 07 00 02 41 1F A0 5B 
2026/9/30 15:19:45.106 [RX] - 56 69 56 4F 74 65 63 68 32 00 2C 00 00 10  Read Block OK

2026/9/30 15:19:45.106 [RX] - 00 00 00 00 00 00 00 00 00 00 00 00 00 00 00 00 72 A4 00 00 00 00 00 00 00 00 00 00 00 00 00 00 00 00 00 00 00 00 00 00 00 00 00 00 00 00 00 00 00  Result = PASSED
 
--- Read Block #32 ---

2026/9/30 15:19:45.233 [TX] - 56 69 56 4F 74 65 63 68 32 00 2C 07 00 02 41 20 67 E7 
2026/9/30 15:19:45.247 [RX] - 56 69 56 4F 74 65 63 68 32 00 2C 00 00 10  Read Block OK

2026/9/30 15:19:45.247 [RX] - 00 00 00 00 00 00 00 00 00 00 00 00 00 00 00 00 72 A4 00 00 00 00 00 00 00 00 00 00 00 00 00 00 00 00 00 00 00 00 00 00 00 00 00 00 00 00 00 00 00  Result = PASSED
 
--- Read Block #33 ---

2026/9/30 15:19:45.374 [TX] - 56 69 56 4F 74 65 63 68 32 00 2C 07 00 02 41 21 77 C6 
2026/9/30 15:19:45.389 [RX] - 56 69 56 4F 74 65 63 68 32 00 2C 00 00 10  Read Block OK

2026/9/30 15:19:45.389 [RX] - 00 00 00 00 00 00 00 00 00 00 00 00 00 00 00 00 72 A4 00 00 00 00 00 00 00 00 00 00 00 00 00 00 00 00 00 00 00 00 00 00 00 00 00 00 00 00 00 00 00  Result = PASSED
 
--- Read Block #34 ---

2026/9/30 15:19:45.515 [TX] - 56 69 56 4F 74 65 63 68 32 00 2C 07 00 02 41 22 47 A5 
2026/9/30 15:19:45.529 [RX] - 56 69 56 4F 74 65 63 68 32 00 2C 00 00 10  Read Block OK

2026/9/30 15:19:45.529 [RX] - 00 00 00 00 00 00 00 00 00 00 00 00 00 00 00 00 72 A4 00 00 00 00 00 00 00 00 00 00 00 00 00 00 00 00 00 00 00 00 00 00 00 00 00 00 00 00 00 00 00  Result = PASSED
 
--- Read Block #35 ---

2026/9/30 15:19:45.656 [TX] - 56 69 56 4F 74 65 63 68 32 00 2C 07 00 02 41 23 57 84 
2026/9/30 15:19:45.671 [RX] - 56 69 56 4F 74 65 63 68 32 00 2C 00 00 10  Read Block OK

2026/9/30 15:19:45.671 [RX] - 00 00 00 00 00 00 00 00 00 00 00 00 00 00 00 00 72 A4 00 00 00 00 00 00 00 00 00 00 00 00 00 00 00 00 00 00 00 00 00 00 00 00 00 00 00 00 00 00 00  Result = PASSED
 
--- Read Block #36 ---

2026/9/30 15:19:45.797 [TX] - 56 69 56 4F 74 65 63 68 32 00 2C 07 00 02 41 24 27 63 
2026/9/30 15:19:45.811 [RX] - 56 69 56 4F 74 65 63 68 32 00 2C 00 00 10  Read Block OK

2026/9/30 15:19:45.811 [RX] - 00 00 00 00 00 00 00 00 00 00 00 00 00 00 00 00 72 A4 00 00 00 00 00 00 00 00 00 00 00 00 00 00 00 00 00 00 00 00 00 00 00 00 00 00 00 00 00 00 00  Result = PASSED
 
--- Read Block #37 ---

2026/9/30 15:19:45.953 [TX] - 56 69 56 4F 74 65 63 68 32 00 2C 07 00 02 41 25 37 42 
2026/9/30 15:19:45.968 [RX] - 56 69 56 4F 74 65 63 68 32 00 2C 00 00 10  Read Block OK

2026/9/30 15:19:45.968 [RX] - 00 00 00 00 00 00 00 00 00 00 00 00 00 00 00 00 72 A4 00 00 00 00 00 00 00 00 00 00 00 00 00 00 00 00 00 00 00 00 00 00 00 00 00 00 00 00 00 00 00  Result = PASSED
 
--- Read Block #38 ---

2026/9/30 15:19:46.092 [TX] - 56 69 56 4F 74 65 63 68 32 00 2C 07 00 02 41 26 07 21 
2026/9/30 15:19:46.107 [RX] - 56 69 56 4F 74 65 63 68 32 00 2C 00 00 10  Read Block OK

2026/9/30 15:19:46.107 [RX] - 00 00 00 00 00 00 00 00 00 00 00 00 00 00 00 00 72 A4 00 00 00 00 00 00 00 00 00 00 00 00 00 00 00 00 00 00 00 00 00 00 00 00 00 00 00 00 00 00 00  Result = PASSED
 
--- Read Block #39 ---

2026/9/30 15:19:46.233 [TX] - 56 69 56 4F 74 65 63 68 32 00 2C 07 00 02 41 27 17 00 
2026/9/30 15:19:46.248 [RX] - 56 69 56 4F 74 65 63 68 32 00 2C 00 00 10  Read Block OK

2026/9/30 15:19:46.248 [RX] - 00 00 00 00 00 00 00 00 00 00 00 00 30 00 00 00 5E 4D 00 00 00 00 00 00 00 00 00 00 00 00 00 00 00 00 00 00 00 00 00 00 00 00 00 00 00 00 00 00 00  Result = PASSED
 
PASSED = 80
FAILED = 0
 

 ---------- WRITE BLOCKS ----------
 

 ---Write Block #2

2026/9/30 15:19:46.600 [TX] - 56 69 56 4F 74 65 63 68 32 00 2C 08 00 06 41 02 11 11 11 11 13 E9 
2026/9/30 15:19:46.612 [RX] - 56 69 56 4F 74 65 63 68 32 00 2C 00 00 00 1C 9B  

2026/9/30 15:19:46.612 [RX] - 00 00 00 00 00 00 00 00 00 00 00 00 00 00 00 00 00 00 00 00 00 00 00 00 00 00 00 00 00 00 00 00 00 00 00 00 00 00 00 00 00 00 00 00 00 00 00  

 ---Write Block #3

2026/9/30 15:19:46.946 [TX] - 56 69 56 4F 74 65 63 68 32 00 2C 08 00 06 41 03 11 11 11 11 B9 B8 
2026/9/30 15:19:46.958 [RX] - 56 69 56 4F 74 65 63 68 32 00 2C 00 00 00 1C 9B  

2026/9/30 15:19:46.958 [RX] - 00 00 00 00 00 00 00 00 00 00 00 00 00 00 00 00 00 00 00 00 00 00 00 00 00 00 00 00 00 00 00 00 00 00 00 00 00 00 00 00 00 00 00 00 00 00 00  

 ---Write Block #5

2026/9/30 15:19:47.289 [TX] - 56 69 56 4F 74 65 63 68 32 00 2C 08 00 06 41 05 00 00 00 00 5F 2F 
2026/9/30 15:19:47.301 [RX] - 56 69 56 4F 74 65 63 68 32 00 2C 00 00 00 1C 9B  

2026/9/30 15:19:47.301 [RX] - 00 00 00 00 00 00 00 00 00 00 00 00 00 00 00 00 00 00 00 00 00 00 00 00 00 00 00 00 00 00 00 00 00 00 00 00 00 00 00 00 00 00 00 00 00 00 00  

 ---Write Block #6

2026/9/30 15:19:47.632 [TX] - 56 69 56 4F 74 65 63 68 32 00 2C 08 00 06 41 06 00 00 00 00 B1 FD 
2026/9/30 15:19:47.644 [RX] - 56 69 56 4F 74 65 63 68 32 00 2C 00 00 00 1C 9B  

2026/9/30 15:19:47.644 [RX] - 00 00 00 00 00 00 00 00 00 00 00 00 00 00 00 00 00 00 00 00 00 00 00 00 00 00 00 00 00 00 00 00 00 00 00 00 00 00 00 00 00 00 00 00 00 00 00  

 ---Write Block #7

2026/9/30 15:19:47.991 [TX] - 56 69 56 4F 74 65 63 68 32 00 2C 08 00 06 41 07 00 00 00 00 1B AC 
2026/9/30 15:19:48.003 [RX] - 56 69 56 4F 74 65 63 68 32 00 2C 00 00 00 1C 9B  

2026/9/30 15:19:48.003 [RX] - 00 00 00 00 00 00 00 00 00 00 00 00 00 00 00 00 00 00 00 00 00 00 00 00 00 00 00 00 00 00 00 00 00 00 00 00 00 00 00 00 00 00 00 00 00 00 00  

 ---Write Block #9

2026/9/30 15:19:48.338 [TX] - 56 69 56 4F 74 65 63 68 32 00 2C 08 00 06 41 09 00 00 00 00 D4 04 
2026/9/30 15:19:48.350 [RX] - 56 69 56 4F 74 65 63 68 32 00 2C 00 00 00 1C 9B  

2026/9/30 15:19:48.350 [RX] - 00 00 00 00 00 00 00 00 00 00 00 00 00 00 00 00 00 00 00 00 00 00 00 00 00 00 00 00 00 00 00 00 00 00 00 00 00 00 00 00 00 00 00 00 00 00 00  

 ---Write Block #10

2026/9/30 15:19:48.680 [TX] - 56 69 56 4F 74 65 63 68 32 00 2C 08 00 06 41 0A 00 00 00 00 3A D6 
2026/9/30 15:19:48.692 [RX] - 56 69 56 4F 74 65 63 68 32 00 2C 00 00 00 1C 9B  

2026/9/30 15:19:48.692 [RX] - 00 00 00 00 00 00 00 00 00 00 00 00 00 00 00 00 00 00 00 00 00 00 00 00 00 00 00 00 00 00 00 00 00 00 00 00 00 00 00 00 00 00 00 00 00 00 00  

 ---Write Block #11

2026/9/30 15:19:49.025 [TX] - 56 69 56 4F 74 65 63 68 32 00 2C 08 00 06 41 0B 00 00 00 00 90 87 
2026/9/30 15:19:49.037 [RX] - 56 69 56 4F 74 65 63 68 32 00 2C 00 00 00 1C 9B  

2026/9/30 15:19:49.037 [RX] - 00 00 00 00 00 00 00 00 00 00 00 00 00 00 00 00 00 00 00 00 00 00 00 00 00 00 00 00 00 00 00 00 00 00 00 00 00 00 00 00 00 00 00 00 00 00 00  

 ---Write Block #13

2026/9/30 15:19:49.367 [TX] - 56 69 56 4F 74 65 63 68 32 00 2C 08 00 06 41 0D 00 00 00 00 5D 02 
2026/9/30 15:19:49.379 [RX] - 56 69 56 4F 74 65 63 68 32 00 2C 00 00 00 1C 9B  

2026/9/30 15:19:49.379 [RX] - 00 00 00 00 00 00 00 00 00 00 00 00 00 00 00 00 00 00 00 00 00 00 00 00 00 00 00 00 00 00 00 00 00 00 00 00 00 00 00 00 00 00 00 00 00 00 00  

 ---Write Block #14

2026/9/30 15:19:49.710 [TX] - 56 69 56 4F 74 65 63 68 32 00 2C 08 00 06 41 0E 00 00 00 00 B3 D0 
2026/9/30 15:19:49.723 [RX] - 56 69 56 4F 74 65 63 68 32 00 2C 00 00 00 1C 9B  

2026/9/30 15:19:49.723 [RX] - 00 00 00 00 00 00 00 00 00 00 00 00 00 00 00 00 00 00 00 00 00 00 00 00 00 00 00 00 00 00 00 00 00 00 00 00 00 00 00 00 00 00 00 00 00 00 00  

 ---Write Block #15

2026/9/30 15:19:50.055 [TX] - 56 69 56 4F 74 65 63 68 32 00 2C 08 00 06 41 0F 00 00 00 00 19 81 
2026/9/30 15:19:50.067 [RX] - 56 69 56 4F 74 65 63 68 32 00 2C 00 00 00 1C 9B  

2026/9/30 15:19:50.067 [RX] - 00 00 00 00 00 00 00 00 00 00 00 00 00 00 00 00 00 00 00 00 00 00 00 00 00 00 00 00 00 00 00 00 00 00 00 00 00 00 00 00 00 00 00 00 00 00 00  

 ---Write Block #17

2026/9/30 15:19:50.400 [TX] - 56 69 56 4F 74 65 63 68 32 00 2C 08 00 06 41 11 00 00 00 00 D2 73 
2026/9/30 15:19:50.412 [RX] - 56 69 56 4F 74 65 63 68 32 00 2C 00 00 00 1C 9B  

2026/9/30 15:19:50.412 [RX] - 00 00 00 00 00 00 00 00 00 00 00 00 00 00 00 00 00 00 00 00 00 00 00 00 00 00 00 00 00 00 00 00 00 00 00 00 00 00 00 00 00 00 00 00 00 00 00  

 ---Write Block #18

2026/9/30 15:19:50.744 [TX] - 56 69 56 4F 74 65 63 68 32 00 2C 08 00 06 41 12 00 00 00 00 3C A1 
2026/9/30 15:19:50.756 [RX] - 56 69 56 4F 74 65 63 68 32 00 2C 00 00 00 1C 9B  

2026/9/30 15:19:50.756 [RX] - 00 00 00 00 00 00 00 00 00 00 00 00 00 00 00 00 00 00 00 00 00 00 00 00 00 00 00 00 00 00 00 00 00 00 00 00 00 00 00 00 00 00 00 00 00 00 00  

 ---PT Stop

2026/9/30 15:19:52.256 [TX] - 56 69 56 4F 74 65 63 68 32 00 2C 01 00 01 00 0D 38 
2026/9/30 15:19:52.269 [RX] - 56 69 56 4F 74 65 63 68 32 00 2C 00 00 00 1C 9B  

2026/9/30 15:19:52.269 [RX] - 00 00 00 00 00 00 00 00 00 00 00 00 00 00 00 00 00 00 00 00 00 00 00 00 00 00 00 00 00 00 00 00 00 00 00 00 00 00 00 00 00 00 00 00 00 00 00 
2026/9/30 15:19:52.285 [TX] - 56 69 56 4F 74 65 63 68 32 00 04 00 00 05 DF EE 7C 01 00 70 00 
2026/9/30 15:19:52.323 [RX] - 56 69 56 4F 74 65 63 68 32 00 04 00 00 00 AE 16 00 00 00 00 00 00 00 00 00 00 00 00 00 00 00 00 00 00 00 00 00 00 00 00 00 00 00 00 00 00 00 00 00 00 00 00 00 00 00 00 00 00 00 00 00 00 00  

 ---------- END OF TEST ----------

 Result = PASSED


Docklight Log File (HEX) - Stopped 2026/9/30 15:19:52.452 

