Docklight Log File (HEX) - Started 2026/10/2 16:47:56.059 
 TEST CASE: EVT103

 --- Set POS COM PORT Settings
 Set POS COM PORT...
 POS operating on COM90 @ 115200 baud...
 Set POS COM PORT - COMPLETE

 

 --- RF LED 1 ON

2026/10/2 16:47:58.509 [TX] - 56 69 56 4F 74 65 63 68 32 00 01 0B 00 02 02 01 5B FB 
2026/10/2 16:47:58.517 [RX] - 56 69 56 4F 74 65 63 68 32 00 01 00 00 00 12 53 00 00 00 00 00 00 00 00 00 00 00 00 00 00 00 00 00 00 00 00 00 00 00 00 00 00 00 00 00 00 00 00 00 00 00 00 00 00 00 00 00 00 00 00 00 00 00  

 --- RF LED 1 OFF

2026/10/2 16:47:59.644 [TX] - 56 69 56 4F 74 65 63 68 32 00 01 0B 00 02 02 00 7A EB 
2026/10/2 16:47:59.659 [RX] - 56 69 56 4F 74 65 63 68 32 00 01 00 00 00 12 53 00 00 00 00 00 00 00 00 00 00 00 00 00 00 00 00 00 00 00 00 00 00 00 00 00 00 00 00 00 00 00 00 00 00 00 00 00 00 00 00 00 00 00 00 00 00 00  

 --- RF LED 2 ON

2026/10/2 16:48:00.456 [TX] - 56 69 56 4F 74 65 63 68 32 00 01 0B 00 02 02 11 6A E9 
2026/10/2 16:48:00.472 [RX] - 56 69 56 4F 74 65 63 68 32 00 01 00 00 00 12 53 00 00 00 00 00 00 00 00 00 00 00 00 00 00 00 00 00 00 00 00 00 00 00 00 00 00 00 00 00 00 00 00 00 00 00 00 00 00 00 00 00 00 00 00 00 00 00  

 --- RF LED 2 OFF

2026/10/2 16:48:01.406 [TX] - 56 69 56 4F 74 65 63 68 32 00 01 0B 00 02 02 10 4B F9 
2026/10/2 16:48:01.410 [RX] - 56 69 56 4F 74 65 63 68 32 00 01 00 00 00 12 53 00 00 00 00 00 00 00 00 00 00 00 00 00 00 00 00 00 00 00 00 00 00 00 00 00 00 00 00 00 00 00 00 00 00 00 00 00 00 00 00 00 00 00 00 00 00 00  

 --- RF LED 3 ON

2026/10/2 16:48:02.365 [TX] - 56 69 56 4F 74 65 63 68 32 00 01 0B 00 02 02 21 39 DF 
2026/10/2 16:48:02.369 [RX] - 56 69 56 4F 74 65 63 68 32 00 01 00 00 00 12 53 00 00 00 00 00 00 00 00 00 00 00 00 00 00 00 00 00 00 00 00 00 00 00 00 00 00 00 00 00 00 00 00 00 00 00 00 00 00 00 00 00 00 00 00 00 00 00  

 --- RF LED 3 OFF

2026/10/2 16:48:03.494 [TX] - 56 69 56 4F 74 65 63 68 32 00 01 0B 00 02 02 20 18 CF 
2026/10/2 16:48:03.496 [RX] - 56 69 56 4F 74 65 63 68 32 00 01 00 00 00 12 53 00 00 00 00 00 00 00 00 00 00 00 00 00 00 00 00 00 00 00 00 00 00 00 00 00 00 00 00 00 00 00 00 00 00 00 00 00 00 00 00 00 00 00 00 00 00 00  

 --- RF LED 4 ON

2026/10/2 16:48:04.288 [TX] - 56 69 56 4F 74 65 63 68 32 00 01 0B 00 02 02 31 08 CD 
2026/10/2 16:48:04.295 [RX] - 56 69 56 4F 74 65 63 68 32 00 01 00 00 00 12 53 00 00 00 00 00 00 00 00 00 00 00 00 00 00 00 00 00 00 00 00 00 00 00 00 00 00 00 00 00 00 00 00 00 00 00 00 00 00 00 00 00 00 00 00 00 00 00  

 --- RF LED 4 OFF

2026/10/2 16:48:05.357 [TX] - 56 69 56 4F 74 65 63 68 32 00 01 0B 00 02 02 30 29 DD 
2026/10/2 16:48:05.360 [RX] - 56 69 56 4F 74 65 63 68 32 00 01 00 00 00 12 53 00 00 00 00 00 00 00 00 00 00 00 00 00 00 00 00 00 00 00 00 00 00 00 00 00 00 00 00 00 00 00 00 00 00 00 00 00 00 00 00 00 00 00 00 00 00 00  

 --- MSR RED ON GREEN OFF

2026/10/2 16:48:06.590 [TX] - 56 69 56 4F 74 65 63 68 32 00 01 0B 00 02 37 11 0A 13 
2026/10/2 16:48:06.593 [RX] - 56 69 56 4F 74 65 63 68 32 00 01 00 00 00 12 53 00 00 00 00 00 00 00 00 00 00 00 00 00 00 00 00 00 00 00 00 00 00 00 00 00 00 00 00 00 00 00 00 00 00 00 00 00 00 00 00 00 00 00 00 00 00 00  

 --- MSR RED OFF GREEN ON

2026/10/2 16:48:09.570 [TX] - 56 69 56 4F 74 65 63 68 32 00 01 0B 00 02 37 12 69 23 
2026/10/2 16:48:09.585 [RX] - 56 69 56 4F 74 65 63 68 32 00 01 00 00 00 12 53 00 00 00 00 00 00 00 00 00 00 00 00 00 00 00 00 00 00 00 00 00 00 00 00 00 00 00 00 00 00 00 00 00 00 00 00 00 00 00 00 00 00 00 00 00 00 00  

 --- MSR Both ON

2026/10/2 16:48:10.554 [TX] - 56 69 56 4F 74 65 63 68 32 00 01 0B 00 02 37 13 48 33 
2026/10/2 16:48:10.561 [RX] - 56 69 56 4F 74 65 63 68 32 00 01 00 00 00 12 53 00 00 00 00 00 00 00 00 00 00 00 00 00 00 00 00 00 00 00 00 00 00 00 00 00 00 00 00 00 00 00 00 00 00 00 00 00 00 00 00 00 00 00 00 00 00 00  

 --- MSR Both OFF

2026/10/2 16:48:12.098 [TX] - 56 69 56 4F 74 65 63 68 32 00 01 0B 00 02 37 10 2B 03 
2026/10/2 16:48:12.105 [RX] - 56 69 56 4F 74 65 63 68 32 00 01 00 00 00 12 53 00 00 00 00 00 00 00 00 00 00 00 00 00 00 00 00 00 00 00 00 00 00 00 00 00 00 00 00 00 00 00 00 00 00 00 00 00 00 00 00 00 00 00 00 00 00 00  

 --- NFC LED ON

2026/10/2 16:48:14.073 [TX] - 56 69 56 4F 74 65 63 68 32 00 01 0B 00 02 37 31 68 37 
2026/10/2 16:48:14.088 [RX] - 56 69 56 4F 74 65 63 68 32 00 01 00 00 00 12 53 00 00 00 00 00 00 00 00 00 00 00 00 00 00 00 00 00 00 00 00 00 00 00 00 00 00 00 00 00 00 00 00 00 00 00 00 00 00 00 00 00 00 00 00 00 00 00  

 --- NFC LED OFF

2026/10/2 16:48:15.493 [TX] - 56 69 56 4F 74 65 63 68 32 00 01 0B 00 02 37 30 49 27 
2026/10/2 16:48:15.499 [RX] - 56 69 56 4F 74 65 63 68 32 00 01 00 00 00 12 53 00 00 00 00 00 00 00 00 00 00 00 00 00 00 00 00 00 00 00 00 00 00 00 00 00 00 00 00 00 00 00 00 00 00 00 00 00 00 00 00 00 00 00 00 00 00 00  

 --- Key LED ON

2026/10/2 16:48:16.546 [TX] - 56 69 56 4F 74 65 63 68 32 00 01 0B 00 02 37 21 59 25 
2026/10/2 16:48:16.549 [RX] - 56 69 56 4F 74 65 63 68 32 00 01 00 00 00 12 53 00 00 00 00 00 00 00 00 00 00 00 00 00 00 00 00 00 00 00 00 00 00 00 00 00 00 00 00 00 00 00 00 00 00 00 00 00 00 00 00 00 00 00 00 00 00 00  

 --- Key LED OFF

2026/10/2 16:48:17.615 [TX] - 56 69 56 4F 74 65 63 68 32 00 01 0B 00 02 37 20 78 35 
2026/10/2 16:48:17.618 [RX] - 56 69 56 4F 74 65 63 68 32 00 01 00 00 00 12 53 00 00 00 00 00 00 00 00 00 00 00 00 00 00 00 00 00 00 00 00 00 00 00 00 00 00 00 00 00 00 00 00 00 00 00 00 00 00 00 00 00 00 00 00 00 00 00  

 --- All peripherals-ON

2026/10/2 16:48:18.728 [TX] - 56 69 56 4F 74 65 63 68 32 00 01 0B 00 02 FF 01 C6 9E 
2026/10/2 16:48:18.733 [RX] - 56 69 56 4F 74 65 63 68 32 00 01 00 00 00 12 53 00 00 00 00 00 00 00 00 00 00 00 00 00 00 00 00 00 00 00 00 00 00 00 00 00 00 00 00 00 00 00 00 00 00 00 00 00 00 00 00 00 00 00 00 00 00 00  

 --- All peripherals-OFF

2026/10/2 16:48:23.531 [TX] - 56 69 56 4F 74 65 63 68 32 00 01 0B 00 02 FF 00 E7 8E 
2026/10/2 16:48:23.536 [RX] - 56 69 56 4F 74 65 63 68 32 00 01 00 00 00 12 53 00 00 00 00 00 00 00 00 00 00 00 00 00 00 00 00 00 00 00 00 00 00 00 00 00 00 00 00 00 00 00 00 00 00 00 00 00 00 00 00 00 00 00 00 00 00 00  

 ---------- END OF TEST ----------

 Result = PASSED


Docklight Log File (HEX) - Stopped 2026/10/2 16:48:24.802 

