Docklight Log File (HEX) - Started 2026/7/27 11:44:22.622 
 TEST CASE: AC205

 --- Set POS COM PORT Settings
 Set POS COM PORT...
 POS operating on COM90 @ 115200 baud...
 Set POS COM PORT - COMPLETE

 --- Set default config

2026/7/27 11:44:23.858 [TX] - 56 69 56 4F 74 65 63 68 32 00 04 09 00 00 87 30 
2026/7/27 11:44:24.778 [RX] - 56 69 56 4F 74 65 63 68 32 00 04 00 00 00 AE 16 00 00 00 00 00 00 00 00 00 00 00 00 00 00 00 00 00 00 00 00 00 00 00 00 00 00 00 00 00 00 00 00 00 00 00 00 00 00 00 00 00 00 00 00 00 00 00  

 --- Poll on Demand

2026/7/27 11:44:24.789 [TX] - 56 69 56 4F 74 65 63 68 32 00 01 01 00 01 01 D7 34 
2026/7/27 11:44:24.801 [RX] - 56 69 56 4F 74 65 63 68 32 00 01 00 00 00 12 53 00 00 00 00 00 00 00 00 00 00 00 00 00 00 00 00 00 00 00 00 00 00 00 00 00 00 00 00 00 00 00 00 00 00 00 00 00 00 00 00 00 00 00 00 00 00 00  

 --- Burst Off

2026/7/27 11:44:25.336 [TX] - 56 69 56 4F 74 65 63 68 32 00 04 00 00 05 DF EE 7E 01 00 60 1E 
2026/7/27 11:44:25.393 [RX] - 56 69 56 4F 74 65 63 68 32 00 04 00 00 00 AE 16 00 00 00 00 00 00 00 00 00 00 00 00 00 00 00 00 00 00 00 00 00 00 00 00 00 00 00 00 00 00 00 00 00 00 00 00 00 00 00 00 00 00 00 00 00 00 00  

 --- 02-40

2026/7/27 11:44:28.521 [TX] - 56 69 56 4F 74 65 63 68 32 00 02 40 00 12 0A 9F 02 06 00 00 00 00 02 00 9C 01 00 DF EF 37 01 02 6A 0E 
2026/7/27 11:44:29.335 [RX] - 56 69 56 4F 74 65 63 68 32 00 61 01 00 10 03 00 00 02 00 45 4E 03 00 82 54 1C 02 00 00 20 BE 7D 00 00 00 00 00 00 00 00 00 00 00 00 00 00 00 00 00 00 00 00 00 00 00 00 00 00 00 00 00 00 00 56 69 56 4F 74 65 63 68 32 00 61 01 00 19 04 00 00 02 00 45 4E 0C 00 84 01 1C 04 24 1C 04 32 2E 30 30 1C 02 00 F4 21 18 E1 00 00 00 00 00 00 00 00 00 00 00 00 00 00 00 00 00 00 00 00 00 00 56 69 56 4F 74 65 63 68 32 00 61 01 00 10 03 00 00 02 00 45 4E 03 00 82 1A 1C 02 00 F4 21 29 58 00 00 00 00 00 00 00 00 00 00 00 00 00 00 00 00 00 00 00 00 00 00 00 00 00 00 00 00 00 00 00 56 69 56 4F 74 65 63 68 32 00 61 01 00 10 03 00 00 02 00 45 4E 03 00 82 68 1C 02 00 F4 21 F5 96 00 00 00 00 00 00 00 00 00 00 00 00 00 00 00 00 00 00 00 00 00 00 00 00 00 00 00 00 00 00 00 56 69 56 4F 74 65 63 68 32 00 61 01 00 10 03 00 00 02 00 45 4E 03 00 82 15 1C 02 00 F4 21 2A 9D 00 00 00 00 00 00 00 00 00 00 00 00 00 00 00 00 00 00 00 00 00 00 00 00 00 00 00 00 00 00 00 56 69 56 4F 74 65 63 68 32 00 02 23 02 16 E1 DF EE 26 02 E1 00 DF EE 12 0A FF FF FF 02 00 1B 44 80 00 01 DF EF 4C 06 00 00 00 00 00 00 DF EF 4D 00 DF 81 29 08 30 F0 F0 F0 A0 F0 FF 00 DF 81 16 16 1B FF 00 00 13 00 00 00 00 00 00 00 00 00 00 00 00 00 00 00 00 00 FF 81 05 82 01 73 4F 07 A0 00 00 00 03 10 10 50 0A 56 69 73 61 20 44 65 62 69 74 57 A1 11 43 49 CC CC CC CC 10 27 D3 10 5C CC CC CC CC CC CC 57 C1 18 E8 B9 E7 16 29 8C 9A 52 36 2D 7A 30 06 6F 4D FB 3B 61 2A 76 C8 20 B4 66 5A A1 08 43 49 CC CC CC CC 10 27 5A C1 10 A4 64 89 42 E2 B0 26 90 3E FE C0 74 6C 85 D0 8C 82 02 00 20 84 07 A0 00 00 00 03 10 10  Tag 84 (VISA) 95 05 00 00 00 00 00 96 01 03 9A 03 26 07 27 9C 01 00 5F 20 02 20 2F 5F 28 02 00 36 5F 2A 02 08 40 5F 2D 02 65 6E 5F 34 01 00 5F 36 01 02 9F 02 06 00 00 00 00 02 00 9F 03 06 00 00 00 00 00 00 9F 06 07 A0 00 00 00 03 10 10 9F 09 02 00 02 9F 10 07 06 01 12 03 A0 00 00 9F 15 02 00 00 9F 1A 02 08 40 9F 1B 04 00 00 1F 40 9F 1E 08 38 54 39 34 35 30 37 39 9F 21 03 03 44 28 9F 26 08 D1 84 47 88 1C C1 79 CF 9F 27 01 80 9F 33 03 E0 08 40 9F 34 03 3F 00 00 9F 35 01 15 9F 36 02 00 20 9F 37 04 97 F7 03 C6 9F 39 01 07 9F 40 05 80 00 00 00 00 9F 41 04 00 00 00 01 9F 4E 1E 00 00 00 00 00 00 00 00 00 00 00 00 00 00 00 00 00 00 00 00 00 00 00 00 00 00 00 00 00 00 9F 5A 05 40 00 36 00 36 9F 66 04 30 00 C0 00 9F 6C 02 30 00 9F 6E 04 20 70 00 00 DF 81 26 06 00 00 00 00 60 00 DF EE 4C 01 06 FF EE 01 0A DF EE 30 01 00 DF EE 5B 01 05 DF EC 1C 1E 08 03 00 04 FF 00 1B 00 00 00 13 FF 00 00 00 00 00 00 00 00 00 00 00 00 00 00 00 00 FF 00 DF EC 11 20 17 20 3E F3 70 85 47 83 67 9A 5E 07 45 A1 13 39 84 7C 1C E3 24 6C 1F AB D2 A6 23 1F 92 E4 92 4F B6 FE 00 00 00 00 00 00 00 00 00 00 00 00 00 00 00 00 00  

 --- EFTPOS_priority = FF (highest)

2026/7/27 11:44:30.796 [TX] - 56 69 56 4F 74 65 63 68 32 00 04 02 00 31 DF EE 2D 01 E1 9F 06 06 A0 00 00 03 84 10 DF EE 54 06 3A 00 E1 3A 20 E1 DF EE 59 01 3A DF EE 4B 01 01 DF EF 2C 01 00 DF EE 2E 01 10 DF EC 62 01 FF 02 75 
2026/7/27 11:44:31.022 [RX] - 56 69 56 4F 74 65 63 68 32 00 04 00 00 00 AE 16 00 00 00 00 00 00 00 00 00 00 00 00 00 00 00 00 00 00 00 00 00 00 00 00 00 00 00 00 00 00 00 00 00 00 00 00 00 00 00 00 00 00 00 00 00 00 00  

 --- VISA_priority = 00 (lowest)

2026/7/27 11:44:31.565 [TX] - 56 69 56 4F 74 65 63 68 32 00 04 02 00 38 DF EE 2D 01 90 9F 06 07 A0 00 00 00 03 10 10 DF EE 4B 01 01 DF EE 4D 01 14 DF EE 2E 01 10 DF EE 54 0C 03 00 90 03 01 90 03 20 90 03 09 90 DF EE 59 01 03 DF EC 62 01 00 3D AF 
2026/7/27 11:44:31.619 [RX] - 56 69 56 4F 74 65 63 68 32 00 04 00 00 00 AE 16 00 00 00 00 00 00 00 00 00 00 00 00 00 00 00 00 00 00 00 00 00 00 00 00 00 00 00 00 00 00 00 00 00 00 00 00 00 00 00 00 00 00 00 00 00 00 00  

 --- 02-40

2026/7/27 11:44:33.245 [TX] - 56 69 56 4F 74 65 63 68 32 00 02 40 00 12 0A 9F 02 06 00 00 00 00 02 00 9C 01 00 DF EF 37 01 02 6A 0E 
2026/7/27 11:44:33.969 [RX] - 56 69 56 4F 74 65 63 68 32 00 61 01 00 10 03 00 00 02 00 45 4E 03 00 82 54 1C 02 00 00 20 BE 7D 00 00 00 00 00 00 00 00 00 00 00 00 00 00 00 00 00 00 00 00 00 00 00 00 00 00 00 00 00 00 00 56 69 56 4F 74 65 63 68 32 00 61 01 00 19 04 00 00 02 00 45 4E 0C 00 84 01 1C 04 24 1C 04 32 2E 30 30 1C 02 00 F4 21 18 E1 00 00 00 00 00 00 00 00 00 00 00 00 00 00 00 00 00 00 00 00 00 00 56 69 56 4F 74 65 63 68 32 00 61 01 00 10 03 00 00 02 00 45 4E 03 00 82 1A 1C 02 00 F4 21 29 58 00 00 00 00 00 00 00 00 00 00 00 00 00 00 00 00 00 00 00 00 00 00 00 00 00 00 00 00 00 00 00 56 69 56 4F 74 65 63 68 32 00 61 01 00 10 03 00 00 02 00 45 4E 03 00 82 15 1C 02 00 F4 21 2A 9D 00 00 00 00 00 00 00 00 00 00 00 00 00 00 00 00 00 00 00 00 00 00 00 00 00 00 00 00 00 00 00 56 69 56 4F 74 65 63 68 32 00 02 23 02 84 E1 DF EE 26 02 E1 00 DF EE 12 0A FF FF FF 02 00 1B 44 80 00 02 DF EF 4C 06 00 00 00 00 00 00 DF EF 4D 00 DF 81 29 08 30 F0 F0 00 A0 F0 FF 00 DF 81 16 16 1B 04 00 00 00 00 00 00 00 00 00 00 00 00 00 00 00 00 00 00 00 00 FF 81 05 82 01 E6 50 0A 65 66 74 70 6F 73 20 53 41 56 57 A1 11 43 49 CC CC CC CC 10 27 D3 10 5C CC CC CC CC CC CC 57 C1 18 B7 FD 61 20 5B 17 52 D6 4F C0 8E D2 B6 B2 43 9E 09 E6 E0 A4 26 B5 A9 D7 9B 02 40 00 5A A1 08 43 49 CC CC CC CC 10 27 5A C1 10 B2 47 77 3A BD 0A A6 5A 91 67 89 6D 4B 9E 97 AC 82 02 18 00 84 06 A0 00 00 03 84 10  Tag 84 (EFTPOS) 8C 15 9F 02 06 9F 03 06 9F 1A 02 95 05 5F 2A 02 9A 03 9C 01 9F 37 04 8E 0C 00 00 27 10 00 00 00 00 5F 06 02 00 95 05 00 00 00 00 00 9A 03 26 07 27 9C 01 00 5F 20 02 20 2F 5F 24 03 31 05 31 5F 25 03 21 05 01 5F 28 02 00 36 5F 2A 02 00 36 5F 34 01 00 5F 57 01 10 9F 02 06 00 00 00 00 02 00 9F 03 06 00 00 00 00 00 00 9F 07 02 29 00 9F 0D 05 B0 40 94 08 00 9F 0E 05 06 10 08 00 00 9F 0F 05 B0 60 D4 98 00 9F 10 20 0F A5 08 A8 00 F8 02 00 00 00 00 00 00 00 00 00 0F 0E 00 00 00 00 00 00 00 00 00 00 00 00 00 00 9F 1A 02 00 36 9F 1E 08 38 54 39 34 35 30 37 39 9F 21 03 03 44 33 9F 26 08 01 02 02 04 05 06 07 08 9F 27 01 80 9F 33 03 E0 48 08 9F 34 03 5F 06 02 9F 35 01 25 9F 36 02 00 1E 9F 37 04 84 CE CD EB 9F 39 01 07 9F 41 04 00 00 00 02 9F 42 02 00 36 9F 4B 70 76 F3 96 09 70 33 A2 EE F2 9E ED DA 53 F4 85 17 18 15 F8 19 6A D8 38 B2 C2 4D B7 FC AF D8 CE 0A BC D4 11 7E 45 2B 2F 60 94 0F D7 6B 75 7E 58 14 42 7B 3A A2 64 07 F1 DE E5 2B F9 11 BA B9 41 88 EF C1 1D E8 A4 9C 66 98 1A AD 0B BD 12 2A 75 53 DC 86 36 BE 7D C6 52 63 62 C6 48 55 18 9D 6F 76 B5 89 E8 CF 6F 8C 1A 65 5A D6 C3 0E CD 9A FB 0A 9F 66 04 00 00 00 00 DF EC 4D 05 80 80 00 00 00 FF EE 01 05 DF EE 30 01 00 DF EC 1C 1E 08 03 00 03 FF 00 1B 04 00 00 00 FF 00 00 00 00 00 00 00 00 00 00 00 00 00 00 00 00 FF 00 DF EC 11 20 17 20 3E F3 70 85 47 83 67 9A 5E 07 45 A1 13 39 84 7C 1C E3 24 6C 1F AB D2 A6 23 1F 92 E4 92 4F 68 FF 00 00 00 00 00 00 00 00 00 00 00 00 00 00 00 00 00 00 00 00 00 00 00 00 00 00 00 00 00 00 00 00 00  

 --- EFTPOS_priority = 00 (lowest)

2026/7/27 11:44:35.460 [TX] - 56 69 56 4F 74 65 63 68 32 00 04 02 00 31 DF EE 2D 01 E1 9F 06 06 A0 00 00 03 84 10 DF EE 54 06 3A 00 E1 3A 20 E1 DF EE 59 01 3A DF EE 4B 01 01 DF EF 2C 01 00 DF EE 2E 01 10 DF EC 62 01 00 F2 6B 
2026/7/27 11:44:35.523 [RX] - 56 69 56 4F 74 65 63 68 32 00 04 00 00 00 AE 16 00 00 00 00 00 00 00 00 00 00 00 00 00 00 00 00 00 00 00 00 00 00 00 00 00 00 00 00 00 00 00 00 00 00 00 00 00 00 00 00 00 00 00 00 00 00 00  

 --- VISA_priority = not configured

2026/7/27 11:44:36.054 [TX] - 56 69 56 4F 74 65 63 68 32 00 04 02 00 33 DF EE 2D 01 90 9F 06 07 A0 00 00 00 03 10 10 DF EE 4B 01 01 DF EE 4D 01 14 DF EE 2E 01 10 DF EE 54 0C 03 00 90 03 01 90 03 20 90 03 09 90 DF EE 59 01 03 4D 09 
2026/7/27 11:44:36.113 [RX] - 56 69 56 4F 74 65 63 68 32 00 04 00 00 00 AE 16 00 00 00 00 00 00 00 00 00 00 00 00 00 00 00 00 00 00 00 00 00 00 00 00 00 00 00 00 00 00 00 00 00 00 00 00 00 00 00 00 00 00 00 00 00 00 00  

 --- 02-40

2026/7/27 11:44:39.790 [TX] - 56 69 56 4F 74 65 63 68 32 00 02 40 00 12 0A 9F 02 06 00 00 00 00 02 00 9C 01 00 DF EF 37 01 02 6A 0E 
2026/7/27 11:44:40.540 [RX] - 56 69 56 4F 74 65 63 68 32 00 61 01 00 10 03 00 00 02 00 45 4E 03 00 82 54 1C 02 00 00 20 BE 7D 00 00 00 00 00 00 00 00 00 00 00 00 00 00 00 00 00 00 00 00 00 00 00 00 00 00 00 00 00 00 00 56 69 56 4F 74 65 63 68 32 00 61 01 00 19 04 00 00 02 00 45 4E 0C 00 84 01 1C 04 24 1C 04 32 2E 30 30 1C 02 00 F4 21 18 E1 00 00 00 00 00 00 00 00 00 00 00 00 00 00 00 00 00 00 00 00 00 00 56 69 56 4F 74 65 63 68 32 00 61 01 00 10 03 00 00 02 00 45 4E 03 00 82 1A 1C 02 00 F4 21 29 58 00 00 00 00 00 00 00 00 00 00 00 00 00 00 00 00 00 00 00 00 00 00 00 00 00 00 00 00 00 00 00 56 69 56 4F 74 65 63 68 32 00 61 01 00 10 03 00 00 02 00 45 4E 03 00 82 15 1C 02 00 F4 21 2A 9D 00 00 00 00 00 00 00 00 00 00 00 00 00 00 00 00 00 00 00 00 00 00 00 00 00 00 00 00 00 00 00 56 69 56 4F 74 65 63 68 32 00 02 23 02 84 E1 DF EE 26 02 E1 00 DF EE 12 0A FF FF FF 02 00 1B 44 80 00 03 DF EF 4C 06 00 00 00 00 00 00 DF EF 4D 00 DF 81 29 08 30 F0 F0 00 A0 F0 FF 00 DF 81 16 16 1B 04 00 00 00 00 00 00 00 00 00 00 00 00 00 00 00 00 00 00 00 00 FF 81 05 82 01 E6 50 0A 65 66 74 70 6F 73 20 53 41 56 57 A1 11 43 49 CC CC CC CC 10 27 D3 10 5C CC CC CC CC CC CC 57 C1 18 ED F9 B6 CB 33 6C A5 01 37 76 B9 EF 1A 00 9A BA AD D2 9D 86 B0 49 23 81 9B 02 40 00 5A A1 08 43 49 CC CC CC CC 10 27 5A C1 10 5D C1 DC D3 5B AC E0 B0 13 A2 AB F3 9E 59 71 00 82 02 18 00 84 06 A0 00 00 03 84 10  Tag 84 (EFTPOS) 8C 15 9F 02 06 9F 03 06 9F 1A 02 95 05 5F 2A 02 9A 03 9C 01 9F 37 04 8E 0C 00 00 27 10 00 00 00 00 5F 06 02 00 95 05 00 00 00 00 00 9A 03 26 07 27 9C 01 00 5F 20 02 20 2F 5F 24 03 31 05 31 5F 25 03 21 05 01 5F 28 02 00 36 5F 2A 02 00 36 5F 34 01 00 5F 57 01 10 9F 02 06 00 00 00 00 02 00 9F 03 06 00 00 00 00 00 00 9F 07 02 29 00 9F 0D 05 B0 40 94 08 00 9F 0E 05 06 10 08 00 00 9F 0F 05 B0 60 D4 98 00 9F 10 20 0F A5 08 A8 00 F8 02 00 00 00 00 00 00 00 00 00 0F 0E 00 00 00 00 00 00 00 00 00 00 00 00 00 00 9F 1A 02 00 36 9F 1E 08 38 54 39 34 35 30 37 39 9F 21 03 03 44 40 9F 26 08 01 02 02 04 05 06 07 08 9F 27 01 80 9F 33 03 E0 48 08 9F 34 03 5F 06 02 9F 35 01 25 9F 36 02 00 1E 9F 37 04 D5 7B 48 F3 9F 39 01 07 9F 41 04 00 00 00 03 9F 42 02 00 36 9F 4B 70 76 F3 96 09 70 33 A2 EE F2 9E ED DA 53 F4 85 17 18 15 F8 19 6A D8 38 B2 C2 4D B7 FC AF D8 CE 0A BC D4 11 7E 45 2B 2F 60 94 0F D7 6B 75 7E 58 14 42 7B 3A A2 64 07 F1 DE E5 2B F9 11 BA B9 41 88 EF C1 1D E8 A4 9C 66 98 1A AD 0B BD 12 2A 75 53 DC 86 36 BE 7D C6 52 63 62 C6 48 55 18 9D 6F 76 B5 89 E8 CF 6F 8C 1A 65 5A D6 C3 0E CD 9A FB 0A 9F 66 04 00 00 00 00 DF EC 4D 05 80 80 00 00 00 FF EE 01 05 DF EE 30 01 00 DF EC 1C 1E 08 03 00 03 FF 00 1B 04 00 00 00 FF 00 00 00 00 00 00 00 00 00 00 00 00 00 00 00 00 FF 00 DF EC 11 20 17 20 3E F3 70 85 47 83 67 9A 5E 07 45 A1 13 39 84 7C 1C E3 24 6C 1F AB D2 A6 23 1F 92 E4 92 4F 11 39 00 00 00 00 00 00 00 00 00 00 00 00 00 00 00 00 00 00 00 00 00 00 00 00 00 00 00 00 00 00 00 00 00  

 --- EFTPOS_priority = 05

2026/7/27 11:44:41.773 [TX] - 56 69 56 4F 74 65 63 68 32 00 04 02 00 31 DF EE 2D 01 E1 9F 06 06 A0 00 00 03 84 10 DF EE 54 06 3A 00 E1 3A 20 E1 DF EE 59 01 3A DF EE 4B 01 01 DF EF 2C 01 00 DF EE 2E 01 10 DF EC 62 01 05 57 3B 
2026/7/27 11:44:41.841 [RX] - 56 69 56 4F 74 65 63 68 32 00 04 00 00 00 AE 16 00 00 00 00 00 00 00 00 00 00 00 00 00 00 00 00 00 00 00 00 00 00 00 00 00 00 00 00 00 00 00 00 00 00 00 00 00 00 00 00 00 00 00 00 00 00 00  

 --- VISA_priority = 02

2026/7/27 11:44:42.371 [TX] - 56 69 56 4F 74 65 63 68 32 00 04 02 00 38 DF EE 2D 01 90 9F 06 07 A0 00 00 00 03 10 10 DF EE 4B 01 01 DF EE 4D 01 14 DF EE 2E 01 10 DF EE 54 0C 03 00 90 03 01 90 03 20 90 03 09 90 DF EE 59 01 03 DF EC 62 01 02 7F 8F 
2026/7/27 11:44:42.518 [RX] - 56 69 56 4F 74 65 63 68 32 00 04 00 00 00 AE 16 00 00 00 00 00 00 00 00 00 00 00 00 00 00 00 00 00 00 00 00 00 00 00 00 00 00 00 00 00 00 00 00 00 00 00 00 00 00 00 00 00 00 00 00 00 00 00  

 --- 02-40

2026/7/27 11:44:43.725 [TX] - 56 69 56 4F 74 65 63 68 32 00 02 40 00 12 0A 9F 02 06 00 00 00 00 02 00 9C 01 00 DF EF 37 01 02 6A 0E 
2026/7/27 11:44:44.471 [RX] - 56 69 56 4F 74 65 63 68 32 00 61 01 00 10 03 00 00 02 00 45 4E 03 00 82 54 1C 02 00 00 20 BE 7D 00 00 00 00 00 00 00 00 00 00 00 00 00 00 00 00 00 00 00 00 00 00 00 00 00 00 00 00 00 00 00 56 69 56 4F 74 65 63 68 32 00 61 01 00 19 04 00 00 02 00 45 4E 0C 00 84 01 1C 04 24 1C 04 32 2E 30 30 1C 02 00 F4 21 18 E1 00 00 00 00 00 00 00 00 00 00 00 00 00 00 00 00 00 00 00 00 00 00 56 69 56 4F 74 65 63 68 32 00 61 01 00 10 03 00 00 02 00 45 4E 03 00 82 1A 1C 02 00 F4 21 29 58 00 00 00 00 00 00 00 00 00 00 00 00 00 00 00 00 00 00 00 00 00 00 00 00 00 00 00 00 00 00 00 56 69 56 4F 74 65 63 68 32 00 61 01 00 10 03 00 00 02 00 45 4E 03 00 82 15 1C 02 00 F4 21 2A 9D 00 00 00 00 00 00 00 00 00 00 00 00 00 00 00 00 00 00 00 00 00 00 00 00 00 00 00 00 00 00 00 56 69 56 4F 74 65 63 68 32 00 02 23 02 84 E1 DF EE 26 02 E1 00 DF EE 12 0A FF FF FF 02 00 1B 44 80 00 04 DF EF 4C 06 00 00 00 00 00 00 DF EF 4D 00 DF 81 29 08 30 F0 F0 00 A0 F0 FF 00 DF 81 16 16 1B 04 00 00 00 00 00 00 00 00 00 00 00 00 00 00 00 00 00 00 00 00 FF 81 05 82 01 E6 50 0A 65 66 74 70 6F 73 20 53 41 56 57 A1 11 43 49 CC CC CC CC 10 27 D3 10 5C CC CC CC CC CC CC 57 C1 18 E0 E2 D8 DC 0E 20 8A D1 E0 88 75 7F 4C 0D D1 6D 1C 96 51 C0 55 86 BE B7 9B 02 40 00 5A A1 08 43 49 CC CC CC CC 10 27 5A C1 10 37 AB 67 50 85 85 05 4D AC C4 73 06 F8 CC 93 F6 82 02 18 00 84 06 A0 00 00 03 84 10  Tag 84 (EFTPOS) 8C 15 9F 02 06 9F 03 06 9F 1A 02 95 05 5F 2A 02 9A 03 9C 01 9F 37 04 8E 0C 00 00 27 10 00 00 00 00 5F 06 02 00 95 05 00 00 00 00 00 9A 03 26 07 27 9C 01 00 5F 20 02 20 2F 5F 24 03 31 05 31 5F 25 03 21 05 01 5F 28 02 00 36 5F 2A 02 00 36 5F 34 01 00 5F 57 01 10 9F 02 06 00 00 00 00 02 00 9F 03 06 00 00 00 00 00 00 9F 07 02 29 00 9F 0D 05 B0 40 94 08 00 9F 0E 05 06 10 08 00 00 9F 0F 05 B0 60 D4 98 00 9F 10 20 0F A5 08 A8 00 F8 02 00 00 00 00 00 00 00 00 00 0F 0E 00 00 00 00 00 00 00 00 00 00 00 00 00 00 9F 1A 02 00 36 9F 1E 08 38 54 39 34 35 30 37 39 9F 21 03 03 44 44 9F 26 08 01 02 02 04 05 06 07 08 9F 27 01 80 9F 33 03 E0 48 08 9F 34 03 5F 06 02 9F 35 01 25 9F 36 02 00 1E 9F 37 04 FD 67 D9 C4 9F 39 01 07 9F 41 04 00 00 00 04 9F 42 02 00 36 9F 4B 70 76 F3 96 09 70 33 A2 EE F2 9E ED DA 53 F4 85 17 18 15 F8 19 6A D8 38 B2 C2 4D B7 FC AF D8 CE 0A BC D4 11 7E 45 2B 2F 60 94 0F D7 6B 75 7E 58 14 42 7B 3A A2 64 07 F1 DE E5 2B F9 11 BA B9 41 88 EF C1 1D E8 A4 9C 66 98 1A AD 0B BD 12 2A 75 53 DC 86 36 BE 7D C6 52 63 62 C6 48 55 18 9D 6F 76 B5 89 E8 CF 6F 8C 1A 65 5A D6 C3 0E CD 9A FB 0A 9F 66 04 00 00 00 00 DF EC 4D 05 80 80 00 00 00 FF EE 01 05 DF EE 30 01 00 DF EC 1C 1E 08 03 00 03 FF 00 1B 04 00 00 00 FF 00 00 00 00 00 00 00 00 00 00 00 00 00 00 00 00 FF 00 DF EC 11 20 17 20 3E F3 70 85 47 83 67 9A 5E 07 45 A1 13 39 84 7C 1C E3 24 6C 1F AB D2 A6 23 1F 92 E4 92 4F A7 5D 00 00 00 00 00 00 00 00 00 00 00 00 00 00 00 00 00 00 00 00 00 00 00 00 00 00 00 00 00 00 00 00 00  

 --- EFTPOS_priority = FF (highest)

2026/7/27 11:44:45.852 [TX] - 56 69 56 4F 74 65 63 68 32 00 04 02 00 31 DF EE 2D 01 E1 9F 06 06 A0 00 00 03 84 10 DF EE 54 06 3A 00 E1 3A 20 E1 DF EE 59 01 3A DF EE 4B 01 01 DF EF 2C 01 00 DF EE 2E 01 10 DF EC 62 01 FF 02 75 
2026/7/27 11:44:45.914 [RX] - 56 69 56 4F 74 65 63 68 32 00 04 00 00 00 AE 16 00 00 00 00 00 00 00 00 00 00 00 00 00 00 00 00 00 00 00 00 00 00 00 00 00 00 00 00 00 00 00 00 00 00 00 00 00 00 00 00 00 00 00 00 00 00 00  

 --- VISA_priority = FF (highest)

2026/7/27 11:44:46.445 [TX] - 56 69 56 4F 74 65 63 68 32 00 04 02 00 38 DF EE 2D 01 90 9F 06 07 A0 00 00 00 03 10 10 DF EE 4B 01 01 DF EE 4D 01 14 DF EE 2E 01 10 DF EE 54 0C 03 00 90 03 01 90 03 20 90 03 09 90 DF EE 59 01 03 DF EC 62 01 FF CD B1 
2026/7/27 11:44:46.504 [RX] - 56 69 56 4F 74 65 63 68 32 00 04 00 00 00 AE 16 00 00 00 00 00 00 00 00 00 00 00 00 00 00 00 00 00 00 00 00 00 00 00 00 00 00 00 00 00 00 00 00 00 00 00 00 00 00 00 00 00 00 00 00 00 00 00  

 --- 02-40

2026/7/27 11:44:47.503 [TX] - 56 69 56 4F 74 65 63 68 32 00 02 40 00 12 0A 9F 02 06 00 00 00 00 02 00 9C 01 00 DF EF 37 01 02 6A 0E 
2026/7/27 11:44:48.240 [RX] - 56 69 56 4F 74 65 63 68 32 00 61 01 00 10 03 00 00 02 00 45 4E 03 00 82 54 1C 02 00 00 20 BE 7D 00 00 00 00 00 00 00 00 00 00 00 00 00 00 00 00 00 00 00 00 00 00 00 00 00 00 00 00 00 00 00 56 69 56 4F 74 65 63 68 32 00 61 01 00 19 04 00 00 02 00 45 4E 0C 00 84 01 1C 04 24 1C 04 32 2E 30 30 1C 02 00 F4 21 18 E1 00 00 00 00 00 00 00 00 00 00 00 00 00 00 00 00 00 00 00 00 00 00 56 69 56 4F 74 65 63 68 32 00 61 01 00 10 03 00 00 02 00 45 4E 03 00 82 1A 1C 02 00 F4 21 29 58 00 00 00 00 00 00 00 00 00 00 00 00 00 00 00 00 00 00 00 00 00 00 00 00 00 00 00 00 00 00 00 56 69 56 4F 74 65 63 68 32 00 61 01 00 10 03 00 00 02 00 45 4E 03 00 82 68 1C 02 00 F4 21 F5 96 00 00 00 00 00 00 00 00 00 00 00 00 00 00 00 00 00 00 00 00 00 00 00 00 00 00 00 00 00 00 00 56 69 56 4F 74 65 63 68 32 00 61 01 00 10 03 00 00 02 00 45 4E 03 00 82 15 1C 02 00 F4 21 2A 9D 00 00 00 00 00 00 00 00 00 00 00 00 00 00 00 00 00 00 00 00 00 00 00 00 00 00 00 00 00 00 00 56 69 56 4F 74 65 63 68 32 00 02 23 02 16 E1 DF EE 26 02 E1 00 DF EE 12 0A FF FF FF 02 00 1B 44 80 00 05 DF EF 4C 06 00 00 00 00 00 00 DF EF 4D 00 DF 81 29 08 30 F0 F0 F0 A0 F0 FF 00 DF 81 16 16 1B FF 00 00 13 00 00 00 00 00 00 00 00 00 00 00 00 00 00 00 00 00 FF 81 05 82 01 73 4F 07 A0 00 00 00 03 10 10 50 0A 56 69 73 61 20 44 65 62 69 74 57 A1 11 43 49 CC CC CC CC 10 27 D3 10 5C CC CC CC CC CC CC 57 C1 18 36 A0 C4 9F FD 79 B7 F4 29 45 38 C6 B1 9F E8 C7 83 93 BF BA 61 9D D8 52 5A A1 08 43 49 CC CC CC CC 10 27 5A C1 10 98 5F EA 10 39 5C 01 38 7E 52 ED 5D 59 7A 49 A7 82 02 00 20 84 07 A0 00 00 00 03 10 10  Tag 84 (VISA) 95 05 00 00 00 00 00 96 01 03 9A 03 26 07 27 9C 01 00 5F 20 02 20 2F 5F 28 02 00 36 5F 2A 02 08 40 5F 2D 02 65 6E 5F 34 01 00 5F 36 01 02 9F 02 06 00 00 00 00 02 00 9F 03 06 00 00 00 00 00 00 9F 06 07 A0 00 00 00 03 10 10 9F 09 02 00 02 9F 10 07 06 01 12 03 A0 00 00 9F 15 02 00 00 9F 1A 02 08 40 9F 1B 04 00 00 1F 40 9F 1E 08 38 54 39 34 35 30 37 39 9F 21 03 03 44 47 9F 26 08 D1 84 47 88 1C C1 79 CF 9F 27 01 80 9F 33 03 E0 08 40 9F 34 03 3F 00 00 9F 35 01 15 9F 36 02 00 20 9F 37 04 B3 6B 2C E1 9F 39 01 07 9F 40 05 80 00 00 00 00 9F 41 04 00 00 00 05 9F 4E 1E 00 00 00 00 00 00 00 00 00 00 00 00 00 00 00 00 00 00 00 00 00 00 00 00 00 00 00 00 00 00 9F 5A 05 40 00 36 00 36 9F 66 04 30 00 C0 00 9F 6C 02 30 00 9F 6E 04 20 70 00 00 DF 81 26 06 00 00 00 00 60 00 DF EE 4C 01 06 FF EE 01 0A DF EE 30 01 00 DF EE 5B 01 05 DF EC 1C 1E 08 03 00 04 FF 00 1B 00 00 00 13 FF 00 00 00 00 00 00 00 00 00 00 00 00 00 00 00 00 FF 00 DF EC 11 20 17 20 3E F3 70 85 47 83 67 9A 5E 07 45 A1 13 39 84 7C 1C E3 24 6C 1F AB D2 A6 23 1F 92 E4 92 4F C7 15 00 00 00 00 00 00 00 00 00 00 00 00 00 00 00 00 00  

 ---------- END OF TEST ----------

 Result = PASSED


Docklight Log File (HEX) - Stopped 2026/7/27 11:44:49.353 

