Docklight Log File (HEX) - Started 2026/9/3 15:52:39.308 
 TEST CASE: VL016

 --- Set POS COM PORT Settings
 Set POS COM PORT...
 POS operating on COM90 @ 115200 baud...
 Set POS COM PORT - COMPLETE

 Done/Swipe Buttons 00 01

2026/9/3 15:52:56.270 [TX] - 56 69 56 4F 74 65 63 68 32 00 F0 F4 00 03 00 01 10 D7 CC 
2026/9/3 15:52:56.276 [RX] - 56 69 56 4F 74 65 63 68 32 00 F0 00 00 00 FB AA 00 00 00 00 00 00 00 00 00 00 00 00 00 00 00 00 00 00 00 00 00 00 00 00 00 00 00 00 00 00 00 00 00 00 00 00 00 00 00 00 00 00 00 00 00 00 00  

 --- Get Configuration

2026/9/3 15:52:58.863 [TX] - 56 69 56 4F 74 65 63 68 32 00 F0 F5 00 00 08 F3 
2026/9/3 15:52:58.876 [RX] - 56 69 56 4F 74 65 63 68 32 00 F0 00 00 03 00 01 10 5B CA 00 00 00 00 00 00 00 00 00 00 00 00 00 00 00 00 00 00 00 00 00 00 00 00 00 00 00 00 00 00 00 00 00 00 00 00 00 00 00 00 00 00 00 00 02 03 4B 0E 00 00 00 00 00 00 00 00 00 00 00 00 00 00 00 00 00 00 00 00 00 00 00 00 00 00 00 00 00 00 00 00 00 00 00 00 00 00 00 00 00 00 00 00 00 00 00 00 00 00 00 00 00 00 00 00 00 00 00  

 ---------- END OF TEST ----------

 Result = PASSED


Docklight Log File (HEX) - Stopped 2026/9/3 15:53:01.233 

