Docklight Log File (HEX) - Started 2026/9/29 09:42:57.968 
 TEST CASE: EP000600

 --- Set POS COM PORT Settings
 Set POS COM PORT...
 POS operating on COM90 @ 115200 baud...
 Set POS COM PORT - COMPLETE

 
--- Turn On Antenna

2026/9/29 09:42:59.788 [TX] - 56 69 56 4F 74 65 63 68 32 00 28 01 00 01 01 94 1F 
2026/9/29 09:42:59.800 [RX] - 56 69 56 4F 74 65 63 68 32 00 28 00 00 00 D6 6A  Turn On Antenna (OK)

2026/9/29 09:42:59.800 [RX] - 00 00 00 00 00 00 00 00 00 00 00 00 00 00 00 00 00 00 00 00 00 00 00 00 00 00 00 00 00 00 00 00 00 00 00 00 00 00 00 00 00 00 00 00 00 00 00  
--- Start PT Mode

2026/9/29 09:42:59.816 [TX] - 56 69 56 4F 74 65 63 68 32 00 2C 01 00 01 01 1D 19 
2026/9/29 09:42:59.831 [RX] - 56 69 56 4F 74 65 63 68 32 00 2C 00 00 00 1C 9B  PT Command (OK)

2026/9/29 09:42:59.831 [RX] - 00 00 00 00 00 00 00 00 00 00 00 00 00 00 00 00 00 00 00 00 00 00 00 00 00 00 00 00 00 00 00 00 00 00 00 00 00 00 00 00 00 00 00 00 00 00 00  
--- Poll for Token

2026/9/29 09:42:59.844 [TX] - 56 69 56 4F 74 65 63 68 32 00 2C 02 00 02 0A 00 B1 E4 
2026/9/29 09:42:59.983 [RX] - 56 69 56 4F 74 65 63 68 32 00 2C 00 00 05 03 7E BD BA E5 FA EE 00 00 00 00 00 00 00 00 00 00 00 00 00 00 00 00 00 00 00 00 00 00 00 00 00 00 00 00 00 00 00 00 00 00 00 00 00 00 00 00 00 00  
--- 2C-06

2026/9/29 09:43:00.056 [TX] - 56 69 56 4F 74 65 63 68 32 00 2C 06 00 08 10 01 FF FF FF FF FF FF 31 AF 
2026/9/29 09:43:00.070 [RX] - 56 69 56 4F 74 65 63 68 32 00 2C 00 00 00 1C 9B  PT Command (OK)

2026/9/29 09:43:00.070 [RX] - 00 00 00 00 00 00 00 00 00 00 00 00 00 00 00 00 00 00 00 00 00 00 00 00 00 00 00 00 00 00 00 00 00 00 00 00 00 00 00 00 00 00 00 00 00 00 00  
--- Get PCD&PICC Parameters

2026/9/29 09:43:00.277 [TX] - 56 69 56 4F 74 65 63 68 32 00 2C 05 00 00 F7 6B 
2026/9/29 09:43:00.287 [RX] - 56 69 56 4F 74 65 63 68 32 00 2C 00 00 0F 00 10 00 20 00 00 00 00 02 11 B0 00 00 31 A8 C7 CE 00 00 00 00 00 00 00 00 00 00 00 00 00 00 00 00 00 00 00 00 00 00 00 00 00 00 00 00 00 00 00 00  
--- Initialize Blocks

2026/9/29 09:43:00.505 [TX] - 56 69 56 4F 74 65 63 68 32 00 2C 08 00 32 33 10 87 19 00 00 78 E6 FF FF 87 19 00 00 00 FF 00 FF B7 1A 00 00 48 E5 FF FF B7 1A 00 00 00 FF 00 FF 88 19 00 00 77 E6 FF FF 88 19 00 00 00 FF 00 FF E5 79 
2026/9/29 09:43:00.531 [RX] - 56 69 56 4F 74 65 63 68 32 00 2C 00 00 00 1C 9B  PT Command (OK)

2026/9/29 09:43:00.531 [RX] - 00 00 00 00 00 00 00 00 00 00 00 00 00 00 00 00 00 00 00 00 00 00 00 00 00 00 00 00 00 00 00 00 00 00 00 00 00 00 00 00 00 00 00 00 00 00 00  
--- Read 3 Initialized Blocks

2026/9/29 09:43:00.556 [TX] - 56 69 56 4F 74 65 63 68 32 00 2C 07 00 02 33 10 3F 8F 
2026/9/29 09:43:00.572 [RX] - 56 69 56 4F 74 65 63 68 32 00 2C 00 00 30 87 19 00 00 78 E6 FF FF 87 19 00 00 00 FF 00 FF B7 1A 00 00 48 E5 FF FF B7 1A 00 00 00 FF 00 FF 88 19 00 00 77 E6 FF FF 88 19 00 00 00 FF 00 FF 4C D2  Read Initialized Blocks (OK)

2026/9/29 09:43:00.573 [RX] - 00 00 00 00 00 00 00 00 00 00 00 00 00 00 00 00 00 00 00 00 00 00 00 00 00 00 00 00 00 00 00 00 00 00 00 00 00 00 00 00 00 00 00 00 00 00 00 00 00 00 00 00 00 00 00 00 00 00 00 00 00 00  
--- 2C-06 block 0x20

2026/9/29 09:43:00.587 [TX] - 56 69 56 4F 74 65 63 68 32 00 2C 06 00 08 20 01 FF FF FF FF FF FF 77 73 
2026/9/29 09:43:00.601 [RX] - 56 69 56 4F 74 65 63 68 32 00 2C 00 00 00 1C 9B  PT Command (OK)

2026/9/29 09:43:00.601 [RX] - 00 00 00 00 00 00 00 00 00 00 00 00 00 00 00 00 00 00 00 00 00 00 00 00 00 00 00 00 00 00 00 00 00 00 00 00 00 00 00 00 00 00 00 00 00 00 00  --- 32 to 34: Initialize to default

2026/9/29 09:43:00.799 [TX] - 56 69 56 4F 74 65 63 68 32 00 2C 08 00 32 33 20 32 32 32 32 32 32 32 32 32 32 32 32 32 32 32 32 33 33 33 33 33 33 33 33 33 33 33 33 33 33 33 33 34 34 34 34 34 34 34 34 34 34 34 34 34 34 34 34 6A 83 
2026/9/29 09:43:00.825 [RX] - 56 69 56 4F 74 65 63 68 32 00 2C 00 00 00 1C 9B  PT Command (OK)

2026/9/29 09:43:00.825 [RX] - 00 00 00 00 00 00 00 00 00 00 00 00 00 00 00 00 00 00 00 00 00 00 00 00 00 00 00 00 00 00 00 00 00 00 00 00 00 00 00 00 00 00 00 00 00 00 00  Result = PASSED
 --- 32 to 34: Read Blocks

2026/9/29 09:43:01.052 [TX] - 56 69 56 4F 74 65 63 68 32 00 2C 07 00 02 33 20 09 DC 
2026/9/29 09:43:01.066 [RX] - 56 69 56 4F 74 65 63 68 32 00 2C 00 00 30 32 32 32 32 32 32 32 32 32 32 32 32 32 32 32 32 33 33 33 33 33 33 33 33 33 33 33 33 33 33 33 33 34 34 34 34 34 34 34 34 34 34 34 34 34 34 34 34 6A 55  32 to 34: Read Blocks - Initialize to default (OK)

2026/9/29 09:43:01.067 [RX] - 00 00 00 00 00 00 00 00 00 00 00 00 00 00 00 00 00 00 00 00 00 00 00 00 00 00 00 00 00 00 00 00 00 00 00 00 00 00 00 00 00 00 00 00 00 00 00 00 00 00 00 00 00 00 00 00 00 00 00 00 00 00  Result = PASSED
 --- 32 to 34: Initialize Blocks

2026/9/29 09:43:01.103 [TX] - 56 69 56 4F 74 65 63 68 32 00 2C 08 00 32 33 20 87 19 00 00 78 E6 FF FF 87 19 00 00 00 FF 00 FF B7 1A 00 00 48 E5 FF FF B7 1A 00 00 00 FF 00 FF 88 19 00 00 77 E6 FF FF 88 19 00 00 00 FF 00 FF 4C 04 
2026/9/29 09:43:01.129 [RX] - 56 69 56 4F 74 65 63 68 32 00 2C 00 00 00 1C 9B  PT Command (OK)

2026/9/29 09:43:01.129 [RX] - 00 00 00 00 00 00 00 00 00 00 00 00 00 00 00 00 00 00 00 00 00 00 00 00 00 00 00 00 00 00 00 00 00 00 00 00 00 00 00 00 00 00 00 00 00 00 00  Result = PASSED
 --- 32 to 34: Read Blocks

2026/9/29 09:43:01.368 [TX] - 56 69 56 4F 74 65 63 68 32 00 2C 07 00 02 33 20 09 DC 
2026/9/29 09:43:01.383 [RX] - 56 69 56 4F 74 65 63 68 32 00 2C 00 00 30 87 19 00 00 78 E6 FF FF 87 19 00 00 00 FF 00 FF B7 1A 00 00 48 E5 FF FF B7 1A 00 00 00 FF 00 FF 88 19 00 00 77 E6 FF FF 88 19 00 00 00 FF 00 FF 4C D2  Read Initialized Blocks (OK)

2026/9/29 09:43:01.384 [RX] - 00 00 00 00 00 00 00 00 00 00 00 00 00 00 00 00 00 00 00 00 00 00 00 00 00 00 00 00 00 00 00 00 00 00 00 00 00 00 00 00 00 00 00 00 00 00 00 00 00 00 00 00 00 00 00 00 00 00 00 00 00 00  Result = PASSED
 --- 32: Subtract 2000 from 20H

2026/9/29 09:43:01.416 [TX] - 56 69 56 4F 74 65 63 68 32 00 2C 0A 00 07 31 20 04 D0 07 00 00 4B BE 
2026/9/29 09:43:01.444 [RX] - 56 69 56 4F 74 65 63 68 32 00 2C 00 00 00 1C 9B  PT Command (OK)

2026/9/29 09:43:01.444 [RX] - 00 00 00 00 00 00 00 00 00 00 00 00 00 00 00 00 00 00 00 00 00 00 00 00 00 00 00 00 00 00 00 00 00 00 00 00 00 00 00 00 00 00 00 00 00 00 00  Result = PASSED
 --- 32 to 34: Read Blocks

2026/9/29 09:43:01.682 [TX] - 56 69 56 4F 74 65 63 68 32 00 2C 07 00 02 33 20 09 DC 
2026/9/29 09:43:01.696 [RX] - 56 69 56 4F 74 65 63 68 32 00 2C 00 00 30 B7 11 00 00 48 EE FF FF B7 11 00 00 00 FF 00 FF B7 1A 00 00 48 E5 FF FF B7 1A 00 00 00 FF 00 FF 88 19 00 00 77 E6 FF FF 88 19 00 00 00 FF 00 FF 8C 7A  32: Read Block - Subtract 2000 from 20H (OK)

2026/9/29 09:43:01.697 [RX] - 00 00 00 00 00 00 00 00 00 00 00 00 00 00 00 00 00 00 00 00 00 00 00 00 00 00 00 00 00 00 00 00 00 00 00 00 00 00 00 00 00 00 00 00 00 00 00 00 00 00 00 00 00 00 00 00 00 00 00 00 00 00  Result = PASSED
 --- 32 to 34: Initialize to default

2026/9/29 09:43:01.737 [TX] - 56 69 56 4F 74 65 63 68 32 00 2C 08 00 32 33 20 32 32 32 32 32 32 32 32 32 32 32 32 32 32 32 32 33 33 33 33 33 33 33 33 33 33 33 33 33 33 33 33 34 34 34 34 34 34 34 34 34 34 34 34 34 34 34 34 6A 83 
2026/9/29 09:43:01.763 [RX] - 56 69 56 4F 74 65 63 68 32 00 2C 00 00 00 1C 9B  PT Command (OK)

2026/9/29 09:43:01.763 [RX] - 00 00 00 00 00 00 00 00 00 00 00 00 00 00 00 00 00 00 00 00 00 00 00 00 00 00 00 00 00 00 00 00 00 00 00 00 00 00 00 00 00 00 00 00 00 00 00  Result = PASSED
 --- 32 to 34: Read Blocks

2026/9/29 09:43:01.995 [TX] - 56 69 56 4F 74 65 63 68 32 00 2C 07 00 02 33 20 09 DC 
2026/9/29 09:43:02.009 [RX] - 56 69 56 4F 74 65 63 68 32 00 2C 00 00 30 32 32 32 32 32 32 32 32 32 32 32 32 32 32 32 32 33 33 33 33 33 33 33 33 33 33 33 33 33 33 33 33 34 34 34 34 34 34 34 34 34 34 34 34 34 34 34 34 6A 55  32 to 34: Read Blocks - Initialize to default (OK)

2026/9/29 09:43:02.010 [RX] - 00 00 00 00 00 00 00 00 00 00 00 00 00 00 00 00 00 00 00 00 00 00 00 00 00 00 00 00 00 00 00 00 00 00 00 00 00 00 00 00 00 00 00 00 00 00 00 00 00 00 00 00 00 00 00 00 00 00 00 00 00 00  Result = PASSED
 --- 32 to 34: Initialize Blocks

2026/9/29 09:43:02.046 [TX] - 56 69 56 4F 74 65 63 68 32 00 2C 08 00 32 33 20 87 19 00 00 78 E6 FF FF 87 19 00 00 00 FF 00 FF B7 1A 00 00 48 E5 FF FF B7 1A 00 00 00 FF 00 FF 88 19 00 00 77 E6 FF FF 88 19 00 00 00 FF 00 FF 4C 04 
2026/9/29 09:43:02.072 [RX] - 56 69 56 4F 74 65 63 68 32 00 2C 00 00 00 1C 9B  PT Command (OK)

2026/9/29 09:43:02.072 [RX] - 00 00 00 00 00 00 00 00 00 00 00 00 00 00 00 00 00 00 00 00 00 00 00 00 00 00 00 00 00 00 00 00 00 00 00 00 00 00 00 00 00 00 00 00 00 00 00  Result = PASSED
 --- 32 to 34: Read Blocks

2026/9/29 09:43:02.311 [TX] - 56 69 56 4F 74 65 63 68 32 00 2C 07 00 02 33 20 09 DC 
2026/9/29 09:43:02.325 [RX] - 56 69 56 4F 74 65 63 68 32 00 2C 00 00 30 87 19 00 00 78 E6 FF FF 87 19 00 00 00 FF 00 FF B7 1A 00 00 48 E5 FF FF B7 1A 00 00 00 FF 00 FF 88 19 00 00 77 E6 FF FF 88 19 00 00 00 FF 00 FF 4C D2  Read Initialized Blocks (OK)

2026/9/29 09:43:02.326 [RX] - 00 00 00 00 00 00 00 00 00 00 00 00 00 00 00 00 00 00 00 00 00 00 00 00 00 00 00 00 00 00 00 00 00 00 00 00 00 00 00 00 00 00 00 00 00 00 00 00 00 00 00 00 00 00 00 00 00 00 00 00 00 00  Result = PASSED
 --- 32: Increment with specified Key A

2026/9/29 09:43:02.371 [TX] - 56 69 56 4F 74 65 63 68 32 00 2C 0A 00 0E B1 20 0B 64 00 00 00 01 FF FF FF FF FF FF 34 06 
2026/9/29 09:43:02.399 [RX] - 56 69 56 4F 74 65 63 68 32 00 2C 00 00 00 1C 9B  PT Command (OK)

2026/9/29 09:43:02.399 [RX] - 00 00 00 00 00 00 00 00 00 00 00 00 00 00 00 00 00 00 00 00 00 00 00 00 00 00 00 00 00 00 00 00 00 00 00 00 00 00 00 00 00 00 00 00 00 00 00  Result = PASSED
 --- 32 to 34: Read Blocks

2026/9/29 09:43:02.624 [TX] - 56 69 56 4F 74 65 63 68 32 00 2C 07 00 02 33 20 09 DC 
2026/9/29 09:43:02.638 [RX] - 56 69 56 4F 74 65 63 68 32 00 2C 00 00 30 EB 19 00 00 14 E6 FF FF EB 19 00 00 00 FF 00 FF B7 1A 00 00 48 E5 FF FF B7 1A 00 00 00 FF 00 FF 88 19 00 00 77 E6 FF FF 88 19 00 00 00 FF 00 FF 63 04  32: Increment with specified Key A (OK)

2026/9/29 09:43:02.639 [RX] - 00 00 00 00 00 00 00 00 00 00 00 00 00 00 00 00 00 00 00 00 00 00 00 00 00 00 00 00 00 00 00 00 00 00 00 00 00 00 00 00 00 00 00 00 00 00 00 00 00 00 00 00 00 00 00 00 00 00 00 00 00 00  Result = PASSED
 --- 32 to 34: Initialize to default

2026/9/29 09:43:02.673 [TX] - 56 69 56 4F 74 65 63 68 32 00 2C 08 00 32 33 20 32 32 32 32 32 32 32 32 32 32 32 32 32 32 32 32 33 33 33 33 33 33 33 33 33 33 33 33 33 33 33 33 34 34 34 34 34 34 34 34 34 34 34 34 34 34 34 34 6A 83 
2026/9/29 09:43:02.699 [RX] - 56 69 56 4F 74 65 63 68 32 00 2C 00 00 00 1C 9B  PT Command (OK)

2026/9/29 09:43:02.699 [RX] - 00 00 00 00 00 00 00 00 00 00 00 00 00 00 00 00 00 00 00 00 00 00 00 00 00 00 00 00 00 00 00 00 00 00 00 00 00 00 00 00 00 00 00 00 00 00 00  Result = PASSED
 --- 32 to 34: Read Blocks

2026/9/29 09:43:02.923 [TX] - 56 69 56 4F 74 65 63 68 32 00 2C 07 00 02 33 20 09 DC 
2026/9/29 09:43:02.937 [RX] - 56 69 56 4F 74 65 63 68 32 00 2C 00 00 30 32 32 32 32 32 32 32 32 32 32 32 32 32 32 32 32 33 33 33 33 33 33 33 33 33 33 33 33 33 33 33 33 34 34 34 34 34 34 34 34 34 34 34 34 34 34 34 34 6A 55  32 to 34: Read Blocks - Initialize to default (OK)

2026/9/29 09:43:02.938 [RX] - 00 00 00 00 00 00 00 00 00 00 00 00 00 00 00 00 00 00 00 00 00 00 00 00 00 00 00 00 00 00 00 00 00 00 00 00 00 00 00 00 00 00 00 00 00 00 00 00 00 00 00 00 00 00 00 00 00 00 00 00 00 00  Result = PASSED
 --- 32 to 34: Initialize Blocks

2026/9/29 09:43:02.979 [TX] - 56 69 56 4F 74 65 63 68 32 00 2C 08 00 32 33 20 87 19 00 00 78 E6 FF FF 87 19 00 00 00 FF 00 FF B7 1A 00 00 48 E5 FF FF B7 1A 00 00 00 FF 00 FF 88 19 00 00 77 E6 FF FF 88 19 00 00 00 FF 00 FF 4C 04 
2026/9/29 09:43:03.005 [RX] - 56 69 56 4F 74 65 63 68 32 00 2C 00 00 00 1C 9B  PT Command (OK)

2026/9/29 09:43:03.005 [RX] - 00 00 00 00 00 00 00 00 00 00 00 00 00 00 00 00 00 00 00 00 00 00 00 00 00 00 00 00 00 00 00 00 00 00 00 00 00 00 00 00 00 00 00 00 00 00 00  Result = PASSED
 --- 32 to 34: Read Blocks

2026/9/29 09:43:03.239 [TX] - 56 69 56 4F 74 65 63 68 32 00 2C 07 00 02 33 20 09 DC 
2026/9/29 09:43:03.253 [RX] - 56 69 56 4F 74 65 63 68 32 00 2C 00 00 30 87 19 00 00 78 E6 FF FF 87 19 00 00 00 FF 00 FF B7 1A 00 00 48 E5 FF FF B7 1A 00 00 00 FF 00 FF 88 19 00 00 77 E6 FF FF 88 19 00 00 00 FF 00 FF 4C D2  Read Initialized Blocks (OK)

2026/9/29 09:43:03.254 [RX] - 00 00 00 00 00 00 00 00 00 00 00 00 00 00 00 00 00 00 00 00 00 00 00 00 00 00 00 00 00 00 00 00 00 00 00 00 00 00 00 00 00 00 00 00 00 00 00 00 00 00 00 00 00 00 00 00 00 00 00 00 00 00  Result = PASSED
 --- 32: Decrement with specified Key A and BACKUP

2026/9/29 09:43:03.294 [TX] - 56 69 56 4F 74 65 63 68 32 00 2C 0A 00 11 32 20 0B 2C 01 00 00 01 FF FF FF FF FF FF 21 01 20 A2 BA 
2026/9/29 09:43:03.343 [RX] - 56 69 56 4F 74 65 63 68 32 00 2C 00 00 00 1C 9B  PT Command (OK)

2026/9/29 09:43:03.343 [RX] - 00 00 00 00 00 00 00 00 00 00 00 00 00 00 00 00 00 00 00 00 00 00 00 00 00 00 00 00 00 00 00 00 00 00 00 00 00 00 00 00 00 00 00 00 00 00 00  Result = PASSED
 --- 32 to 34: Read Blocks

2026/9/29 09:43:03.577 [TX] - 56 69 56 4F 74 65 63 68 32 00 2C 07 00 02 33 20 09 DC 
2026/9/29 09:43:03.591 [RX] - 56 69 56 4F 74 65 63 68 32 00 2C 00 00 30 5B 18 00 00 A4 E7 FF FF 5B 18 00 00 00 FF 00 FF 5B 18 00 00 A4 E7 FF FF 5B 18 00 00 00 FF 00 FF 88 19 00 00 77 E6 FF FF 88 19 00 00 00 FF 00 FF 7C 42  32: Decrement with specified Key A and BACKUP (OK)

2026/9/29 09:43:03.592 [RX] - 00 00 00 00 00 00 00 00 00 00 00 00 00 00 00 00 00 00 00 00 00 00 00 00 00 00 00 00 00 00 00 00 00 00 00 00 00 00 00 00 00 00 00 00 00 00 00 00 00 00 00 00 00 00 00 00 00 00 00 00 00 00  Result = PASSED
 --- 32 to 34: Initialize to default

2026/9/29 09:43:03.624 [TX] - 56 69 56 4F 74 65 63 68 32 00 2C 08 00 32 33 20 32 32 32 32 32 32 32 32 32 32 32 32 32 32 32 32 33 33 33 33 33 33 33 33 33 33 33 33 33 33 33 33 34 34 34 34 34 34 34 34 34 34 34 34 34 34 34 34 6A 83 
2026/9/29 09:43:03.650 [RX] - 56 69 56 4F 74 65 63 68 32 00 2C 00 00 00 1C 9B  PT Command (OK)

2026/9/29 09:43:03.650 [RX] - 00 00 00 00 00 00 00 00 00 00 00 00 00 00 00 00 00 00 00 00 00 00 00 00 00 00 00 00 00 00 00 00 00 00 00 00 00 00 00 00 00 00 00 00 00 00 00  Result = PASSED
 --- 32 to 34: Read Blocks

2026/9/29 09:43:03.888 [TX] - 56 69 56 4F 74 65 63 68 32 00 2C 07 00 02 33 20 09 DC 
2026/9/29 09:43:03.902 [RX] - 56 69 56 4F 74 65 63 68 32 00 2C 00 00 30 32 32 32 32 32 32 32 32 32 32 32 32 32 32 32 32 33 33 33 33 33 33 33 33 33 33 33 33 33 33 33 33 34 34 34 34 34 34 34 34 34 34 34 34 34 34 34 34 6A 55  32 to 34: Read Blocks - Initialize to default (OK)

2026/9/29 09:43:03.903 [RX] - 00 00 00 00 00 00 00 00 00 00 00 00 00 00 00 00 00 00 00 00 00 00 00 00 00 00 00 00 00 00 00 00 00 00 00 00 00 00 00 00 00 00 00 00 00 00 00 00 00 00 00 00 00 00 00 00 00 00 00 00 00 00  Result = PASSED
 --- 32 to 34: Initialize Blocks

2026/9/29 09:43:03.939 [TX] - 56 69 56 4F 74 65 63 68 32 00 2C 08 00 32 33 20 87 19 00 00 78 E6 FF FF 87 19 00 00 00 FF 00 FF B7 1A 00 00 48 E5 FF FF B7 1A 00 00 00 FF 00 FF 88 19 00 00 77 E6 FF FF 88 19 00 00 00 FF 00 FF 4C 04 
2026/9/29 09:43:03.965 [RX] - 56 69 56 4F 74 65 63 68 32 00 2C 00 00 00 1C 9B  PT Command (OK)

2026/9/29 09:43:03.965 [RX] - 00 00 00 00 00 00 00 00 00 00 00 00 00 00 00 00 00 00 00 00 00 00 00 00 00 00 00 00 00 00 00 00 00 00 00 00 00 00 00 00 00 00 00 00 00 00 00  Result = PASSED
 --- 32 to 34: Read Blocks

2026/9/29 09:43:04.203 [TX] - 56 69 56 4F 74 65 63 68 32 00 2C 07 00 02 33 20 09 DC 
2026/9/29 09:43:04.217 [RX] - 56 69 56 4F 74 65 63 68 32 00 2C 00 00 30 87 19 00 00 78 E6 FF FF 87 19 00 00 00 FF 00 FF B7 1A 00 00 48 E5 FF FF B7 1A 00 00 00 FF 00 FF 88 19 00 00 77 E6 FF FF 88 19 00 00 00 FF 00 FF 4C D2  Read Initialized Blocks (OK)

2026/9/29 09:43:04.218 [RX] - 00 00 00 00 00 00 00 00 00 00 00 00 00 00 00 00 00 00 00 00 00 00 00 00 00 00 00 00 00 00 00 00 00 00 00 00 00 00 00 00 00 00 00 00 00 00 00 00 00 00 00 00 00 00 00 00 00 00 00 00 00 00  

 ---------- END OF TEST ----------

 Result = PASSED


Docklight Log File (HEX) - Stopped 2026/9/29 09:43:04.340 

