Docklight Log File (HEX) - Started 2026/8/6 16:44:30.847 
 TEST CASE: USAT009

 --- Set POS COM PORT Settings
 Set POS COM PORT...
 POS operating on COM14 @ 9600 baud...
 Set POS COM PORT - COMPLETE


2026/8/6 16:44:33.401 [TX] - 56 69 56 4F 74 65 63 68 32 00 04 00 00 04 DF 7D 01 00 6C E5 
2026/8/6 16:44:33.424 [RX] - 56 69 56 4F 74 65 63 68 32 00 04 00 00 00 AE 16  


2026/8/6 16:44:33.922 [TX] - 56 69 56 4F 74 65 63 68 32 00 83 00 00 00 03 22 
2026/8/6 16:44:33.941 [RX] - 56 69 56 4F 74 65 63 68 32 00 83 00 00 00 22 03  


2026/8/6 16:44:33.970 [TX] - 56 69 56 4F 74 65 63 68 32 00 C7 36 00 01 00 A7 0F 
2026/8/6 16:44:33.989 [RX] - 56 69 56 4F 74 65 63 68 32 00 C7 00 00 00 86 6E 
2026/8/6 16:44:34.011 [TX] - F7 F7 F7  

 1) poll on demand

2026/8/6 16:44:35.026 [TX] - 56 69 56 4F 74 65 63 68 32 00 01 01 00 01 01 D7 34 
2026/8/6 16:44:35.045 [RX] - 56 69 56 4F 74 65 63 68 32 00 01 00 00 00 12 53  

 --- Burst ON

2026/8/6 16:44:35.576 [TX] - 56 69 56 4F 74 65 63 68 32 00 04 00 00 04 FF F7 01 01 98 3E 
2026/8/6 16:44:35.599 [RX] - 56 69 56 4F 74 65 63 68 32 00 04 00 00 00 AE 16  

 --- Swipe card
40 1B 41 02 43 41 52 44 2D 32 31 32 31 32 31 32 31 32 31 37 36 37 36 37 36 30 37 30 37 30 37 37 36 37 36 37 36 37 36 32 31 32 31 32 31 32 03 0E 0D 40 1B 41 02 43 41 52 44 2D 32 31 32 31 32 31 32 31 32 31 37 36 37 36 37 36 30 37 30 37 30 37 37 36 37 36 37 36 37 36 32 31 32 31 32 31 32 03 0E 0D  

 --- Get Transaction result

2026/8/6 16:44:42.357 [TX] - 56 69 56 4F 74 65 63 68 32 00 03 00 00 00 3B FF 
2026/8/6 16:44:42.375 [RX] - 56 69 56 4F 74 65 63 68 32 00 03 00 00 03 00 00 00 8D D0  

 --- Activate Transaction

2026/8/6 16:44:43.458 [TX] - 56 69 56 4F 74 65 63 68 32 00 02 01 00 15 0A 9F 02 06 00 00 00 00 10 00 9A 03 07 11 21 9F 21 03 10 15 20 30 12 
2026/8/6 16:44:44.795 [RX] - 40 1B 41 02 43 41 52 44 2D 32 31 32 31 32 31 32 31 32 31 37 36 37 36 37 36 30 37 30 37 30 37 37 36 37 36 37 36 37 36 32 31 32 31 32 31 32 03 0E 0D 56 69 56 4F 74 65 63 68 32 00 02 00 00 85 4C 54 52 41 43 4B 31 37 36 37 36 37 36 30 37 30 37 30 37 37 36 37 36 37 36 30 37 30 37 30 37 37 36 37 36 37 36 30 37 30 37 30 37 37 36 37 36 37 36 30 37 30 37 30 37 37 36 37 36 37 36 30 37 30 37 30 37 37 36 37 36 37 36 30 37 30 37 25 32 31 32 31 32 31 32 31 32 31 37 36 37 36 37 36 30 37 30 37 30 37 37 36 37 36 37 36 37 36 32 31 32 31 32 31 32 00 9F 39 01 90 FF EE 01 04 DF 30 01 0C DF EE 26 01 08 5C 1B  

 --- Burst OFF

2026/8/6 16:44:45.895 [TX] - 56 69 56 4F 74 65 63 68 32 00 04 00 00 04 FF F7 01 00 B9 2E 
2026/8/6 16:44:45.919 [RX] - 56 69 56 4F 74 65 63 68 32 00 04 00 00 00 AE 16  

 --- Swipe card
40 1B 41 02 43 41 52 44 2D 32 31 32 31 32 31 32 31 32 31 37 36 37 36 37 36 30 37 30 37 30 37 37 36 37 36 37 36 37 36 32 31 32 31 32 31 32 03 0E 0D 40 1B 41 02 43 41 52 44 2D 32 31 32 31 32 31 32 31 32 31 37 36 37 36 37 36 30 37 30 37 30 37 37 36 37 36 37 36 37 36 32 31 32 31 32 31 32 03 0E 0D  

 --- Get Transaction result

2026/8/6 16:44:52.264 [TX] - 56 69 56 4F 74 65 63 68 32 00 03 00 00 00 3B FF 
2026/8/6 16:44:52.282 [RX] - 56 69 56 4F 74 65 63 68 32 00 03 00 00 85 4C 54 52 41 43 4B 31 37 36 37 36 37 36 30 37 30 37 30 37 37 36 37 36 37 36 30 37 30 37 30 37 37 36 37 36 37 36 30 37 30 37 30 37 37 36 37 36 37 36 30 37 30 37 30 37 37 36 37 36 37 36 30 37 30 37 30 37 37 36 37 36 37 36 30 37 30 37 25 32 31 32 31 32 31 32 31 32 31 37 36 37 36 37 36 30 37 30 37 30 37 37 36 37 36 37 36 37 36 32 31 32 31 32 31 32 00 9F 39 01 90 FF EE 01 04 DF 30 01 0C DF EE 26 01 08 FE BB  

 --- Activate Transaction

2026/8/6 16:44:53.431 [TX] - 56 69 56 4F 74 65 63 68 32 00 02 01 00 15 0A 9F 02 06 00 00 00 00 10 00 9A 03 07 11 21 9F 21 03 10 15 20 30 12 
2026/8/6 16:44:54.655 [RX] - 40 1B 41 02 43 41 52 44 2D 32 31 32 31 32 31 32 31 32 31 37 36 37 36 37 36 30 37 30 37 30 37 37 36 37 36 37 36 37 36 32 31 32 31 32 31 32 03 0E 0D 56 69 56 4F 74 65 63 68 32 00 02 00 00 85 4C 54 52 41 43 4B 31 37 36 37 36 37 36 30 37 30 37 30 37 37 36 37 36 37 36 30 37 30 37 30 37 37 36 37 36 37 36 30 37 30 37 30 37 37 36 37 36 37 36 30 37 30 37 30 37 37 36 37 36 37 36 30 37 30 37 30 37 37 36 37 36 37 36 30 37 30 37 25 32 31 32 31 32 31 32 31 32 31 37 36 37 36 37 36 30 37 30 37 30 37 37 36 37 36 37 36 37 36 32 31 32 31 32 31 32 00 9F 39 01 90 FF EE 01 04 DF 30 01 0C DF EE 26 01 08 5C 1B  

 2) auto poll

2026/8/6 16:44:55.854 [TX] - 56 69 56 4F 74 65 63 68 32 00 01 01 00 01 00 F6 24 
2026/8/6 16:44:55.874 [RX] - 56 69 56 4F 74 65 63 68 32 00 01 00 00 00 12 53  

 --- Burst ON

2026/8/6 16:44:56.424 [TX] - 56 69 56 4F 74 65 63 68 32 00 04 00 00 04 FF F7 01 01 98 3E 
2026/8/6 16:44:56.447 [RX] - 56 69 56 4F 74 65 63 68 32 00 04 00 00 00 AE 16  

 --- Swipe card
40 1B 41 02 43 41 52 44 2D 32 31 32 31 32 31 32 31 32 31 37 36 37 36 37 36 30 37 30 37 30 37 37 36 37 36 37 36 37 36 32 31 32 31 32 31 32 03 0E 0D 40 1B 41 02 43 41 52 44 2D 32 31 32 31 32 31 32 31 32 31 37 36 37 36 37 36 30 37 30 37 30 37 37 36 37 36 37 36 37 36 32 31 32 31 32 31 32 03 0E 0D  

 --- Get Transaction result

2026/8/6 16:45:02.689 [TX] - 56 69 56 4F 74 65 63 68 32 00 03 00 00 00 3B FF 
2026/8/6 16:45:02.708 [RX] - 56 69 56 4F 74 65 63 68 32 00 03 00 00 03 00 00 00 8D D0  

 --- Activate Transaction

2026/8/6 16:45:03.715 [TX] - 56 69 56 4F 74 65 63 68 32 00 02 01 00 15 0A 9F 02 06 00 00 00 00 10 00 9A 03 07 11 21 9F 21 03 10 15 20 30 12 
2026/8/6 16:45:04.985 [RX] - 40 1B 41 02 43 41 52 44 2D 32 31 32 31 32 31 32 31 32 31 37 36 37 36 37 36 30 37 30 37 30 37 37 36 37 36 37 36 37 36 32 31 32 31 32 31 32 03 0E 0D 56 69 56 4F 74 65 63 68 32 00 02 00 00 85 4C 54 52 41 43 4B 31 37 36 37 36 37 36 30 37 30 37 30 37 37 36 37 36 37 36 30 37 30 37 30 37 37 36 37 36 37 36 30 37 30 37 30 37 37 36 37 36 37 36 30 37 30 37 30 37 37 36 37 36 37 36 30 37 30 37 30 37 37 36 37 36 37 36 30 37 30 37 25 32 31 32 31 32 31 32 31 32 31 37 36 37 36 37 36 30 37 30 37 30 37 37 36 37 36 37 36 37 36 32 31 32 31 32 31 32 00 9F 39 01 90 FF EE 01 04 DF 30 01 0C DF EE 26 01 08 5C 1B  

 --- Burst OFF

2026/8/6 16:45:05.910 [TX] - 56 69 56 4F 74 65 63 68 32 00 04 00 00 04 FF F7 01 00 B9 2E 
2026/8/6 16:45:05.933 [RX] - 56 69 56 4F 74 65 63 68 32 00 04 00 00 00 AE 16  

 --- Swipe card
40 1B 41 02 43 41 52 44 2D 32 31 32 31 32 31 32 31 32 31 37 36 37 36 37 36 30 37 30 37 30 37 37 36 37 36 37 36 37 36 32 31 32 31 32 31 32 03 0E 0D 40 1B 41 02 43 41 52 44 2D 32 31 32 31 32 31 32 31 32 31 37 36 37 36 37 36 30 37 30 37 30 37 37 36 37 36 37 36 37 36 32 31 32 31 32 31 32 03 0E 0D  

 --- Get Transaction result

2026/8/6 16:45:12.122 [TX] - 56 69 56 4F 74 65 63 68 32 00 03 00 00 00 3B FF 
2026/8/6 16:45:12.140 [RX] - 56 69 56 4F 74 65 63 68 32 00 03 00 00 85 4C 54 52 41 43 4B 31 37 36 37 36 37 36 30 37 30 37 30 37 37 36 37 36 37 36 30 37 30 37 30 37 37 36 37 36 37 36 30 37 30 37 30 37 37 36 37 36 37 36 30 37 30 37 30 37 37 36 37 36 37 36 30 37 30 37 30 37 37 36 37 36 37 36 30 37 30 37 25 32 31 32 31 32 31 32 31 32 31 37 36 37 36 37 36 30 37 30 37 30 37 37 36 37 36 37 36 37 36 32 31 32 31 32 31 32 00 9F 39 01 90 FF EE 01 04 DF 30 01 0C DF EE 26 01 08 FE BB  

 --- Activate Transaction

2026/8/6 16:45:13.203 [TX] - 56 69 56 4F 74 65 63 68 32 00 02 01 00 15 0A 9F 02 06 00 00 00 00 10 00 9A 03 07 11 21 9F 21 03 10 15 20 30 12 
2026/8/6 16:45:14.486 [RX] - 40 1B 41 02 43 41 52 44 2D 32 31 32 31 32 31 32 31 32 31 37 36 37 36 37 36 30 37 30 37 30 37 37 36 37 36 37 36 37 36 32 31 32 31 32 31 32 03 0E 0D 56 69 56 4F 74 65 63 68 32 00 02 00 00 85 4C 54 52 41 43 4B 31 37 36 37 36 37 36 30 37 30 37 30 37 37 36 37 36 37 36 30 37 30 37 30 37 37 36 37 36 37 36 30 37 30 37 30 37 37 36 37 36 37 36 30 37 30 37 30 37 37 36 37 36 37 36 30 37 30 37 30 37 37 36 37 36 37 36 30 37 30 37 25 32 31 32 31 32 31 32 31 32 31 37 36 37 36 37 36 30 37 30 37 30 37 37 36 37 36 37 36 37 36 32 31 32 31 32 31 32 00 9F 39 01 90 FF EE 01 04 DF 30 01 0C DF EE 26 01 08 5C 1B  


2026/8/6 16:45:15.391 [TX] - 56 69 56 4F 74 65 63 68 32 00 C7 36 00 01 03 6C 97 
2026/8/6 16:45:15.410 [RX] - 56 69 56 4F 74 65 63 68 32 00 C7 00 00 00 86 6E 
2026/8/6 16:45:15.439 [TX] - F7 F7 F7  

 1) poll on demand

2026/8/6 16:45:16.461 [TX] - 56 69 56 4F 74 65 63 68 32 00 01 01 00 01 01 D7 34 
2026/8/6 16:45:16.481 [RX] - 56 69 56 4F 74 65 63 68 32 00 01 00 00 00 12 53  

 --- Burst ON

2026/8/6 16:45:17.024 [TX] - 56 69 56 4F 74 65 63 68 32 00 04 00 00 04 FF F7 01 01 98 3E 
2026/8/6 16:45:17.047 [RX] - 56 69 56 4F 74 65 63 68 32 00 04 00 00 00 AE 16  

 --- Swipe card
40 1B 41 02 43 41 52 44 2D 32 31 32 31 32 31 32 31 32 31 37 36 37 36 37 36 30 37 30 37 30 37 37 36 37 36 37 36 37 36 32 31 32 31 32 31 32 03 0E 0D 40 1B 41 02 43 41 52 44 2D 32 31 32 31 32 31 32 31 32 31 37 36 37 36 37 36 30 37 30 37 30 37 37 36 37 36 37 36 37 36 32 31 32 31 32 31 32 03 0E 0D  

 --- Get Transaction result

2026/8/6 16:45:23.289 [TX] - 56 69 56 4F 74 65 63 68 32 00 03 00 00 00 3B FF 
2026/8/6 16:45:23.307 [RX] - 56 69 56 4F 74 65 63 68 32 00 03 00 00 03 00 00 00 8D D0  

 --- Activate Transaction

2026/8/6 16:45:24.358 [TX] - 56 69 56 4F 74 65 63 68 32 00 02 01 00 15 0A 9F 02 06 00 00 00 00 10 00 9A 03 07 11 21 9F 21 03 10 15 20 30 12 
2026/8/6 16:45:25.595 [RX] - 40 1B 41 02 43 41 52 44 2D 32 31 32 31 32 31 32 31 32 31 37 36 37 36 37 36 30 37 30 37 30 37 37 36 37 36 37 36 37 36 32 31 32 31 32 31 32 03 0E 0D 56 69 56 4F 74 65 63 68 32 00 02 00 00 85 4C 54 52 41 43 4B 31 37 36 37 36 37 36 30 37 30 37 30 37 37 36 37 36 37 36 30 37 30 37 30 37 37 36 37 36 37 36 30 37 30 37 30 37 37 36 37 36 37 36 30 37 30 37 30 37 37 36 37 36 37 36 30 37 30 37 30 37 37 36 37 36 37 36 30 37 30 37 25 32 31 32 31 32 31 32 31 32 31 37 36 37 36 37 36 30 37 30 37 30 37 37 36 37 36 37 36 37 36 32 31 32 31 32 31 32 00 9F 39 01 90 FF EE 01 04 DF 30 01 0C DF EE 26 01 08 5C 1B  

 --- Burst OFF

2026/8/6 16:45:26.746 [TX] - 56 69 56 4F 74 65 63 68 32 00 04 00 00 04 FF F7 01 00 B9 2E 
2026/8/6 16:45:26.769 [RX] - 56 69 56 4F 74 65 63 68 32 00 04 00 00 00 AE 16  

 --- Swipe card
40 1B 41 02 43 41 52 44 2D 32 31 32 31 32 31 32 31 32 31 37 36 37 36 37 36 30 37 30 37 30 37 37 36 37 36 37 36 37 36 32 31 32 31 32 31 32 03 0E 0D 40 1B 41 02 43 41 52 44 2D 32 31 32 31 32 31 32 31 32 31 37 36 37 36 37 36 30 37 30 37 30 37 37 36 37 36 37 36 37 36 32 31 32 31 32 31 32 03 0E 0D  

 --- Get Transaction result

2026/8/6 16:45:33.498 [TX] - 56 69 56 4F 74 65 63 68 32 00 03 00 00 00 3B FF 
2026/8/6 16:45:33.517 [RX] - 56 69 56 4F 74 65 63 68 32 00 03 00 00 85 4C 54 52 41 43 4B 31 37 36 37 36 37 36 30 37 30 37 30 37 37 36 37 36 37 36 30 37 30 37 30 37 37 36 37 36 37 36 30 37 30 37 30 37 37 36 37 36 37 36 30 37 30 37 30 37 37 36 37 36 37 36 30 37 30 37 30 37 37 36 37 36 37 36 30 37 30 37 25 32 31 32 31 32 31 32 31 32 31 37 36 37 36 37 36 30 37 30 37 30 37 37 36 37 36 37 36 37 36 32 31 32 31 32 31 32 00 9F 39 01 90 FF EE 01 04 DF 30 01 0C DF EE 26 01 08 FE BB  

 --- Activate Transaction

2026/8/6 16:45:34.532 [TX] - 56 69 56 4F 74 65 63 68 32 00 02 01 00 15 0A 9F 02 06 00 00 00 00 10 00 9A 03 07 11 21 9F 21 03 10 15 20 30 12 
2026/8/6 16:45:35.786 [RX] - 40 1B 41 02 43 41 52 44 2D 32 31 32 31 32 31 32 31 32 31 37 36 37 36 37 36 30 37 30 37 30 37 37 36 37 36 37 36 37 36 32 31 32 31 32 31 32 03 0E 0D 56 69 56 4F 74 65 63 68 32 00 02 00 00 85 4C 54 52 41 43 4B 31 37 36 37 36 37 36 30 37 30 37 30 37 37 36 37 36 37 36 30 37 30 37 30 37 37 36 37 36 37 36 30 37 30 37 30 37 37 36 37 36 37 36 30 37 30 37 30 37 37 36 37 36 37 36 30 37 30 37 30 37 37 36 37 36 37 36 30 37 30 37 25 32 31 32 31 32 31 32 31 32 31 37 36 37 36 37 36 30 37 30 37 30 37 37 36 37 36 37 36 37 36 32 31 32 31 32 31 32 00 9F 39 01 90 FF EE 01 04 DF 30 01 0C DF EE 26 01 08 5C 1B  

 2) auto poll

2026/8/6 16:45:36.943 [TX] - 56 69 56 4F 74 65 63 68 32 00 01 01 00 01 00 F6 24 
2026/8/6 16:45:36.963 [RX] - 56 69 56 4F 74 65 63 68 32 00 01 00 00 00 12 53  

 --- Burst ON

2026/8/6 16:45:37.516 [TX] - 56 69 56 4F 74 65 63 68 32 00 04 00 00 04 FF F7 01 01 98 3E 
2026/8/6 16:45:37.539 [RX] - 56 69 56 4F 74 65 63 68 32 00 04 00 00 00 AE 16  

 --- Swipe card
40 1B 41 02 43 41 52 44 2D 32 31 32 31 32 31 32 31 32 31 37 36 37 36 37 36 30 37 30 37 30 37 37 36 37 36 37 36 37 36 32 31 32 31 32 31 32 03 0E 0D 40 1B 41 02 43 41 52 44 2D 32 31 32 31 32 31 32 31 32 31 37 36 37 36 37 36 30 37 30 37 30 37 37 36 37 36 37 36 37 36 32 31 32 31 32 31 32 03 0E 0D  

 --- Get Transaction result

2026/8/6 16:45:43.804 [TX] - 56 69 56 4F 74 65 63 68 32 00 03 00 00 00 3B FF 
2026/8/6 16:45:43.822 [RX] - 56 69 56 4F 74 65 63 68 32 00 03 00 00 03 00 00 00 8D D0  

 --- Activate Transaction

2026/8/6 16:45:44.740 [TX] - 56 69 56 4F 74 65 63 68 32 00 02 01 00 15 0A 9F 02 06 00 00 00 00 10 00 9A 03 07 11 21 9F 21 03 10 15 20 30 12 
2026/8/6 16:45:46.126 [RX] - 40 1B 41 02 43 41 52 44 2D 32 31 32 31 32 31 32 31 32 31 37 36 37 36 37 36 30 37 30 37 30 37 37 36 37 36 37 36 37 36 32 31 32 31 32 31 32 03 0E 0D 56 69 56 4F 74 65 63 68 32 00 02 00 00 85 4C 54 52 41 43 4B 31 37 36 37 36 37 36 30 37 30 37 30 37 37 36 37 36 37 36 30 37 30 37 30 37 37 36 37 36 37 36 30 37 30 37 30 37 37 36 37 36 37 36 30 37 30 37 30 37 37 36 37 36 37 36 30 37 30 37 30 37 37 36 37 36 37 36 30 37 30 37 25 32 31 32 31 32 31 32 31 32 31 37 36 37 36 37 36 30 37 30 37 30 37 37 36 37 36 37 36 37 36 32 31 32 31 32 31 32 00 9F 39 01 90 FF EE 01 04 DF 30 01 0C DF EE 26 01 08 5C 1B  

 --- Burst OFF

2026/8/6 16:45:47.039 [TX] - 56 69 56 4F 74 65 63 68 32 00 04 00 00 04 FF F7 01 00 B9 2E 
2026/8/6 16:45:47.062 [RX] - 56 69 56 4F 74 65 63 68 32 00 04 00 00 00 AE 16  

 --- Swipe card
40 1B 41 02 43 41 52 44 2D 32 31 32 31 32 31 32 31 32 31 37 36 37 36 37 36 30 37 30 37 30 37 37 36 37 36 37 36 37 36 32 31 32 31 32 31 32 03 0E 0D 40 1B 41 02 43 41 52 44 2D 32 31 32 31 32 31 32 31 32 31 37 36 37 36 37 36 30 37 30 37 30 37 37 36 37 36 37 36 37 36 32 31 32 31 32 31 32 03 0E 0D  

 --- Get Transaction result

2026/8/6 16:45:53.274 [TX] - 56 69 56 4F 74 65 63 68 32 00 03 00 00 00 3B FF 
2026/8/6 16:45:53.292 [RX] - 56 69 56 4F 74 65 63 68 32 00 03 00 00 85 4C 54 52 41 43 4B 31 37 36 37 36 37 36 30 37 30 37 30 37 37 36 37 36 37 36 30 37 30 37 30 37 37 36 37 36 37 36 30 37 30 37 30 37 37 36 37 36 37 36 30 37 30 37 30 37 37 36 37 36 37 36 30 37 30 37 30 37 37 36 37 36 37 36 30 37 30 37 25 32 31 32 31 32 31 32 31 32 31 37 36 37 36 37 36 30 37 30 37 30 37 37 36 37 36 37 36 37 36 32 31 32 31 32 31 32 00 9F 39 01 90 FF EE 01 04 DF 30 01 0C DF EE 26 01 08 FE BB  

 --- Activate Transaction

2026/8/6 16:45:54.374 [TX] - 56 69 56 4F 74 65 63 68 32 00 02 01 00 15 0A 9F 02 06 00 00 00 00 10 00 9A 03 07 11 21 9F 21 03 10 15 20 30 12 
2026/8/6 16:45:55.666 [RX] - 40 1B 41 02 43 41 52 44 2D 32 31 32 31 32 31 32 31 32 31 37 36 37 36 37 36 30 37 30 37 30 37 37 36 37 36 37 36 37 36 32 31 32 31 32 31 32 03 0E 0D 56 69 56 4F 74 65 63 68 32 00 02 00 00 85 4C 54 52 41 43 4B 31 37 36 37 36 37 36 30 37 30 37 30 37 37 36 37 36 37 36 30 37 30 37 30 37 37 36 37 36 37 36 30 37 30 37 30 37 37 36 37 36 37 36 30 37 30 37 30 37 37 36 37 36 37 36 30 37 30 37 30 37 37 36 37 36 37 36 30 37 30 37 25 32 31 32 31 32 31 32 31 32 31 37 36 37 36 37 36 30 37 30 37 30 37 37 36 37 36 37 36 37 36 32 31 32 31 32 31 32 00 9F 39 01 90 FF EE 01 04 DF 30 01 0C DF EE 26 01 08 5C 1B  

 Result = PASSED
 ---------- END OF TEST ----------
 

 MASTER RESULT = PASSED


Docklight Log File (HEX) - Stopped 2026/8/6 16:45:58.201 

