Docklight Log File (HEX) - Started 2026/9/10 09:52:44.697 
 TEST CASE: BTS007

 --- Set POS COM PORT Settings
 Set POS COM PORT...
 POS operating on COM90 @ 115200 baud...
 Set POS COM PORT - COMPLETE

 --- Data Encrypt disable

2026/9/10 09:52:45.859 [TX] - 56 69 56 4F 74 65 63 68 32 00 C7 36 00 01 00 0F A7 
2026/9/10 09:52:45.862 [RX] - 56 69 56 4F 74 65 63 68 32 00 C7 00 00 00 86 6E 00 00 00 00 00 00 00 00 00 00 00 00 00 00 00 00 00 00 00 00 00 00 00 00 00 00 00 00 00 00 00 00 00 00 00 00 00 00 00 00 00 00 00 00 00 00 00  

 --- (04-00) DFED3F disable VAS Encryption

2026/9/10 09:52:45.876 [TX] - 56 69 56 4F 74 65 63 68 32 00 04 00 00 05 DF ED 3F 01 00 21 AF 
2026/9/10 09:52:45.920 [RX] - 56 69 56 4F 74 65 63 68 32 00 04 00 00 00 AE 16 00 00 00 00 00 00 00 00 00 00 00 00 00 00 00 00 00 00 00 00 00 00 00 00 00 00 00 00 00 00 00 00 00 00 00 00 00 00 00 00 00 00 00 00 00 00 00  

 --- (04-00) DFEF4B Enable Transact Output

2026/9/10 09:52:46.434 [TX] - 56 69 56 4F 74 65 63 68 32 00 04 00 00 07 DF EF 4B 03 12 00 02 4C 49 
2026/9/10 09:52:46.545 [RX] - 56 69 56 4F 74 65 63 68 32 00 04 00 00 00 AE 16 00 00 00 00 00 00 00 00 00 00 00 00 00 00 00 00 00 00 00 00 00 00 00 00 00 00 00 00 00 00 00 00 00 00 00 00 00 00 00 00 00 00 00 00 00 00 00  

 --- (04-00) DFEF7A Enable VAS Source

2026/9/10 09:52:47.077 [TX] - 56 69 56 4F 74 65 63 68 32 00 04 00 00 05 DF EF 7A 01 01 35 A4 
2026/9/10 09:52:47.120 [RX] - 56 69 56 4F 74 65 63 68 32 00 04 00 00 00 AE 16 00 00 00 00 00 00 00 00 00 00 00 00 00 00 00 00 00 00 00 00 00 00 00 00 00 00 00 00 00 00 00 00 00 00 00 00 00 00 00 00 00 00 00 00 00 00 00  

 --- Poll on demand

2026/9/10 09:52:47.659 [TX] - 56 69 56 4F 74 65 63 68 32 00 01 01 00 01 01 D7 34 
2026/9/10 09:52:47.666 [RX] - 56 69 56 4F 74 65 63 68 32 00 01 00 00 00 12 53 00 00 00 00 00 00 00 00 00 00 00 00 00 00 00 00 00 00 00 00 00 00 00 00 00 00 00 00 00 00 00 00 00 00 00 00 00 00 00 00 00 00 00 00 00 00 00  

 --- Burst mode off

2026/9/10 09:52:48.209 [TX] - 56 69 56 4F 74 65 63 68 32 00 04 00 00 05 DF EE 7E 01 00 60 1E 
2026/9/10 09:52:48.254 [RX] - 56 69 56 4F 74 65 63 68 32 00 04 00 00 00 AE 16 00 00 00 00 00 00 00 00 00 00 00 00 00 00 00 00 00 00 00 00 00 00 00 00 00 00 00 00 00 00 00 00 00 00 00 00 00 00 00 00 00 00 00 00 00 00 00  

 --- (C7-6D) Load Campus Card Key Block / Retrieve Key Block Info

2026/9/10 09:52:48.773 [TX] - 56 69 56 4F 74 65 63 68 32 00 C7 6D 00 C7 00 00 01 01 C7 02 01 20 03 01 01 04 0D 41 6C 6C 65 67 69 6F 6E 20 54 65 73 74 05 03 02 00 01 10 01 00 11 01 01 12 01 00 13 01 1C 14 03 B0 BB BB 15 10 81 BE 18 2F 1F 8E CB F3 BE 15 FA 92 E7 56 14 89 16 03 B3 BB BB 17 10 4A D7 7B 5E 86 63 BB 1B 0C 6E 17 18 3D 04 4E 16 18 03 A0 10 24 19 10 F7 AB 00 00 00 11 11 11 12 22 22 23 33 33 34 44 20 01 00 21 01 01 22 01 00 23 01 1C 24 03 B3 BB BB 25 10 C8 7A 68 8C E5 F9 B7 C9 0A F9 4D 55 B7 6F 25 AC 30 01 01 31 01 34 32 01 33 33 06 29 D2 64 3F A1 06 40 01 01 41 01 01 42 01 00 43 01 1C 44 03 B3 BB BB 45 10 7B 93 73 D5 DC 49 C5 98 59 F6 94 24 C2 CB F1 A3 30 04 
2026/9/10 09:52:48.790 [RX] - 56 69 56 4F 74 65 63 68 32 00 C7 00 00 2D D0 E8 75 82 0D 30 DF DB 4C 89 94 C6 29 39 19 93 A5 EF 32 97 71 81 5F 94 E0 E0 86 27 74 AE 27 5A 41 6C 6C 65 67 69 6F 6E 20 54 65 73 74 CD 76 00 00  

 --- (02-40) Apple VAS *** ApplePay w/ Blackboard card

2026/9/10 09:52:49.769 [TX] - 56 69 56 4F 74 65 63 68 32 00 02 40 00 29 30 9F 02 06 00 00 00 00 00 01 FF EE 06 1B 9F 22 02 02 00 9F 26 04 00 00 00 02 DF ED 57 06 C3 02 00 02 00 01 DF EE 01 01 03 5E DD 
2026/9/10 09:52:50.849 [RX] - 56 69 56 4F 74 65 63 68 32 00 02 57 00 48 21 DF EE 26 02 21 00 DF EF 4C 06 00 00 00 00 10 00 DF EF 4D 10 39 39 39 38 37 38 30 30 31 30 30 30 32 33 32 38 9F 39 01 07 FF EE 01 05 DF EE 30 01 00 FF EE 06 82 00 0B 9A 03 70 01 01 9F 21 03 00 27 14 DF EF 7B 01 03 E3 C4 00 00 00 00 00 00 00 00 00 00 00 00 00 00 00 00 00 00 00 00 00 00 00 00 00 00 00 00 00 00 00 00 00 00 00 00 00 00  

 --- (02 40) SmartTap 2 *** GooglePay w/ Blackboard card

2026/9/10 09:52:53.899 [TX] - 56 69 56 4F 74 65 63 68 32 00 02 40 00 22 30 9F 02 06 00 00 00 00 00 01 FF EE 08 14 DF ED 57 06 00 00 00 02 00 01 DF EF 1A 01 02 DF ED 28 01 00 9F 4F 
2026/9/10 09:52:54.733 [RX] - 56 69 56 4F 74 65 63 68 32 00 02 57 00 43 21 DF EE 26 02 21 00 DF EF 4C 06 00 00 00 00 10 00 DF EF 4D 10 39 39 39 38 37 38 30 30 31 30 30 33 34 33 30 34 9F 39 01 07 FF EE 01 05 DF EE 30 01 00 FF EE 08 08 DF EE 02 04 00 91 00 00 DF EF 7B 01 03 2B BD 00 00 00 00 00 00 00 00 00 00 00 00 00 00 00 00 00 00 00 00 00 00 00 00 00 00 00 00 00 00 00 00 00 00 00 00 00 00 00 00 00 00 00  

 --- (02-40) Apple VAS (NEO2) *** Blackboard Mifare Classic card

2026/9/10 09:52:57.115 [TX] - 56 69 56 4F 74 65 63 68 32 00 02 40 00 29 30 9F 02 06 00 00 00 00 00 01 FF EE 06 1B 9F 22 02 02 00 9F 26 04 00 00 00 02 DF ED 57 06 C3 02 00 02 00 01 DF EE 01 01 03 5E DD 
2026/9/10 09:52:57.704 [RX] - 56 69 56 4F 74 65 63 68 32 00 02 00 00 37 21 DF EE 26 02 21 00 DF EF 4C 06 00 00 00 00 10 00 DF EF 4D 10 39 39 39 38 38 38 30 32 32 36 32 30 30 35 39 39 9F 39 01 07 FF EE 01 05 DF EE 30 01 00 DF EF 7B 01 03 8E D3 00 00 00 00 00 00 00 00 00 00 00 00 00 00 00 00 00 00 00 00 00 00 00 00 00 00 00 00 00 00 00 00 00 00 00 00 00 00 00 00 00 00 00 00 00 00 00 00 00 00 00 00 00 00 00  

 --- (02 40) SmartTap 2 *** Blackboard Mifare Classic card

2026/9/10 09:53:02.189 [TX] - 56 69 56 4F 74 65 63 68 32 00 02 40 00 22 30 9F 02 06 00 00 00 00 00 01 FF EE 08 14 DF ED 57 06 00 00 00 02 00 01 DF EF 1A 01 02 DF ED 28 01 00 9F 4F 
2026/9/10 09:53:02.895 [RX] - 56 69 56 4F 74 65 63 68 32 00 02 00 00 37 21 DF EE 26 02 21 00 DF EF 4C 06 00 00 00 00 10 00 DF EF 4D 10 39 39 39 38 38 38 30 32 32 36 32 30 30 35 39 39 9F 39 01 07 FF EE 01 05 DF EE 30 01 00 DF EF 7B 01 03 8E D3 00 00 00 00 00 00 00 00 00 00 00 00 00 00 00 00 00 00 00 00 00 00 00 00 00 00 00 00 00 00 00 00 00 00 00 00 00 00 00 00 00 00 00 00 00 00 00 00 00 00 00 00 00 00 00  

 --- (02-40) Apple VAS (NEO2) *** Blackboard DESFire EV2 card

2026/9/10 09:53:05.468 [TX] - 56 69 56 4F 74 65 63 68 32 00 02 40 00 29 30 9F 02 06 00 00 00 00 00 01 FF EE 06 1B 9F 22 02 02 00 9F 26 04 00 00 00 02 DF ED 57 06 C3 02 00 02 00 01 DF EE 01 01 03 5E DD 
2026/9/10 09:53:05.992 [RX] - 56 69 56 4F 74 65 63 68 32 00 02 00 00 37 21 DF EE 26 02 21 00 DF EF 4C 06 00 00 00 00 10 00 DF EF 4D 10 39 39 39 38 38 38 31 32 33 34 35 36 37 38 39 31 9F 39 01 07 FF EE 01 05 DF EE 30 01 00 DF EF 7B 01 03 BA 70 00 00 00 00 00 00 00 00 00 00 00 00 00 00 00 00 00 00 00 00 00 00 00 00 00 00 00 00 00 00 00 00 00 00 00 00 00 00 00 00 00 00 00 00 00 00 00 00 00 00 00 00 00 00 00  

 --- (02 40) SmartTap 2 *** Blackboard DESFire EV2 card

2026/9/10 09:53:07.578 [TX] - 56 69 56 4F 74 65 63 68 32 00 02 40 00 22 30 9F 02 06 00 00 00 00 00 01 FF EE 08 14 DF ED 57 06 00 00 00 02 00 01 DF EF 1A 01 02 DF ED 28 01 00 9F 4F 
2026/9/10 09:53:07.951 [RX] - 56 69 56 4F 74 65 63 68 32 00 02 00 00 37 21 DF EE 26 02 21 00 DF EF 4C 06 00 00 00 00 10 00 DF EF 4D 10 39 39 39 38 38 38 31 32 33 34 35 36 37 38 39 31 9F 39 01 07 FF EE 01 05 DF EE 30 01 00 DF EF 7B 01 03 BA 70 00 00 00 00 00 00 00 00 00 00 00 00 00 00 00 00 00 00 00 00 00 00 00 00 00 00 00 00 00 00 00 00 00 00 00 00 00 00 00 00 00 00 00 00 00 00 00 00 00 00 00 00 00 00 00  

 ---------- END OF TEST ----------

 Result = PASSED


Docklight Log File (HEX) - Stopped 2026/9/10 09:53:09.079 

