Docklight Log File (HEX) - Started 2026/9/21 16:16:35.683 
 TEST CASE: SGP020-1

 --- Set POS COM PORT Settings
 Set POS COM PORT...
 POS operating on COM90 @ 115200 baud...
 Set POS COM PORT - COMPLETE

 --- hide timeout/cancel msg

2026/9/21 16:16:36.983 [TX] - 56 69 56 4F 74 65 63 68 32 00 04 00 00 0C DF ED 5A 08 0C 00 00 00 00 00 00 00 7B 2B 
2026/9/21 16:16:37.027 [RX] - 56 69 56 4F 74 65 63 68 32 00 04 00 00 00  OK AE 16 00 00 00 00 00 00 00 00 00 00 00 00 00 00 00 00 00 00 00 00 00 00 00 00 00 00 00 00 00 00 00 00 00 00 00 00 00 00 00 00 00 00 00 00 00 00 00  

 --- 05-01 Cancel transaction

2026/9/21 16:16:39.874 [TX] - 56 69 56 4F 74 65 63 68 32 00 05 01 00 00 92 EF 
2026/9/21 16:16:39.886 [RX] - 56 69 56 4F 74 65 63 68 32 00 05 00 00 00 D8 A2 00 00 00 00 00 00 00 00 00 00 00 00 00 00 00 00 00 00 00 00 00 00 00 00 00 00 00 00 00 00 00 00 00 00 00 00 00 00 00 00 00 00 00 00 00 00 00  

 --- show timeout/cancel msg (default)

2026/9/21 16:16:41.696 [TX] - 56 69 56 4F 74 65 63 68 32 00 04 00 00 0C DF ED 5A 08 00 00 00 00 00 00 00 00 CC 3A 
2026/9/21 16:16:41.739 [RX] - 56 69 56 4F 74 65 63 68 32 00 04 00 00 00  OK AE 16 00 00 00 00 00 00 00 00 00 00 00 00 00 00 00 00 00 00 00 00 00 00 00 00 00 00 00 00 00 00 00 00 00 00 00 00 00 00 00 00 00 00 00 00 00 00 00  

 --- 05-01 Cancel transaction

2026/9/21 16:16:43.300 [TX] - 56 69 56 4F 74 65 63 68 32 00 05 01 00 00 92 EF 
2026/9/21 16:16:43.311 [RX] - 56 69 56 4F 74 65 63 68 32 00 05 00 00 00 D8 A2 00 00 00 00 00 00 00 00 00 00 00 00 00 00 00 00 00 00 00 00 00 00 00 00 00 00 00 00 00 00 00 00 00 00 00 00 00 00 00 00 00 00 00 00 00 00 00  

 ---------- END OF TEST ----------

 Result = PASSED
 

 MASTER RESULT = PASSED


Docklight Log File (HEX) - Stopped 2026/9/21 16:16:46.226 

