Docklight Log File (HEX) - Started 2026/9/15 13:33:46.121 
 TEST CASE: VAS200

 --- Set POS COM PORT Settings
 Set POS COM PORT...
 POS operating on COM90 @ 115200 baud...
 Set POS COM PORT - COMPLETE

 

 --- Poll on Demand

2026/9/15 13:33:48.383 [TX] - 56 69 56 4F 74 65 63 68 32 00 01 01 00 01 01 D7 34 
2026/9/15 13:33:48.400 [RX] - 56 69 56 4F 74 65 63 68 32 00 01 00 00 00 12 53 00 00 00 00 00 00 00 00 00 00 00 00 00 00 00 00 00 00 00 00 00 00 00 00 00 00 00 00 00 00 00 00 00 00 00 00 00 00 00 00 00 00 00 00 00 00 00  

 --- Burst OFF *** NEO2

2026/9/15 13:33:48.422 [TX] - 56 69 56 4F 74 65 63 68 32 00 04 00 00 05 DF EE 7E 01 00 60 1E 
2026/9/15 13:33:48.487 [RX] - 56 69 56 4F 74 65 63 68 32 00 04 00 00 00 AE 16 00 00 00 00 00 00 00 00 00 00 00 00 00 00 00 00 00 00 00 00 00 00 00 00 00 00 00 00 00 00 00 00 00 00 00 00 00 00 00 00 00 00 00 00 00 00 00  

 --- Set Merchant 1

2026/9/15 13:33:48.512 [TX] - 56 69 56 4F 74 65 63 68 32 00 04 11 00 63 01 01 3C C7 0E D8 9A 9D 43 54 BE 98 30 AB 58 D8 9C 6F E7 E6 2B AC A9 39 D2 A6 85 1D FC 60 2E A7 98 F7 00 00 00 00 00 00 00 00 00 00 00 00 00 00 00 00 00 00 00 00 00 00 00 00 00 00 00 00 00 00 00 00 00 00 00 00 00 00 00 00 00 00 00 00 00 00 00 00 00 00 00 00 00 00 00 00 00 00 00 00 00 00 00 00 00 25 B1 
2026/9/15 13:33:48.554 [RX] - 56 69 56 4F 74 65 63 68 32 00 04 00 00 00 AE 16 00 00 00 00 00 00 00 00 00 00 00 00 00 00 00 00 00 00 00 00 00 00 00 00 00 00 00 00 00 00 00 00 00 00 00 00 00 00 00 00 00 00 00 00 00 00 00  

 --- Scenario #1: ACT w/o FFEE06 - (Interac) (NEO2)

2026/9/15 13:33:49.261 [TX] - 56 69 56 4F 74 65 63 68 32 00 02 40 00 18 FA 9F 02 06 00 00 00 00 10 00 9C 01 00 9A 03 06 02 07 9F 21 03 02 29 04 0B 42 
2026/9/15 13:33:49.293 [RX] - 56 69 56 4F 74 65 63 68 32 00 02 63 00 00 4B B4 00 00 00 00 00 00 00 00 00 00 00 00 00 00 00 00 00 00 00 00 00 00 00 00 00 00 00 00 00 00 00 00 00 00 00 00 00 00 00 00 00 00 00 00 00 00 00 56 69 56 4F 74 65 63 68 32 00 61 01 00 10 03 00 00 02 00 45 4E 03 00 82 57 1C 02 00 00 60 FB 9A 00 00 00 00 00 00 00 00 00 00 00 00 00 00 00 00 00 00 00 00 00 00 00 00 00 00 00 00 00 00 00 56 69 56 4F 74 65 63 68 32 00 61 01 00 1A 04 00 00 02 00 45 4E 0D 00 84 01 1C 04 24 1C 04 31 30 2E 30 30 1C 02 00 F4 21 DF 2B 00 00 00 00 00 00 00 00 00 00 00 00 00 00 00 00 00 00 00 00 00 56 69 56 4F 74 65 63 68 32 00 61 01 00 10 03 00 00 02 00 45 4E 03 00 82 1A 1C 02 00 F4 21 58 29 00 00 00 00 00 00 00 00 00 00 00 00 00 00 00 00 00 00 00 00 00 00 00 00 00 00 00 00 00 00 00 56 69 56 4F 74 65 63 68 32 00 02 23 02 97 E1 DF EE 26 02 E1 00 DF EE 12 0A FF FF 98 76 54 32 11 00 00 20 DF EF 4C 06 00 00 00 00 00 00 DF EF 4D 00 DF 81 29 08 30 F0 F0 F0 B0 F0 FF 00 FF 81 06 0A DF 81 15 06 00 00 00 90 00 FF FF 81 05 82 02 05 4F 07 A0 00 00 02 77 10 10 50 07 49 6E 74 65 72 61 63 57 A1 11 54 13 CC CC CC CC 15 13 D0 51 2C CC CC CC CC CC CC 57 C1 18 FD 53 30 17 8D 6D 6F 21 1B 7E B9 8C E8 7B 2E 4D 69 22 AC 41 51 12 6D DE 5A A1 08 54 13 CC CC CC CC 15 13 5A C1 10 FE 44 CA EB 64 69 F6 32 F8 77 C8 98 FE 12 43 15 5F 20 0F 54 65 73 74 20 43 61 72 64 20 31 20 20 20 20 5F 24 03 05 12 31 5F 25 03 09 01 01 5F 28 02 01 24 5F 2A 02 01 24 5F 2D 04 65 6E 66 72 5F 30 02 02 20 5F 34 01 01 5F 36 01 02 82 02 19 00 84 07 A0 00 00 02 77 10 10 8E 0A 00 00 00 00 00 00 00 00 1F 00 8F 01 40 95 05 04 60 00 00 00 9A 03 06 02 07 9B 02 88 00 9C 01 00 9F 02 06 00 00 00 00 10 00 9F 03 06 00 00 00 00 00 00 9F 06 07 A0 00 00 02 77 10 10 9F 07 02 AB 00 9F 09 02 00 02 9F 0D 05 00 00 00 00 00 9F 0E 05 00 00 00 00 00 9F 0F 05 00 40 00 00 00 9F 10 16 15 01 85 04 00 00 00 00 40 00 70 90 80 00 D8 80 00 00 03 00 00 00 9F 11 01 01 9F 15 02 00 00 9F 1A 02 01 24 9F 1E 08 35 54 31 37 30 36 30 35 9F 21 03 02 29 04 9F 26 08 61 D0 61 EA 17 EA 11 D6 9F 27 01 80 9F 2A 01 15 9F 33 03 00 48 E8 9F 34 03 3F 00 00 9F 35 01 22 9F 36 02 00 01 9F 37 04 83 E3 0B 2E 9F 39 01 07 9F 40 05 FF 80 00 00 00 9F 41 04 00 00 00 32 9F 42 02 01 24 9F 45 02 00 00 9F 4C 08 00 00 00 00 00 00 00 00 9F 4E 1E 00 00 00 00 00 00 00 00 00 00 00 00 00 00 00 00 00 00 00 00 00 00 00 00 00 00 00 00 00 00 9F 53 01 00 9F 58 01 03 9F 59 03 DC 87 00 9F 5A 01 00 9F 5D 06 00 00 00 00 50 00 9F 5F 06 00 00 00 00 60 00 9F 70 01 00 9F 7C 14 00 00 00 00 00 00 00 00 00 00 00 00 00 00 00 00 00 00 00 00 DF EE 76 05 04 60 00 00 00 DF EF 56 01 02 DF 81 16 16 1B 04 00 00 00 65 6E 66 72 00 00 00 00 00 00 00 00 00 00 00 01 24 FF EE 01 0A DF EE 30 01 00 DF EE 33 01 00 DF EE 4C 01 15 DF EC 1C 1E 08 03 00 04 FF 00 1B 04 00 00 00 FF 00 00 00 00 00 00 01 24 65 6E 66 72 00 00 00 00 FF 00 77 ED 00 00 00 00 00 00 00 00 00 00 00 00 00 00 
2026/9/15 13:33:56.229 [TX] - 56 69 56 4F 74 65 63 68 32 00 03 03 00 15 00 E3 00 06 31 32 33 34 35 36 9A 03 15 07 30 9F 21 03 10 10 10 49 5A 
2026/9/15 13:33:56.243 [RX] - 56 69 56 4F 74 65 63 68 32 00 61 01 00 10 03 00 00 02 00 45 4E 03 00 82 70 1C 02 00 F4 21 81 33 00 00 00 00 00 00 00 00 00 00 00 00 00 00 00 00 00 00 00 00 00 00 00 00 00 00 00 00 00 00 00 56 69 56 4F 74 65 63 68 32 00 03 00 00 00 FF 3B 00 00 00 00 00 00 00 00 00 00 00 00 00 00 00 00 00 00 00 00 00 00 00 00 00 00 00 00 00 00 00 00 00 00 00 00 00 00 00 00 00 00 00 00 00 00 00 56 69 56 4F 74 65 63 68 32 00 61 01 00 10 03 00 00 02 00 45 4E 03 00 82 23 1C 02 00 00 20 F0 63 00 00 00 00 00 00 00 00 00 00 00 00 00 00 00 00 00 00 00 00 00 00 00 00 00 00 00 00 00 00 00  

 --- Scenario #2: ACT w/ FFEE06 - (EMV Card)

2026/9/15 13:34:00.917 [TX] - 56 69 56 4F 74 65 63 68 32 00 02 40 00 34 30 9F 02 06 00 00 00 00 00 01 9A 03 07 11 21 9F 21 03 10 15 20 9C 01 00 FF EE 06 18 9F 22 02 01 00 9F 26 04 00 00 00 00 9F 2B 05 01 00 00 00 00 DF 01 01 01 FB E6 
2026/9/15 13:34:00.949 [RX] - 56 69 56 4F 74 65 63 68 32 00 02 63 00 00 4B B4 00 00 00 00 00 00 00 00 00 00 00 00 00 00 00 00 00 00 00 00 00 00 00 00 00 00 00 00 00 00 00 00 00 00 00 00 00 00 00 00 00 00 00 00 00 00 00 56 69 56 4F 74 65 63 68 32 00 61 01 00 10 03 00 00 02 00 45 4E 03 00 82 57 1C 02 00 00 60 FB 9A 00 00 00 00 00 00 00 00 00 00 00 00 00 00 00 00 00 00 00 00 00 00 00 00 00 00 00 00 00 00 00 56 69 56 4F 74 65 63 68 32 00 61 01 00 19 04 00 00 02 00 45 4E 0C 00 84 01 1C 04 24 1C 04 30 2E 30 31 1C 02 00 F4 21 62 DF 00 00 00 00 00 00 00 00 00 00 00 00 00 00 00 00 00 00 00 00 00 00 56 69 56 4F 74 65 63 68 32 00 61 01 00 10 03 00 00 02 00 45 4E 03 00 82 1A 1C 02 00 F4 21 58 29 00 00 00 00 00 00 00 00 00 00 00 00 00 00 00 00 00 00 00 00 00 00 00 00 00 00 00 00 00 00 00 56 69 56 4F 74 65 63 68 32 00 61 01 00 10 03 00 00 02 00 45 4E 03 00 82 68 1C 02 00 F4 21 96 F5 00 00 00 00 00 00 00 00 00 00 00 00 00 00 00 00 00 00 00 00 00 00 00 00 00 00 00 00 00 00 00 56 69 56 4F 74 65 63 68 32 00 61 01 00 10 03 00 00 02 00 45 4E 03 00 82 15 1C 02 00 F4 21 9D 2A 00 00 00 00 00 00 00 00 00 00 00 00 00 00 00 00 00 00 00 00 00 00 00 00 00 00 00 00 00 00 00 56 69 56 4F 74 65 63 68 32 00 02 23 02 29 E1 DF EE 26 02 E1 00 DF EE 12 0A FF FF 98 76 54 32 11 00 00 21 DF EF 4C 06 00 00 00 00 00 00 DF EF 4D 00 DF 81 29 08 30 F0 F0 F0 B0 F0 FF 00 DF 81 16 16 1B FF 00 00 13 00 00 00 00 00 00 00 00 20 00 00 00 01 00 00 08 40 FF 81 05 82 01 86 4F 07 A0 00 00 00 03 10 10 50 0C 56 49 53 41 20 54 45 53 54 20 30 31 57 A1 13 47 61 CC CC CC CC 00 10 D2 01 2C CC CC CC CC CC CC CC CC 57 C1 18 73 AB 94 FF 50 A4 E8 E4 D9 E4 83 01 02 85 2B F5 39 35 87 F1 A7 5A 7E FD 5A A1 08 47 61 CC CC CC CC 00 10 5A C1 10 95 B6 F1 A6 D7 CE 59 DE AA 2C 60 D0 1B 22 F0 73 82 02 20 20 84 07 A0 00 00 00 03 10 10 8F 01 51 95 05 00 00 00 00 00 96 01 03 9A 03 07 11 21 9C 01 00 5F 24 03 20 12 31 5F 2A 02 08 40 5F 2D 04 65 73 65 6E 5F 34 01 01 5F 36 01 02 9F 02 06 00 00 00 00 00 01 9F 03 06 00 00 00 00 00 00 9F 06 07 A0 00 00 00 03 10 10 9F 09 02 00 02 9F 10 07 06 01 11 03 90 00 00 9F 11 01 01 9F 12 0C 50 72 65 66 20 4E 61 6D 65 20 30 31 9F 15 02 00 00 9F 1A 02 08 40 9F 1B 04 00 00 1F 40 9F 1E 08 35 54 31 37 30 36 30 35 9F 21 03 10 15 20 9F 26 08 AA BB CC DD EE FF 11 22 9F 27 01 40 9F 33 03 E0 08 40 9F 34 03 3F 00 00 9F 35 01 15 9F 36 02 00 03 9F 37 04 37 BC 91 53 9F 39 01 07 9F 40 05 80 00 00 00 00 9F 41 04 00 00 00 33 9F 4E 1E 00 00 00 00 00 00 00 00 00 00 00 00 00 00 00 00 00 00 00 00 00 00 00 00 00 00 00 00 00 00 9F 66 04 30 00 C0 00 9F 69 07 01 11 22 33 44 20 00 9F 6C 02 20 00 DF 81 26 06 00 00 00 00 60 00 DF EE 4C 01 06 FF 81 06 09 9F 5D 06 00 00 00 01 00 00 FF EE 01 0A DF EE 30 01 00 DF EE 5B 01 05 DF EC 1C 1E 08 03 00 04 FF 00 1B 00 00 00 13 01 00 00 00 01 00 00 08 40 00 00 00 00 00 00 00 00 FF 00 FF EE 06 13 9A 03 07 11 21 9F 21 03 10 15 20 DF EE 02 04 20 6A 82 02 D9 CF 00 00 00 00 00 00 00 00 00 00 00 00 00 00 00 00 00 00 00 00 00 00 00 00 00 00 00 00 00 00 00 00 00 00 00 00 00 00 00 00 00 00 00 00 00 00 00 00 00 00 00 00 00 00 00 00 00 00 00 00 00  

 --- Scenario #3: ACT w/ FFEE06 - (Interac)

2026/9/15 13:34:07.235 [TX] - 56 69 56 4F 74 65 63 68 32 00 02 40 00 2C FA 9F 02 06 00 00 00 00 10 00 9C 01 00 9A 03 06 02 07 9F 21 03 02 29 04 FF EE 06 10 9F 26 04 00 00 00 01 9F 22 02 01 00 DF 01 01 03 A7 90 
2026/9/15 13:34:07.268 [RX] - 56 69 56 4F 74 65 63 68 32 00 02 63 00 00 4B B4 00 00 00 00 00 00 00 00 00 00 00 00 00 00 00 00 00 00 00 00 00 00 00 00 00 00 00 00 00 00 00 00 00 00 00 00 00 00 00 00 00 00 00 00 00 00 00 56 69 56 4F 74 65 63 68 32 00 61 01 00 10 03 00 00 02 00 45 4E 03 00 82 57 1C 02 00 00 60 FB 9A 00 00 00 00 00 00 00 00 00 00 00 00 00 00 00 00 00 00 00 00 00 00 00 00 00 00 00 00 00 00 00 56 69 56 4F 74 65 63 68 32 00 61 01 00 1A 04 00 00 02 00 45 4E 0D 00 84 01 1C 04 24 1C 04 31 30 2E 30 30 1C 02 00 F4 21 DF 2B 00 00 00 00 00 00 00 00 00 00 00 00 00 00 00 00 00 00 00 00 00 56 69 56 4F 74 65 63 68 32 00 61 01 00 10 03 00 00 02 00 45 4E 03 00 82 1A 1C 02 00 F4 21 58 29 00 00 00 00 00 00 00 00 00 00 00 00 00 00 00 00 00 00 00 00 00 00 00 00 00 00 00 00 00 00 00 56 69 56 4F 74 65 63 68 32 00 02 23 02 AE E1 DF EE 26 02 E1 00 DF EE 12 0A FF FF 98 76 54 32 11 00 00 22 DF EF 4C 06 00 00 00 00 00 00 DF EF 4D 00 DF 81 29 08 30 F0 F0 F0 B0 F0 FF 00 FF 81 06 0A DF 81 15 06 00 00 00 90 00 FF FF 81 05 82 02 05 4F 07 A0 00 00 02 77 10 10 50 07 49 6E 74 65 72 61 63 57 A1 11 54 13 CC CC CC CC 15 13 D0 51 2C CC CC CC CC CC CC 57 C1 18 DE 42 56 D1 DB 01 DB 62 56 1C 62 BD 58 EE 4C 47 4D 3C DD CC AC 0F 2F 0E 5A A1 08 54 13 CC CC CC CC 15 13 5A C1 10 8E 36 76 AC C8 45 A0 21 87 1D A3 BC 2B 7A 46 FA 5F 20 0F 54 65 73 74 20 43 61 72 64 20 31 20 20 20 20 5F 24 03 05 12 31 5F 25 03 09 01 01 5F 28 02 01 24 5F 2A 02 01 24 5F 2D 04 65 6E 66 72 5F 30 02 02 20 5F 34 01 01 5F 36 01 02 82 02 19 00 84 07 A0 00 00 02 77 10 10 8E 0A 00 00 00 00 00 00 00 00 1F 00 8F 01 40 95 05 04 60 00 00 00 9A 03 06 02 07 9B 02 88 00 9C 01 00 9F 02 06 00 00 00 00 10 00 9F 03 06 00 00 00 00 00 00 9F 06 07 A0 00 00 02 77 10 10 9F 07 02 AB 00 9F 09 02 00 02 9F 0D 05 00 00 00 00 00 9F 0E 05 00 00 00 00 00 9F 0F 05 00 40 00 00 00 9F 10 16 15 01 85 04 00 00 00 00 40 00 70 90 80 00 D8 80 00 00 03 00 00 00 9F 11 01 01 9F 15 02 00 00 9F 1A 02 01 24 9F 1E 08 35 54 31 37 30 36 30 35 9F 21 03 02 29 04 9F 26 08 5A 8F 36 89 36 08 DE 34 9F 27 01 80 9F 2A 01 15 9F 33 03 00 48 E8 9F 34 03 3F 00 00 9F 35 01 22 9F 36 02 00 01 9F 37 04 16 54 98 0E 9F 39 01 07 9F 40 05 FF 80 00 00 00 9F 41 04 00 00 00 34 9F 42 02 01 24 9F 45 02 00 00 9F 4C 08 00 00 00 00 00 00 00 00 9F 4E 1E 00 00 00 00 00 00 00 00 00 00 00 00 00 00 00 00 00 00 00 00 00 00 00 00 00 00 00 00 00 00 9F 53 01 00 9F 58 01 03 9F 59 03 DC 87 00 9F 5A 01 00 9F 5D 06 00 00 00 00 50 00 9F 5F 06 00 00 00 00 60 00 9F 70 01 00 9F 7C 14 00 00 00 00 00 00 00 00 00 00 00 00 00 00 00 00 00 00 00 00 DF EE 76 05 04 60 00 00 00 DF EF 56 01 02 DF 81 16 16 1B 04 00 00 00 65 6E 66 72 00 00 00 00 00 00 00 00 00 00 00 01 24 FF EE 01 0A DF EE 30 01 00 DF EE 33 01 00 DF EE 4C 01 15 DF EC 1C 1E 08 03 00 04 FF 00 1B 04 00 00 00 FF 00 00 00 00 00 00 01 24 65 6E 66 72 00 00 00 00 FF 00 FF EE 06 13 9A 03 06 02 07 9F 21 03 02 29 04 DF EE 02 04 20 6A 82 02 BB 17 00 00 00 00 00 00 00 00 00 00 00 00 00 00 00 00 00 00 00 00 00 00 00 00 00 00 00 00 00 00 00 00 00 00 00 00 00 00 00 00 00 00 00 00 00 00 00 00 00 00 00 00 00 00 
2026/9/15 13:34:13.786 [TX] - 56 69 56 4F 74 65 63 68 32 00 03 03 00 15 00 E3 00 06 31 32 33 34 35 36 9A 03 15 07 30 9F 21 03 10 10 10 49 5A 
2026/9/15 13:34:13.800 [RX] - 56 69 56 4F 74 65 63 68 32 00 61 01 00 10 03 00 00 02 00 45 4E 03 00 82 70 1C 02 00 F4 21 81 33 00 00 00 00 00 00 00 00 00 00 00 00 00 00 00 00 00 00 00 00 00 00 00 00 00 00 00 00 00 00 00 56 69 56 4F 74 65 63 68 32 00 03 00 00 00 FF 3B 00 00 00 00 00 00 00 00 00 00 00 00 00 00 00 00 00 00 00 00 00 00 00 00 00 00 00 00 00 00 00 00 00 00 00 00 00 00 00 00 00 00 00 00 00 00 00 56 69 56 4F 74 65 63 68 32 00 61 01 00 10 03 00 00 02 00 45 4E 03 00 82 23 1C 02 00 00 20 F0 63 00 00 00 00 00 00 00 00 00 00 00 00 00 00 00 00 00 00 00 00 00 00 00 00 00 00 00 00 00 00 00  

 ---------- END OF TEST ----------

 Result = PASSED


Docklight Log File (HEX) - Stopped 2026/9/15 13:34:17.918 

