Docklight Log File (HEX) - Started 2026/9/15 13:35:16.222 
 TEST CASE: VAS401

 --- Set POS COM PORT Settings
 Set POS COM PORT...
 POS operating on COM90 @ 115200 baud...
 Set POS COM PORT - COMPLETE

 

 --- 60-16 Contact Set ICS Identification = 02

2026/9/15 13:35:26.783 [TX] - 56 69 56 4F 74 65 63 68 32 00 60 16 00 01 02 B3 FD 
2026/9/15 13:35:26.794 [RX] - 56 69 56 4F 74 65 63 68 32 00 29 00 00 1A 56 69 56 4F 74 65 63 68 32 00 60 00 00 00 3D 35 00 00 00 00 00 00 00 00 00 00 00 00 00 00 00 00 00 00 00 00 00 00 00 00 00 00 00 00 00 00 00 00 00 00 00 00 00 00 00 00 00 00 00 00 00 00 00  

 --- 60-06 Contact Set Terminal Data: 2C

2026/9/15 13:35:27.005 [TX] - 56 69 56 4F 74 65 63 68 32 00 60 06 00 C8 18 00 5F 36 01 02 9F 1A 02 08 40 9F 35 01 21 9F 33 03 60 28 C8 9F 40 05 F0 00 F0 A0 01 9F 1E 08 54 65 72 6D 69 6E 61 6C 9F 15 02 12 34 9F 16 0F 30 30 30 30 30 30 30 30 30 30 30 30 30 30 30 9F 1C 08 38 37 36 35 34 33 32 31 9F 4E 22 31 30 37 32 31 20 57 61 6C 6B 65 72 20 53 74 2E 20 43 79 70 72 65 73 73 2C 20 43 41 20 2C 55 53 41 2E DF 26 01 01 DF 10 08 65 6E 66 72 65 73 7A 68 DF 11 01 00 DF 27 01 00 DF EE 15 01 01 DF EE 16 01 00 DF EE 17 01 05 DF EE 18 01 80 DF EE 1E 08 D0 DC 20 D0 C4 1E 16 00 DF EE 1F 01 80 DF EE 1B 08 30 30 30 31 35 31 30 30 DF EE 20 01 3C DF EE 21 01 0A DF EE 22 03 32 3C 3C C3 41 
2026/9/15 13:35:27.031 [RX] - 56 69 56 4F 74 65 63 68 32 00 60 00 00 00 3D 35 00 00 00 00 00 00 00 00 00 00 00 00 00 00 00 00 00 00 00 00 00 00 00 00 00 00 00 00 00 00 00 00 00 00 00 00 00 00 00 00 00 00 00 00 00 00 00  

 --- 60-03 Contact Set Application Data (VISA)

2026/9/15 13:35:27.227 [TX] - 56 69 56 4F 74 65 63 68 32 00 60 03 00 65 07 00 A0 00 00 00 03 10 10 0F 00 9F 01 06 56 49 53 41 30 30 5F 57 01 00 5F 2A 02 08 40 9F 09 02 00 96 5F 36 01 02 9F 1B 04 00 00 3A 98 DF 25 03 9F 37 04 DF 28 03 9F 08 02 DF EE 15 01 01 DF 13 05 00 00 00 00 00 DF 14 05 00 00 00 00 00 DF 15 05 00 00 00 00 00 DF 18 01 00 DF 17 04 00 00 27 10 DF 19 01 00 F3 97 
2026/9/15 13:35:27.250 [RX] - 56 69 56 4F 74 65 63 68 32 00 60 00 00 00 3D 35 00 00 00 00 00 00 00 00 00 00 00 00 00 00 00 00 00 00 00 00 00 00 00 00 00 00 00 00 00 00 00 00 00 00 00 00 00 00 00 00 00 00 00 00 00 00 00  --- Get Data Encryption (C7-37)

2026/9/15 13:35:27.449 [TX] - 56 69 56 4F 74 65 63 68 32 00 C7 37 00 00 5B C6 
2026/9/15 13:35:27.457 [RX] - 56 69 56 4F 74 65 63 68 32 00 C7 00 00 01 03 9C 1C 00 00 00 00 00 00 00 00 00 00 00 00 00 00 00 00 00 00 00 00 00 00 00 00 00 00 00 00 00 00 00 00 00 00 00 00 00 00 00 00 00 00 00 00 00 00  

 --- Get FW ver (29-00) 

2026/9/15 13:35:27.990 [TX] - 56 69 56 4F 74 65 63 68 32 00 29 00 00 00 DE A0 
2026/9/15 13:35:27.995 [RX] - 56 69 56 4F 74 65 63 68 32 00 29 00 00 1A 56 50 33 33 35 30 20 46 57 20 76 31 2E 30 30 2E 39 39 39 2E 32 36 33 34 2E 54 1B 4E 00 00 00 00 00 00 00 00 00 00 00 00 00 00 00 00 00 00 00 00 00  

 --- Poll on Demand

2026/9/15 13:35:29.220 [TX] - 56 69 56 4F 74 65 63 68 32 00 01 01 00 01 01 D7 34 
2026/9/15 13:35:29.237 [RX] - 56 69 56 4F 74 65 63 68 32 00 01 00 00 00 12 53 00 00 00 00 00 00 00 00 00 00 00 00 00 00 00 00 00 00 00 00 00 00 00 00 00 00 00 00 00 00 00 00 00 00 00 00 00 00 00 00 00 00 00 00 00 00 00  

 --- Burst mode Off *** NEO2

2026/9/15 13:35:29.775 [TX] - 56 69 56 4F 74 65 63 68 32 00 04 00 00 05 DF EE 7E 01 00 60 1E 
2026/9/15 13:35:29.934 [RX] - 56 69 56 4F 74 65 63 68 32 00 04 00 00 00 AE 16 00 00 00 00 00 00 00 00 00 00 00 00 00 00 00 00 00 00 00 00 00 00 00 00 00 00 00 00 00 00 00 00 00 00 00 00 00 00 00 00 00 00 00 00 00 00 00  

 --- Set Merchant 4 - pass.com.apple.wallet.dev_Panera 

2026/9/15 13:35:30.957 [TX] - 56 69 56 4F 74 65 63 68 32 00 04 11 00 63 04 01 06 41 3B 95 7A 52 59 98 3B 60 8C FC 89 CF B1 DA B9 0C E7 05 AD 8E FF 78 E9 DE 12 2C CF 8D 2C BF 00 00 00 00 00 00 00 00 00 00 00 00 00 00 00 00 00 00 00 00 00 00 00 00 00 00 00 00 00 00 00 00 00 00 00 00 00 00 00 00 00 00 00 00 00 00 00 00 00 00 00 00 00 00 00 00 00 00 00 00 00 00 00 00 00 E7 6F 
2026/9/15 13:35:31.006 [RX] - 56 69 56 4F 74 65 63 68 32 00 04 00 00 00 AE 16 00 00 00 00 00 00 00 00 00 00 00 00 00 00 00 00 00 00 00 00 00 00 00 00 00 00 00 00 00 00 00 00 00 00 00 00 00 00 00 00 00 00 00 00 00 00 00  

 --- 02-40 VAS_AND_PAY

2026/9/15 13:35:31.728 [TX] - 56 69 56 4F 74 65 63 68 32 00 02 40 00 31 FA 9F 02 06 00 00 00 00 02 00 9C 01 00 9A 03 17 12 19 9F 21 03 09 58 08 FF EE 06 10 9F 26 04 00 00 00 01 9F 22 02 01 00 DF 01 01 03 DF EF 7A 01 01 82 55 
2026/9/15 13:35:31.760 [RX] - 56 69 56 4F 74 65 63 68 32 00 02 63 00 00 4B B4 00 00 00 00 00 00 00 00 00 00 00 00 00 00 00 00 00 00 00 00 00 00 00 00 00 00 00 00 00 00 00 00 00 00 00 00 00 00 00 00 00 00 00 00 00 00 00 56 69 56 4F 74 65 63 68 32 00 61 01 00 10 03 00 00 02 00 45 4E 03 00 82 1A 1C 02 00 F4 21 58 29 00 00 00 00 00 00 00 00 00 00 00 00 00 00 00 00 00 00 00 00 00 00 00 00 00 00 00 00 00 00 00 56 69 56 4F 74 65 63 68 32 00 61 01 00 10 03 00 00 02 00 45 4E 03 00 82 57 1C 02 00 00 60 FB 9A 00 00 00 00 00 00 00 00 00 00 00 00 00 00 00 00 00 00 00 00 00 00 00 00 00 00 00 00 00 00 00 56 69 56 4F 74 65 63 68 32 00 61 01 00 19 04 00 00 02 00 45 4E 0C 00 84 01 1C 04 24 1C 04 32 2E 30 30 1C 02 00 F4 21 E1 18 00 00 00 00 00 00 00 00 00 00 00 00 00 00 00 00 00 00 00 00 00 00 56 69 56 4F 74 65 63 68 32 00 02 57 00 92 E1 DF EE 26 02 E1 00 FF EE 06 75 9A 03 17 12 19 9F 21 03 09 58 08 9F 25 20 06 41 3B 95 7A 52 59 98 3B 60 8C FC 89 CF B1 DA B9 0C E7 05 AD 8E FF 78 E9 DE 12 2C CF 8D 2C BF 9F 2A 00 9F 27 41 44 8D EC 4C 35 A1 44 40 AC 4B 6D 28 7A 34 B4 93 D9 74 85 B8 14 2C 47 47 86 37 66 E0 21 0A 3A E5 1C 48 2B 8C 96 D1 C2 2B 83 69 98 8E 9F 11 88 10 5E B6 B9 FF 75 53 FB 62 B8 E4 30 09 7B 47 E6 9D F7  << Tag FFEE06 9F 39 01 07 FF EE 01 05 DF EE 30 01 00 DF EF 7B 01 01  << Tag DFEF7B 40 0D 00 00 00 00 00 00 00 00 00 00 00 00 00 00 00 00 00 00 00 00 00 00 00 00 00 00 00 56 69 56 4F 74 65 63 68 32 00 61 01 00 10 03 00 00 02 00 45 4E 03 00 82 23 1C 02 00 00 20 F0 63 00 00 00 00 00 00 00 00 00 00 00 00 00 00 00 00 00 00 00 00 00 00 00 00 00 00 00 00 00 00 00  

 --- 02-40 VAS_OR_PAY

2026/9/15 13:35:35.248 [TX] - 56 69 56 4F 74 65 63 68 32 00 02 40 00 31 FA 9F 02 06 00 00 00 00 02 00 9C 01 00 9A 03 17 12 19 9F 21 03 09 58 08 FF EE 06 10 9F 26 04 00 00 00 00 9F 22 02 01 00 DF 01 01 03 DF EF 7A 01 01 7E FB 
2026/9/15 13:35:35.281 [RX] - 56 69 56 4F 74 65 63 68 32 00 02 63 00 00 4B B4 00 00 00 00 00 00 00 00 00 00 00 00 00 00 00 00 00 00 00 00 00 00 00 00 00 00 00 00 00 00 00 00 00 00 00 00 00 00 00 00 00 00 00 00 00 00 00 56 69 56 4F 74 65 63 68 32 00 61 01 00 10 03 00 00 02 00 45 4E 03 00 82 57 1C 02 00 00 60 FB 9A 00 00 00 00 00 00 00 00 00 00 00 00 00 00 00 00 00 00 00 00 00 00 00 00 00 00 00 00 00 00 00 56 69 56 4F 74 65 63 68 32 00 61 01 00 19 04 00 00 02 00 45 4E 0C 00 84 01 1C 04 24 1C 04 32 2E 30 30 1C 02 00 F4 21 E1 18 00 00 00 00 00 00 00 00 00 00 00 00 00 00 00 00 00 00 00 00 00 00 56 69 56 4F 74 65 63 68 32 00 61 01 00 10 03 00 00 02 00 45 4E 03 00 82 1A 1C 02 00 F4 21 58 29 00 00 00 00 00 00 00 00 00 00 00 00 00 00 00 00 00 00 00 00 00 00 00 00 00 00 00 00 00 00 00 56 69 56 4F 74 65 63 68 32 00 02 57 00 92 E1 DF EE 26 02 E1 00 FF EE 06 75 9A 03 17 12 19 9F 21 03 09 58 08 9F 25 20 06 41 3B 95 7A 52 59 98 3B 60 8C FC 89 CF B1 DA B9 0C E7 05 AD 8E FF 78 E9 DE 12 2C CF 8D 2C BF 9F 2A 00 9F 27 41 44 8D EC 4C F2 F1 1C 97 9C 32 C3 9E 52 F0 74 99 32 25 54 AF 02 15 90 35 B3 34 E4 1C 3C D9 BB 1A 8D 57 18 C5 46 33 2C FE CA 8F AD CD 4A 0D E0 83 00 1D DE 4B 29 C0 79 04 D0 22 3F 5D DE 1A F0 44 01  << Tag FFEE06 9F 39 01 07 FF EE 01 05 DF EE 30 01 00 DF EF 7B 01 01  << Tag DFEF7B 99 CC 00 00 00 00 00 00 00 00 00 00 00 00 00 00 00 00 00 00 00 00 00 00 00 00 00 00 00 56 69 56 4F 74 65 63 68 32 00 61 01 00 10 03 00 00 02 00 45 4E 03 00 82 23 1C 02 00 00 20 F0 63 00 00 00 00 00 00 00 00 00 00 00 00 00 00 00 00 00 00 00 00 00 00 00 00 00 00 00 00 00 00 00  
---------- END OF TEST ----------

 Result = PASSED
 

 MASTER RESULT = PASSED


Docklight Log File (HEX) - Stopped 2026/9/15 13:35:36.826 

