Docklight Log File (HEX) - Started 2026/9/9 16:04:26.017 
 TEST CASE: AC004

 --- Set POS COM PORT Settings
 Set POS COM PORT...
 POS operating on COM90 @ 115200 baud...
 Set POS COM PORT - COMPLETE

 --- Burst mode OFF

2026/9/9 16:04:28.652 [TX] - 56 69 56 4F 74 65 63 68 32 00 04 00 00 05 DF EE 7E 01 00 60 1E 
2026/9/9 16:04:28.699 [RX] - 56 69 56 4F 74 65 63 68 32 00 04 00 00 00 AE 16 00 00 00 00 00 00 00 00 00 00 00 00 00 00 00 00 00 00 00 00 00 00 00 00 00 00 00 00 00 00 00 00 00 00 00 00 00 00 00 00 00 00 00 00 00 00 00  

 --- Poll on Demand

2026/9/9 16:04:29.233 [TX] - 56 69 56 4F 74 65 63 68 32 00 01 01 00 01 01 D7 34 
2026/9/9 16:04:29.242 [RX] - 56 69 56 4F 74 65 63 68 32 00 01 00 00 00 12 53 00 00 00 00 00 00 00 00 00 00 00 00 00 00 00 00 00 00 00 00 00 00 00 00 00 00 00 00 00 00 00 00 00 00 00 00 00 00 00 00 00 00 00 00 00 00 00  

 --- cfg mstripe (FFFC=1) grp1

2026/9/9 16:04:29.768 [TX] - 56 69 56 4F 74 65 63 68 32 00 04 03 00 6D DF EE 2D 01 80 DF 81 1B 01 40 DF 81 1E 01 10 DF 81 2C 01 00 9F 7E 00 DF 81 24 06 00 00 00 03 00 00 DF 81 25 06 00 00 00 05 00 00 DF 81 26 06 00 00 00 00 10 00 9F 1A 02 00 56 9F 1C 00 9A 03 FF FF FF 5F 2A 02 09 78 5F 36 01 02 9F 21 03 FF FF FF DF EE 37 01 03 DF EE 38 01 00 DF EF 46 02 9F 02 DF EF 4F 02 9F 02 DF EF 4E 02 9F 02 F9 7B 
2026/9/9 16:04:29.817 [RX] - 56 69 56 4F 74 65 63 68 32 00 04 00 00 00 AE 16 00 00 00 00 00 00 00 00 00 00 00 00 00 00 00 00 00 00 00 00 00 00 00 00 00 00 00 00 00 00 00 00 00 00 00 00 00 00 00 00 00 00 00 00 00 00 00  

 --- cfg mc aid grp1 (payment)

2026/9/9 16:04:29.838 [TX] - 56 69 56 4F 74 65 63 68 32 00 04 02 00 2A DF EE 2D 01 80 9F 06 07 A0 00 00 00 04 10 10 DF EE 4B 01 01 DF EE 2E 01 10 DF EE 54 03 02 00 80 DF EE 59 01 02 DF EE 4D 01 40 BE B3 
2026/9/9 16:04:29.881 [RX] - 56 69 56 4F 74 65 63 68 32 00 04 00 00 00 AE 16 00 00 00 00 00 00 00 00 00 00 00 00 00 00 00 00 00 00 00 00 00 00 00 00 00 00 00 00 00 00 00 00 00 00 00 00 00 00 00 00 00 00 00 00 00 00 00  

 --- Activate Transaction (02-40)

2026/9/9 16:04:30.477 [TX] - 56 69 56 4F 74 65 63 68 32 00 02 40 00 22 0A 9F 02 06 00 00 00 00 01 55 5F 2A 02 08 40 9A 03 08 02 11 9F 21 03 13 13 58 9F 1A 02 08 40 9C 01 00 5D E2 
2026/9/9 16:04:31.569 [RX] - 56 69 56 4F 74 65 63 68 32 00 02 23 02 3A 31 DF EE 26 02 31 00 DF 81 16 0D 1E 04 00 00 00 00 00 00 00 00 00 00 00 DF 81 29 08 30 F0 F0 00 30 F0 FF 00 FF 81 06 31 DF 81 2A 18 30 30 30 31 30 30 30 30 30 31 30 30 31 31 31 31 31 31 31 31 31 31 31 32 DF 81 2B 07 00 01 00 00 01 00 2F DF 81 15 06 00 00 00 00 00 FF FF 81 05 82 01 05 4F 07 A0 00 00 00 04 10 10 50 0A 4D 61 73 74 65 72 43 61 72 64 56 3E 42 35 32 35 36 38 33 32 30 33 30 30 30 30 30 30 30 5E 53 75 70 70 6C 69 65 64 2F 4E 6F 74 5E 31 32 31 32 35 30 32 36 38 36 31 31 33 31 32 38 31 39 39 31 31 31 31 31 31 31 31 31 31 31 32 82 02 00 00 84 07 A0 00 00 00 04 10 10 95 05 00 00 00 00 00 9A 03 08 02 11 9B 02 00 00 9C 01 00 5F 2A 02 08 40 9F 02 06 00 00 00 00 01 55 9F 06 07 A0 00 00 00 04 10 10 9F 09 02 00 02 9F 1A 02 08 40 9F 1C 00 9F 1E 08 33 5A 30 30 31 30 35 35 9F 21 03 13 13 58 9F 2A 01 02 9F 33 03 00 00 00 9F 34 03 00 00 00 9F 35 01 00 9F 36 02 33 48 9F 37 04 D5 C5 4F 4E 9F 39 01 91 9F 40 05 00 00 00 00 00 9F 41 04 00 00 00 07 9F 66 02 01 F6 9F 6A 04 00 00 00 99 9F 6B 13 52 56 83 20 30 00 00 00 D1 21 25 02 40 41 13 12 81 99 2F 9F 6D 02 00 01 DF 81 0C 01 02 96 08 02 00 00 00 00 00 00 00 DF EE 4C 01 03 DF EC 1C 1E 08 03 00 03 FF 00 1E 04 00 00 00 00 81 29 08 30 F0 F0 00 30 00 00 00 00 00 00 00 00 FF 00 DF EF 17 3E 42 35 32 35 36 38 33 32 30 33 30 30 30 30 30 30 30 5E 53 75 70 70 6C 69 65 64 2F 4E 6F 74 5E 31 32 31 32 35 30 32 36 38 36 31 31 33 31 32 38 31 39 39 31 31 31 31 31 31 31 31 31 31 31 32 DF EF 18 25 35 32 35 36 38 33 32 30 33 30 30 30 30 30 30 30 3D 31 32 31 32 35 30 32 34 30 34 31 31 33 31 32 38 31 39 39 32 DF EF 4C 06 00 27 00 00 00 00 DF EF 4D 27 3B 35 32 35 36 38 33 32 30 33 30 30 30 30 30 30 30 3D 31 32 31 32 35 30 32 34 30 34 31 31 33 31 32 38 31 39 39 32 3F D7 84 00 00 00 00 00 00 00 00 00 00 00 00 00 00 00 00 00 00 00 00 00 00 00 00 00 00 00 00 00 00 00 00 00 00 00 00 00 00 00 00 00 00 00 00  
Tag DF30 => Incorrect!
 

 Result = FAILED
 ---------- END OF TEST ----------

 

 MASTER RESULT = FAILED


Docklight Log File (HEX) - Stopped 2026/9/9 16:04:35.611 

