Docklight Log File (HEX) - Started 2026/10/1 14:38:36.401 
 TEST CASE: ULTR002

 --- Set POS COM PORT Settings
 Set POS COM PORT...
 POS operating on COM90 @ 115200 baud...
 Set POS COM PORT - COMPLETE


2026/10/1 14:38:37.809 [TX] - 56 69 56 4F 74 65 63 68 32 00 2C 01 00 01 00 0D 38 
2026/10/1 14:38:37.817 [RX] - 56 69 56 4F 74 65 63 68 32 00 2C 0C 00 00 69 FA 00 00 00 00 00 00 00 00 00 00 00 00 00 00 00 00 00 00 00 00 00 00 00 00 00 00 00 00 00 00 00 00 00 00 00 00 00 00 00 00 00 00 00 00 00 00 00  

 ---PT Start

2026/10/1 14:38:39.144 [TX] - 56 69 56 4F 74 65 63 68 32 00 2C 01 00 01 01 1D 19 
2026/10/1 14:38:39.158 [RX] - 56 69 56 4F 74 65 63 68 32 00 2C 00 00 00 1C 9B 00 00 00 00 00 00 00 00 00 00 00 00 00 00 00 00 00 00 00 00 00 00 00 00 00 00 00 00 00 00 00 00 00 00 00 00 00 00 00 00 00 00 00 00 00 00 00  

 ---Poll For Token

2026/10/1 14:38:39.174 [TX] - 56 69 56 4F 74 65 63 68 32 00 2C 02 00 02 0A 00 B1 E4 
2026/10/1 14:38:39.334 [RX] - 56 69 56 4F 74 65 63 68 32 00 2C 00 00 08  Poll for Token (OK)

2026/10/1 14:38:39.334 [RX] - 04 04 C2 78 9A 63 1E 80 EB DA 00 00 00 00 00 00 00 00 00 00 00 00 00 00 00 00 00 00 00 00 00 00 00 00 00 00 00 00 00 00 00 00 00 00 00 00 00 00 00  

 ---Write Block #2

2026/10/1 14:38:39.357 [TX] - 56 69 56 4F 74 65 63 68 32 00 2C 08 00 06 41 02 11 11 11 11 13 E9 
2026/10/1 14:38:39.367 [RX] - 56 69 56 4F 74 65 63 68 32 00 2C 00 00 00 1C 9B 00 00 00 00 00 00 00 00 00 00 00 00 00 00 00 00 00 00 00 00 00 00 00 00 00 00 00 00 00 00 00 00 00 00 00 00 00 00 00 00 00 00 00 00 00 00 00  

 ---Write Block #3

2026/10/1 14:38:39.392 [TX] - 56 69 56 4F 74 65 63 68 32 00 2C 08 00 06 41 03 11 11 11 11 B9 B8 
2026/10/1 14:38:39.406 [RX] - 56 69 56 4F 74 65 63 68 32 00 2C 00 00 00 1C 9B 00 00 00 00 00 00 00 00 00 00 00 00 00 00 00 00 00 00 00 00 00 00 00 00 00 00 00 00 00 00 00 00 00 00 00 00 00 00 00 00 00 00 00 00 00 00 00  

 ---Write Block #6

2026/10/1 14:38:39.427 [TX] - 56 69 56 4F 74 65 63 68 32 00 2C 08 00 06 41 06 00 00 00 00 B1 FD 
2026/10/1 14:38:39.439 [RX] - 56 69 56 4F 74 65 63 68 32 00 2C 00 00 00 1C 9B 00 00 00 00 00 00 00 00 00 00 00 00 00 00 00 00 00 00 00 00 00 00 00 00 00 00 00 00 00 00 00 00 00 00 00 00 00 00 00 00 00 00 00 00 00 00 00  

 ---Write Block #7

2026/10/1 14:38:39.463 [TX] - 56 69 56 4F 74 65 63 68 32 00 2C 08 00 06 41 07 00 00 00 00 1B AC 
2026/10/1 14:38:39.474 [RX] - 56 69 56 4F 74 65 63 68 32 00 2C 00 00 00 1C 9B 00 00 00 00 00 00 00 00 00 00 00 00 00 00 00 00 00 00 00 00 00 00 00 00 00 00 00 00 00 00 00 00 00 00 00 00 00 00 00 00 00 00 00 00 00 00 00  

 ---Write Block #10

2026/10/1 14:38:39.507 [TX] - 56 69 56 4F 74 65 63 68 32 00 2C 08 00 06 41 0A 00 00 00 00 3A D6 
2026/10/1 14:38:39.519 [RX] - 56 69 56 4F 74 65 63 68 32 00 2C 00 00 00 1C 9B 00 00 00 00 00 00 00 00 00 00 00 00 00 00 00 00 00 00 00 00 00 00 00 00 00 00 00 00 00 00 00 00 00 00 00 00 00 00 00 00 00 00 00 00 00 00 00  

 ---Write Block #11

2026/10/1 14:38:39.554 [TX] - 56 69 56 4F 74 65 63 68 32 00 2C 08 00 06 41 0B 00 00 00 00 90 87 
2026/10/1 14:38:39.566 [RX] - 56 69 56 4F 74 65 63 68 32 00 2C 00 00 00 1C 9B 00 00 00 00 00 00 00 00 00 00 00 00 00 00 00 00 00 00 00 00 00 00 00 00 00 00 00 00 00 00 00 00 00 00 00 00 00 00 00 00 00 00 00 00 00 00 00  

 ---Write Block #14

2026/10/1 14:38:39.602 [TX] - 56 69 56 4F 74 65 63 68 32 00 2C 08 00 06 41 0E 00 00 00 00 B3 D0 
2026/10/1 14:38:39.614 [RX] - 56 69 56 4F 74 65 63 68 32 00 2C 00 00 00 1C 9B 00 00 00 00 00 00 00 00 00 00 00 00 00 00 00 00 00 00 00 00 00 00 00 00 00 00 00 00 00 00 00 00 00 00 00 00 00 00 00 00 00 00 00 00 00 00 00  

 ---Write Block #15

2026/10/1 14:38:39.654 [TX] - 56 69 56 4F 74 65 63 68 32 00 2C 08 00 06 41 0F 00 00 00 00 19 81 
2026/10/1 14:38:39.670 [RX] - 56 69 56 4F 74 65 63 68 32 00 2C 00 00 00 1C 9B 00 00 00 00 00 00 00 00 00 00 00 00 00 00 00 00 00 00 00 00 00 00 00 00 00 00 00 00 00 00 00 00 00 00 00 00 00 00 00 00 00 00 00 00 00 00 00  

 ---PT Stop

2026/10/1 14:38:39.692 [TX] - 56 69 56 4F 74 65 63 68 32 00 2C 01 00 01 00 0D 38 
2026/10/1 14:38:39.704 [RX] - 56 69 56 4F 74 65 63 68 32 00 2C 00 00 00 1C 9B 00 00 00 00 00 00 00 00 00 00 00 00 00 00 00 00 00 00 00 00 00 00 00 00 00 00 00 00 00 00 00 00 00 00 00 00 00 00 00 00 00 00 00 00 00 00 00  

 ---------- END OF TEST ----------

 Result = PASSED


Docklight Log File (HEX) - Stopped 2026/10/1 14:38:40.299 

