Docklight Log File (HEX) - Started 2026/8/10 14:43:09.803 
 TEST CASE: VAS002-01-1

 --- Set POS COM PORT Settings
 Set POS COM PORT...
 POS operating on COM90 @ 115200 baud...
 Set POS COM PORT - COMPLETE

 

 --- Clear Merchant 1

2026/8/10 14:43:11.142 [TX] - 56 69 56 4F 74 65 63 68 32 00 04 11 00 63 01 00 00 00 00 00 00 00 00 00 00 00 00 00 00 00 00 00 00 00 00 00 00 00 00 00 00 00 00 00 00 00 00 00 00 00 00 00 00 00 00 00 00 00 00 00 00 00 00 00 00 00 00 00 00 00 00 00 00 00 00 00 00 00 00 00 00 00 00 00 00 00 00 00 00 00 00 00 00 00 00 00 00 00 00 00 00 00 00 00 00 00 00 00 00 00 00 00 00 4D EC 
2026/8/10 14:43:11.180 [RX] - 56 69 56 4F 74 65 63 68 32 00 04 00 00 00 AE 16 00 00 00 00 00 00 00 00 00 00 00 00 00 00 00 00 00 00 00 00 00 00 00 00 00 00 00 00 00 00 00 00 00 00 00 00 00 00 00 00 00 00 00 00 00 00 00  

 --- Clear Merchant 2

2026/8/10 14:43:11.202 [TX] - 56 69 56 4F 74 65 63 68 32 00 04 11 00 63 02 00 00 00 00 00 00 00 00 00 00 00 00 00 00 00 00 00 00 00 00 00 00 00 00 00 00 00 00 00 00 00 00 00 00 00 00 00 00 00 00 00 00 00 00 00 00 00 00 00 00 00 00 00 00 00 00 00 00 00 00 00 00 00 00 00 00 00 00 00 00 00 00 00 00 00 00 00 00 00 00 00 00 00 00 00 00 00 00 00 00 00 00 00 00 00 00 00 00 6B 09 
2026/8/10 14:43:11.258 [RX] - 56 69 56 4F 74 65 63 68 32 00 04 00 00 00 AE 16 00 00 00 00 00 00 00 00 00 00 00 00 00 00 00 00 00 00 00 00 00 00 00 00 00 00 00 00 00 00 00 00 00 00 00 00 00 00 00 00 00 00 00 00 00 00 00  

 --- Clear Merchant 3

2026/8/10 14:43:11.280 [TX] - 56 69 56 4F 74 65 63 68 32 00 04 11 00 63 03 00 00 00 00 00 00 00 00 00 00 00 00 00 00 00 00 00 00 00 00 00 00 00 00 00 00 00 00 00 00 00 00 00 00 00 00 00 00 00 00 00 00 00 00 00 00 00 00 00 00 00 00 00 00 00 00 00 00 00 00 00 00 00 00 00 00 00 00 00 00 00 00 00 00 00 00 00 00 00 00 00 00 00 00 00 00 00 00 00 00 00 00 00 00 00 00 00 00 96 A5 
2026/8/10 14:43:11.310 [RX] - 56 69 56 4F 74 65 63 68 32 00 04 00 00 00 AE 16 00 00 00 00 00 00 00 00 00 00 00 00 00 00 00 00 00 00 00 00 00 00 00 00 00 00 00 00 00 00 00 00 00 00 00 00 00 00 00 00 00 00 00 00 00 00 00  

 --- Clear Merchant 4

2026/8/10 14:43:11.331 [TX] - 56 69 56 4F 74 65 63 68 32 00 04 11 00 63 04 00 00 00 00 00 00 00 00 00 00 00 00 00 00 00 00 00 00 00 00 00 00 00 00 00 00 00 00 00 00 00 00 00 00 00 00 00 00 00 00 00 00 00 00 00 00 00 00 00 00 00 00 00 00 00 00 00 00 00 00 00 00 00 00 00 00 00 00 00 00 00 00 00 00 00 00 00 00 00 00 00 00 00 00 00 00 00 00 00 00 00 00 00 00 00 00 00 00 06 D3 
2026/8/10 14:43:11.363 [RX] - 56 69 56 4F 74 65 63 68 32 00 04 00 00 00 AE 16 00 00 00 00 00 00 00 00 00 00 00 00 00 00 00 00 00 00 00 00 00 00 00 00 00 00 00 00 00 00 00 00 00 00 00 00 00 00 00 00 00 00 00 00 00 00 00  

 --- Clear Merchant 5

2026/8/10 14:43:11.384 [TX] - 56 69 56 4F 74 65 63 68 32 00 04 11 00 63 05 00 00 00 00 00 00 00 00 00 00 00 00 00 00 00 00 00 00 00 00 00 00 00 00 00 00 00 00 00 00 00 00 00 00 00 00 00 00 00 00 00 00 00 00 00 00 00 00 00 00 00 00 00 00 00 00 00 00 00 00 00 00 00 00 00 00 00 00 00 00 00 00 00 00 00 00 00 00 00 00 00 00 00 00 00 00 00 00 00 00 00 00 00 00 00 00 00 00 FB 7F 
2026/8/10 14:43:11.413 [RX] - 56 69 56 4F 74 65 63 68 32 00 04 00 00 00 AE 16 00 00 00 00 00 00 00 00 00 00 00 00 00 00 00 00 00 00 00 00 00 00 00 00 00 00 00 00 00 00 00 00 00 00 00 00 00 00 00 00 00 00 00 00 00 00 00  

 --- Clear Merchant 6

2026/8/10 14:43:11.444 [TX] - 56 69 56 4F 74 65 63 68 32 00 04 11 00 63 06 00 00 00 00 00 00 00 00 00 00 00 00 00 00 00 00 00 00 00 00 00 00 00 00 00 00 00 00 00 00 00 00 00 00 00 00 00 00 00 00 00 00 00 00 00 00 00 00 00 00 00 00 00 00 00 00 00 00 00 00 00 00 00 00 00 00 00 00 00 00 00 00 00 00 00 00 00 00 00 00 00 00 00 00 00 00 00 00 00 00 00 00 00 00 00 00 00 00 DD 9A 
2026/8/10 14:43:11.477 [RX] - 56 69 56 4F 74 65 63 68 32 00 04 00 00 00 AE 16 00 00 00 00 00 00 00 00 00 00 00 00 00 00 00 00 00 00 00 00 00 00 00 00 00 00 00 00 00 00 00 00 00 00 00 00 00 00 00 00 00 00 00 00 00 00 00  

 --- Set Merchant 3 - pass.com.apple.wallet.vas.test_Starbucks 

2026/8/10 14:43:11.504 [TX] - 56 69 56 4F 74 65 63 68 32 00 04 11 00 63 03 01 3D F3 E8 AF 26 98 2A 42 79 72 88 66 4D 56 42 AB 48 C8 0F 99 91 90 A5 1B E0 97 C1 CF 86 E4 CF DF 00 00 00 00 00 00 00 00 00 00 00 00 00 00 00 00 00 00 00 00 00 00 00 00 00 00 00 00 00 00 00 00 00 00 00 00 00 00 00 00 00 00 00 00 00 00 00 00 00 00 00 00 00 00 00 00 00 00 00 00 00 00 00 00 00 06 00 
2026/8/10 14:43:11.535 [RX] - 56 69 56 4F 74 65 63 68 32 00 04 00 00 00 AE 16 00 00 00 00 00 00 00 00 00 00 00 00 00 00 00 00 00 00 00 00 00 00 00 00 00 00 00 00 00 00 00 00 00 00 00 00 00 00 00 00 00 00 00 00 00 00 00  

 --- Set Merchant 4 - pass.com.apple.wallet.panera w/URL 

2026/8/10 14:43:11.570 [TX] - 56 69 56 4F 74 65 63 68 32 00 04 11 00 63 04 01 06 41 3B 95 7A 52 59 98 3B 60 8C FC 89 CF B1 DA B9 0C E7 05 AD 8E FF 78 E9 DE 12 2C CF 8D 2C BF 0E 77 77 77 2E 70 61 6E 65 72 61 2E 63 6F 6D 00 00 00 00 00 00 00 00 00 00 00 00 00 00 00 00 00 00 00 00 00 00 00 00 00 00 00 00 00 00 00 00 00 00 00 00 00 00 00 00 00 00 00 00 00 00 00 00 00 00 BD 5C 
2026/8/10 14:43:11.600 [RX] - 56 69 56 4F 74 65 63 68 32 00 04 00 00 00 AE 16 00 00 00 00 00 00 00 00 00 00 00 00 00 00 00 00 00 00 00 00 00 00 00 00 00 00 00 00 00 00 00 00 00 00 00 00 00 00 00 00 00 00 00 00 00 00 00  

 --- Get Merchant 3  

2026/8/10 14:43:11.636 [TX] - 56 69 56 4F 74 65 63 68 32 00 03 11 00 01 03 B1 4B 
2026/8/10 14:43:11.643 [RX] - 56 69 56 4F 74 65 63 68 32 00 03 00 00 63 03 01 3D F3 E8 AF 26 98 2A 42 79 72 88 66 4D 56 42 AB 48 C8 0F 99 91 90 A5 1B E0 97 C1 CF 86 E4 CF DF 00 00 00 00 00 00 00 00 00 00 00 00 00 00 00 00 00 00 00 00 00 00 00 00 00 00 00 00 00 00 00 00 00 00 00 00 00 00 00 00 00 00 00 00 00 00 00 00 00 00 00 00 00 00 00 00 00 00 00 00 00 00 00 00 00 C7 F9 00 00 00 00 00 00 00 00 00 00 00  

 --- Get Merchant 4  

2026/8/10 14:43:11.664 [TX] - 56 69 56 4F 74 65 63 68 32 00 03 11 00 01 04 56 3B 
2026/8/10 14:43:11.674 [RX] - 56 69 56 4F 74 65 63 68 32 00 03 00 00 63 04 01 06 41 3B 95 7A 52 59 98 3B 60 8C FC 89 CF B1 DA B9 0C E7 05 AD 8E FF 78 E9 DE 12 2C CF 8D 2C BF 0E 77 77 77 2E 70 61 6E 65 72 61 2E 63 6F 6D 00 00 00 00 00 00 00 00 00 00 00 00 00 00 00 00 00 00 00 00 00 00 00 00 00 00 00 00 00 00 00 00 00 00 00 00 00 00 00 00 00 00 00 00 00 00 00 00 00 00 9B 42 00 00 00 00 00 00 00 00 00 00 00  

 --- ACT - VAS OR Pay

2026/8/10 14:43:12.604 [TX] - 56 69 56 4F 74 65 63 68 32 00 02 40 00 2A 30 9F 02 06 00 00 00 00 00 01 9C 01 00 FF EE 06 19 9F 22 02 01 00 9F 26 04 00 00 00 00 9F 2B 05 01 00 00 00 00 DF EE 01 01 01 C9 98 
2026/8/10 14:43:12.636 [RX] - 56 69 56 4F 74 65 63 68 32 00 02 63 00 00 4B B4 00 00 00 00 00 00 00 00 00 00 00 00 00 00 00 00 00 00 00 00 00 00 00 00 00 00 00 00 00 00 00 00 00 00 00 00 00 00 00 00 00 00 00 00 00 00 00 56 69 56 4F 74 65 63 68 32 00 02 23 01 CC 21 DF EE 26 02 21 00 DF 81 16 16 17 04 00 00 0D 00 00 00 00 00 00 00 00 00 00 00 00 00 00 00 00 00 DF 81 29 08 30 F0 F0 30 A0 F0 FF 00 FF 81 05 82 01 37 4F 07 A0 00 00 00 03 10 10 50 04 56 49 53 41 57 13 48 31 96 12 50 17 59 73 D2 81 22 01 00 00 04 22 99 99 3F 5A 08 48 31 96 12 50 17 59 73 82 02 00 60 84 07 A0 00 00 00 03 10 10 95 05 00 00 00 00 00 9A 03 26 08 10 9C 01 00 5F 28 02 07 02 5F 2A 02 08 40 5F 34 01 00 5F 36 01 02 9F 02 06 00 00 00 00 00 01 9F 06 07 A0 00 00 00 03 10 10 9F 10 20 1F 42 03 32 A0 00 00 00 00 10 03 02 73 00 00 00 00 40 00 00 00 00 00 00 00 00 00 00 00 00 00 00 9F 1A 02 08 40 9F 1B 04 00 00 1F 40 9F 1E 08 33 5A 30 30 30 33 37 34 9F 21 03 06 43 05 9F 24 1D 56 30 30 31 30 30 31 33 30 31 36 31 38 33 31 31 33 34 38 39 37 31 33 35 33 36 32 34 32 9F 26 08 A0 0A C1 83 31 33 3D 8E 9F 27 01 80 9F 33 03 E0 08 40 9F 34 03 24 03 02 9F 35 01 15 9F 36 02 07 5F 9F 37 04 F2 42 E7 54 9F 39 01 07 9F 40 05 80 00 00 00 00 9F 41 04 00 00 00 09 9F 5A 05 40 07 02 07 02 9F 66 04 30 00 C0 00 9F 6C 02 00 80 9F 6E 04 23 88 00 00 DF 81 26 06 00 00 00 00 60 00 DF EE 5B 01 05 DF 81 16 16 1B FF 00 00 13 00 00 00 00 00 00 00 00 00 00 00 00 00 00 00 00 00 96 08 03 00 00 00 00 00 00 00 DF EE 4C 01 06 DF EC 1C 1E 08 08 00 01 FF 00 1B 00 00 00 13 FF 00 00 00 00 00 00 00 00 00 00 00 00 00 00 00 00 FF 00 FF EE 06 13 9A 03 26 08 10 9F 21 03 06 43 05 DF EE 02 04 82 6A 83 0C 4D A4 00 00 00 00 00 00 00 00 00 00 00 00 00 00 00 00 00 00 00 00 00 00 00 00 00 00 00 00  

 ---------- END OF TEST ----------

 Result = PASSED


Docklight Log File (HEX) - Stopped 2026/8/10 14:43:14.161 

