Docklight Log File (HEX) - Started 2026/10/1 14:41:45.825 
 TEST CASE: ADPT008-4

 --- Set POS COM PORT Settings
 Set POS COM PORT...
 POS operating on COM90 @ 115200 baud...
 Set POS COM PORT - COMPLETE

 

 --- PassThrough Start ///////////////////////////////////////////////////

2026/10/1 14:41:47.008 [TX] - 56 69 56 4F 74 65 63 68 32 00 2C 01 00 01 01 1D 19 
2026/10/1 14:41:47.021 [RX] - 56 69 56 4F 74 65 63 68 32 00 2C 00 00 00 1C 9B 00 00 00 00 00 00 00 00 00 00 00 00 00 00 00 00 00 00 00 00 00 00 00 00 00 00 00 00 00 00 00 00 00 00 00 00 00 00 00 00 00 00 00 00 00 00 00  

 --- 2C-FB (5 sec timeout)

2026/10/1 14:41:47.038 [TX] - 56 69 56 4F 74 65 63 68 32 00 2C FB 00 01 05 7B AA 
2026/10/1 14:41:47.048 [RX] - 56 69 56 4F 74 65 63 68 32 00 2C 0C 00 00 69 FA 00 00 00 00 00 00 00 00 00 00 00 00 00 00 00 00 00 00 00 00 00 00 00 00 00 00 00 00 00 00 00 00 00 00 00 00 00 00 00 00 00 00 00 00 00 00 00  

 --- Poll for token

2026/10/1 14:41:53.962 [TX] - 56 69 56 4F 74 65 63 68 32 00 2C 02 00 02 0F 00 11 4E 
2026/10/1 14:41:54.105 [RX] - 56 69 56 4F 74 65 63 68 32 00 2C 00 00 05 01 08 79 57 39 4D A9 00 00 00 00 00 00 00 00 00 00 00 00 00 00 00 00 00 00 00 00 00 00 00 00 00 00 00 00 00 00 00 00 00 00 00 00 00 00 00 00 00 00  

 --- 2c-03  AID (virtual card)

2026/10/1 14:41:54.637 [TX] - 56 69 56 4F 74 65 63 68 32 00 2C 03 00 16 00 A4 04 00 10 A0 00 00 03 96 56 43 41 03 00 30 00 00 00 00 00 00 E7 4C 
2026/10/1 14:41:54.697 [RX] - 56 69 56 4F 74 65 63 68 32 00 2C 00 00 16 6F 12 85 10 14 02 0C 11 22 33 44 55 66 77 00 00 61 41 A9 5D 90 00 44 96 00 00 00 00 00 00 00 00 00 00 00 00 00 00 00 00 00 00 00 00 00 00 00 00 00  

 --- 2C-FB (5 sec timeout)

2026/10/1 14:41:54.731 [TX] - 56 69 56 4F 74 65 63 68 32 00 2C FB 00 01 05 7B AA 
2026/10/1 14:41:59.740 [RX] - 56 69 56 4F 74 65 63 68 32 00 2C 08 00 00 B5 3A 00 00 00 00 00 00 00 00 00 00 00 00 00 00 00 00 00 00 00 00 00 00 00 00 00 00 00 00 00 00 00 00 00 00 00 00 00 00 00 00 00 00 00 00 00 00 00  

 --- cmd 2C-02

2026/10/1 14:41:59.759 [TX] - 56 69 56 4F 74 65 63 68 32 00 2C 02 00 02 0F 00 11 4E 
2026/10/1 14:41:59.772 [RX] - 56 69 56 4F 74 65 63 68 32 00 2C 0B 00 00 EC 6A 00 00 00 00 00 00 00 00 00 00 00 00 00 00 00 00 00 00 00 00 00 00 00 00 00 00 00 00 00 00 00 00 00 00 00 00 00 00 00 00 00 00 00 00 00 00 00  

 --- cmd 2C-0B

2026/10/1 14:41:59.802 [TX] - 56 69 56 4F 74 65 63 68 32 00 2C 0B 00 07 1D 00 01 00 01 00 FF 0A 6A 
2026/10/1 14:41:59.814 [RX] - 56 69 56 4F 74 65 63 68 32 00 2C 0B 00 00 EC 6A 00 00 00 00 00 00 00 00 00 00 00 00 00 00 00 00 00 00 00 00 00 00 00 00 00 00 00 00 00 00 00 00 00 00 00 00 00 00 00 00 00 00 00 00 00 00 00  

 --- cmd 2C-0C

2026/10/1 14:41:59.834 [TX] - 56 69 56 4F 74 65 63 68 32 00 2C 0C 00 04 0F 00 00 01 C3 FF 
2026/10/1 14:41:59.841 [RX] - 56 69 56 4F 74 65 63 68 32 00 2C 0B 00 00 EC 6A 00 00 00 00 00 00 00 00 00 00 00 00 00 00 00 00 00 00 00 00 00 00 00 00 00 00 00 00 00 00 00 00 00 00 00 00 00 00 00 00 00 00 00 00 00 00 00  

(user had removed card)
 

 --- cmd 2C-02

2026/10/1 14:42:01.072 [TX] - 56 69 56 4F 74 65 63 68 32 00 2C 02 00 02 0F 00 11 4E 
2026/10/1 14:42:01.085 [RX] - 56 69 56 4F 74 65 63 68 32 00 2C 0B 00 00 EC 6A 00 00 00 00 00 00 00 00 00 00 00 00 00 00 00 00 00 00 00 00 00 00 00 00 00 00 00 00 00 00 00 00 00 00 00 00 00 00 00 00 00 00 00 00 00 00 00  

 --- cmd 2C-0B

2026/10/1 14:42:01.108 [TX] - 56 69 56 4F 74 65 63 68 32 00 2C 0B 00 07 1D 00 01 00 01 00 FF 0A 6A 
2026/10/1 14:42:01.119 [RX] - 56 69 56 4F 74 65 63 68 32 00 2C 0B 00 00 EC 6A 00 00 00 00 00 00 00 00 00 00 00 00 00 00 00 00 00 00 00 00 00 00 00 00 00 00 00 00 00 00 00 00 00 00 00 00 00 00 00 00 00 00 00 00 00 00 00  

 --- cmd 2C-0C

2026/10/1 14:42:01.140 [TX] - 56 69 56 4F 74 65 63 68 32 00 2C 0C 00 04 0F 00 00 01 C3 FF 
2026/10/1 14:42:01.149 [RX] - 56 69 56 4F 74 65 63 68 32 00 2C 0B 00 00 EC 6A 00 00 00 00 00 00 00 00 00 00 00 00 00 00 00 00 00 00 00 00 00 00 00 00 00 00 00 00 00 00 00 00 00 00 00 00 00 00 00 00 00 00 00 00 00 00 00  

 --- 2C-FB (5 sec timeout)

2026/10/1 14:42:01.170 [TX] - 56 69 56 4F 74 65 63 68 32 00 2C FB 00 01 05 7B AA 
2026/10/1 14:42:01.327 [RX] - 56 69 56 4F 74 65 63 68 32 00 2C 00 00 00 1C 9B 00 00 00 00 00 00 00 00 00 00 00 00 00 00 00 00 00 00 00 00 00 00 00 00 00 00 00 00 00 00 00 00 00 00 00 00 00 00 00 00 00 00 00 00 00 00 00  

 --- Poll for token

2026/10/1 14:42:01.352 [TX] - 56 69 56 4F 74 65 63 68 32 00 2C 02 00 02 0F 00 11 4E 
2026/10/1 14:42:01.359 [RX] - 56 69 56 4F 74 65 63 68 32 00 2C 0C 00 00 69 FA 00 00 00 00 00 00 00 00 00 00 00 00 00 00 00 00 00 00 00 00 00 00 00 00 00 00 00 00 00 00 00 00 00 00 00 00 00 00 00 00 00 00 00 00 00 00 00  

 --- PassThrough Start ///////////////////////////////////////////////////

2026/10/1 14:42:01.391 [TX] - 56 69 56 4F 74 65 63 68 32 00 2C 01 00 01 01 1D 19 
2026/10/1 14:42:01.404 [RX] - 56 69 56 4F 74 65 63 68 32 00 2C 00 00 00 1C 9B 00 00 00 00 00 00 00 00 00 00 00 00 00 00 00 00 00 00 00 00 00 00 00 00 00 00 00 00 00 00 00 00 00 00 00 00 00 00 00 00 00 00 00 00 00 00 00  

 --- Poll for token

2026/10/1 14:42:02.683 [TX] - 56 69 56 4F 74 65 63 68 32 00 2C 02 00 02 0F 00 11 4E 
2026/10/1 14:42:02.825 [RX] - 56 69 56 4F 74 65 63 68 32 00 2C 00 00 05 01 08 5B 17 12 3D CA 00 00 00 00 00 00 00 00 00 00 00 00 00 00 00 00 00 00 00 00 00 00 00 00 00 00 00 00 00 00 00 00 00 00 00 00 00 00 00 00 00 00  

 --- 2c-03  AID (virtual card)

2026/10/1 14:42:03.360 [TX] - 56 69 56 4F 74 65 63 68 32 00 2C 03 00 16 00 A4 04 00 10 A0 00 00 03 96 56 43 41 03 00 30 00 00 00 00 00 00 E7 4C 
2026/10/1 14:42:03.407 [RX] - 56 69 56 4F 74 65 63 68 32 00 2C 00 00 16 6F 12 85 10 14 02 0C 11 22 33 44 55 66 77 00 00 61 41 A9 5D 90 00 44 96 00 00 00 00 00 00 00 00 00 00 00 00 00 00 00 00 00 00 00 00 00 00 00 00 00  

 --- 2C-FB (5 sec timeout)

2026/10/1 14:42:03.434 [TX] - 56 69 56 4F 74 65 63 68 32 00 2C FB 00 01 05 7B AA 
2026/10/1 14:42:08.444 [RX] - 56 69 56 4F 74 65 63 68 32 00 2C 08 00 00 B5 3A 00 00 00 00 00 00 00 00 00 00 00 00 00 00 00 00 00 00 00 00 00 00 00 00 00 00 00 00 00 00 00 00 00 00 00 00 00 00 00 00 00 00 00 00 00 00 00  

 --- PassThrough Stop

2026/10/1 14:42:08.984 [TX] - 56 69 56 4F 74 65 63 68 32 00 2C 01 00 01 00 0D 38 
2026/10/1 14:42:08.997 [RX] - 56 69 56 4F 74 65 63 68 32 00 2C 00 00 00 1C 9B 00 00 00 00 00 00 00 00 00 00 00 00 00 00 00 00 00 00 00 00 00 00 00 00 00 00 00 00 00 00 00 00 00 00 00 00 00 00 00 00 00 00 00 00 00 00 00  

 --- PassThrough Start ///////////////////////////////////////////////////

2026/10/1 14:42:09.024 [TX] - 56 69 56 4F 74 65 63 68 32 00 2C 01 00 01 01 1D 19 
2026/10/1 14:42:09.037 [RX] - 56 69 56 4F 74 65 63 68 32 00 2C 00 00 00 1C 9B 00 00 00 00 00 00 00 00 00 00 00 00 00 00 00 00 00 00 00 00 00 00 00 00 00 00 00 00 00 00 00 00 00 00 00 00 00 00 00 00 00 00 00 00 00 00 00  

 --- Poll for token

2026/10/1 14:42:09.058 [TX] - 56 69 56 4F 74 65 63 68 32 00 2C 02 00 02 0F 00 11 4E 
2026/10/1 14:42:09.253 [RX] - 56 69 56 4F 74 65 63 68 32 00 2C 00 00 05 01 08 F9 F3 AD 64 74 00 00 00 00 00 00 00 00 00 00 00 00 00 00 00 00 00 00 00 00 00 00 00 00 00 00 00 00 00 00 00 00 00 00 00 00 00 00 00 00 00 00  

 --- 2c-03  AID (virtual card)

2026/10/1 14:42:09.781 [TX] - 56 69 56 4F 74 65 63 68 32 00 2C 03 00 16 00 A4 04 00 10 A0 00 00 03 96 56 43 41 03 00 30 00 00 00 00 00 00 E7 4C 
2026/10/1 14:42:09.829 [RX] - 56 69 56 4F 74 65 63 68 32 00 2C 00 00 16 6F 12 85 10 14 02 0C 11 22 33 44 55 66 77 00 00 61 41 A9 5D 90 00 44 96 00 00 00 00 00 00 00 00 00 00 00 00 00 00 00 00 00 00 00 00 00 00 00 00 00  

 --- 2C-FB (5 sec timeout)

2026/10/1 14:42:09.848 [TX] - 56 69 56 4F 74 65 63 68 32 00 2C FB 00 01 05 7B AA 
2026/10/1 14:42:11.300 [RX] - 56 69 56 4F 74 65 63 68 32 00 2C 00 00 00 1C 9B 00 00 00 00 00 00 00 00 00 00 00 00 00 00 00 00 00 00 00 00 00 00 00 00 00 00 00 00 00 00 00 00 00 00 00 00 00 00 00 00 00 00 00 00 00 00 00  

 ---------- END OF TEST ----------

 Result = PASSED


Docklight Log File (HEX) - Stopped 2026/10/1 14:42:11.445 

