Docklight Log File (HEX) - Started 2026/9/14 16:00:04.111 
 TEST CASE: Type7_CEPAS1

 --- Set POS COM PORT Settings
 Set POS COM PORT...
 POS operating on COM90 @ 115200 baud...
 Set POS COM PORT - COMPLETE


2026/9/14 16:00:05.280 [TX] - 56 69 56 4F 74 65 63 68 32 00 2C 01 00 01 00 0D 38 
2026/9/14 16:00:05.288 [RX] - 56 69 56 4F 74 65 63 68 32 00 2C 0C 00 00 69 FA 00 00 00 00 00 00 00 00 00 00 00 00 00 00 00 00 00 00 00 00 00 00 00 00 00 00 00 00 00 00 00 00 00 00 00 00 00 00 00 00 00 00 00 00 00 00 00  --- PT START

2026/9/14 16:00:11.210 [TX] - 56 69 56 4F 74 65 63 68 32 00 2C 01 00 01 01 1D 19 
2026/9/14 16:00:11.222 [RX] - 56 69 56 4F 74 65 63 68 32 00 2C 00 00 00 1C 9B  PT Command (OK)

2026/9/14 16:00:11.222 [RX] - 00 00 00 00 00 00 00 00 00 00 00 00 00 00 00 00 00 00 00 00 00 00 00 00 00 00 00 00 00 00 00 00 00 00 00 00 00 00 00 00 00 00 00 00 00 00 00  --- E P4T 01

2026/9/14 16:00:11.751 [TX] - 56 69 56 4F 74 65 63 68 32 00 2C 0C 00 04 0F 00 00 01 C3 FF 
2026/9/14 16:00:11.800 [RX] - 56 69 56 4F 74 65 63 68 32 00 2C 00 00 08 01 05 89 1B 01 7D 00 00 74 AF 00 00 00 00 00 00 00 00 00 00 00 00 00 00 00 00 00 00 00 00 00 00 00 00 00 00 00 00 00 00 00 00 00 00 00 00 00 00 00  --- PPSE 

2026/9/14 16:00:12.329 [TX] - 56 69 56 4F 74 65 63 68 32 00 2C 03 00 14 00 A4 04 00 0E 32 50 41 59 2E 53 59 53 2E 44 44 46 30 31 00 72 6F 
2026/9/14 16:00:12.358 [RX] - 56 69 56 4F 74 65 63 68 32 00 2C 00 00 57 6F 53 84 0E 32 50 41 59 2E 53 59 53 2E 44 44 46 30 31 A5 41 BF 0C 3E 61 23 4F 07 A0 00 00 01 52 30 10 50 10 43 6F 6E 74 61 63 74 6C 65 73 73 20 44 50 41 53 87 01 01 9F 2A 02 00 06 61 17 4F 08 A0 00 00 03 24 10 10 01 50 08 44 69 73 63 6F 76 65 72 87 01 02 90 00 5D 34 00 00 00 00 00 00 00 00 00 00 00 00 00 00 00 00 00 00 00 00 00 00 00  --- Select 

2026/9/14 16:00:12.967 [TX] - 56 69 56 4F 74 65 63 68 32 00 2C 03 00 0D 00 A4 04 00 07 A0 00 00 00 04 10 10 00 3B 56 
2026/9/14 16:00:12.980 [RX] - 56 69 56 4F 74 65 63 68 32 00 2C 00 00 02 6A 82 4F 87 00 00 00 00 00 00 00 00 00 00 00 00 00 00 00 00 00 00 00 00 00 00 00 00 00 00 00 00 00 00 00 00 00 00 00 00 00 00 00 00 00 00 00 00 00  --- GPO 

2026/9/14 16:00:13.498 [TX] - 56 69 56 4F 74 65 63 68 32 00 2C 03 00 08 80 A8 00 00 02 83 00 00 8E EA 
2026/9/14 16:00:13.509 [RX] - 56 69 56 4F 74 65 63 68 32 00 2C 00 00 02 6D 00 67 DA 00 00 00 00 00 00 00 00 00 00 00 00 00 00 00 00 00 00 00 00 00 00 00 00 00 00 00 00 00 00 00 00 00 00 00 00 00 00 00 00 00 00 00 00 00  --- Read Record 

2026/9/14 16:00:14.028 [TX] - 56 69 56 4F 74 65 63 68 32 00 2C 03 00 05 00 B2 01 0C 00 B2 61 
2026/9/14 16:00:14.039 [RX] - 56 69 56 4F 74 65 63 68 32 00 2C 00 00 02 6D 00 67 DA 00 00 00 00 00 00 00 00 00 00 00 00 00 00 00 00 00 00 00 00 00 00 00 00 00 00 00 00 00 00 00 00 00 00 00 00 00 00 00 00 00 00 00 00 00  --- ccc

2026/9/14 16:00:14.558 [TX] - 56 69 56 4F 74 65 63 68 32 00 2C 03 00 0A 80 2A 8E 80 04 00 00 00 00 00 34 1F 
2026/9/14 16:00:14.570 [RX] - 56 69 56 4F 74 65 63 68 32 00 2C 00 00 02 6D 00 67 DA 00 00 00 00 00 00 00 00 00 00 00 00 00 00 00 00 00 00 00 00 00 00 00 00 00 00 00 00 00 00 00 00 00 00 00 00 00 00 00 00 00 00 00 00 00  --- PT STOP

2026/9/14 16:00:15.089 [TX] - 56 69 56 4F 74 65 63 68 32 00 2C 01 00 01 00 0D 38 
2026/9/14 16:00:15.103 [RX] - 56 69 56 4F 74 65 63 68 32 00 2C 00 00 00 1C 9B  PT Command (OK)

2026/9/14 16:00:15.103 [RX] - 00 00 00 00 00 00 00 00 00 00 00 00 00 00 00 00 00 00 00 00 00 00 00 00 00 00 00 00 00 00 00 00 00 00 00 00 00 00 00 00 00 00 00 00 00 00 00 
2026/9/14 16:00:15.114 [TX] - 56 69 56 4F 74 65 63 68 32 00 2C 01 00 01 00 0D 38 
2026/9/14 16:00:15.130 [RX] - 56 69 56 4F 74 65 63 68 32 00 2C 0C 00 00 69 FA 00 00 00 00 00 00 00 00 00 00 00 00 00 00 00 00 00 00 00 00 00 00 00 00 00 00 00 00 00 00 00 00 00 00 00 00 00 00 00 00 00 00 00 00 00 00 00  Result = PASSED
 

 ---------- END OF TEST ----------

 

 MASTER RESULT = PASSED


Docklight Log File (HEX) - Stopped 2026/9/14 16:00:20.259 

