Docklight Log File (HEX) - Started 2026/9/17 11:13:00.863 
 TEST CASE: CR036

 --- Set POS COM PORT Settings
 Set POS COM PORT...
 POS operating on COM90 @ 115200 baud...
 Set POS COM PORT - COMPLETE

 --- PassThrough: START

2026/9/17 11:13:02.020 [TX] - 56 69 56 4F 74 65 63 68 32 00 2C 01 00 01 01 1D 19 
2026/9/17 11:13:02.035 [RX] - 56 69 56 4F 74 65 63 68 32 00 2C 00 00 00 1C 9B 00 00 00 00 00 00 00 00 00 00 00 00 00 00 00 00 00 00 00 00 00 00 00 00 00 00 00 00 00 00 00 00 00 00 00 00 00 00 00 00 00 00 00 00 00 00 00  

 --- Get ATR (ICC)

2026/9/17 11:13:02.457 [TX] - 56 69 56 4F 74 65 63 68 32 00 2C 12 00 01 20 21 A9 
2026/9/17 11:13:02.532 [RX] - 56 69 56 4F 74 65 63 68 32 00 2C 00 00 0D 3B 78 18 00 00 00 73 C8 40 13 00 90 00 07 CB 00 00 00 00 00 00 00 00 00 00 00 00 00 00 00 00 00 00 00 00 00 00 00 00 00 00 00 00 00 00 00 00 00 00  

 --- Exchange APDU Data -- 1 PAY (ICC)

2026/9/17 11:13:02.550 [TX] - 56 69 56 4F 74 65 63 68 32 00 2C 13 00 14 20 00 A4 04 00 0E 31 50 41 59 2E 53 59 53 2E 44 44 46 30 31 71 ED 
2026/9/17 11:13:02.611 [RX] - 56 69 56 4F 74 65 63 68 32 00 2C 00 00 28 6F 24 84 0E 31 50 41 59 2E 53 59 53 2E 44 44 46 30 31 A5 12 88 01 01 5F 2D 08 65 73 65 6E 66 72 64 65 9F 11 01 01 90 00 5F 72 00 00 00 00 00 00 00  

 --- Contact Power Off (SAM 1)

2026/9/17 11:13:02.642 [TX] - 56 69 56 4F 74 65 63 68 32 00 2C 18 00 01 21 D1 AB 
2026/9/17 11:13:02.659 [RX] - 56 69 56 4F 74 65 63 68 32 00 2C 00 00 00 1C 9B 00 00 00 00 00 00 00 00 00 00 00 00 00 00 00 00 00 00 00 00 00 00 00 00 00 00 00 00 00 00 00 00 00 00 00 00 00 00 00 00 00 00 00 00 00 00 00  

 --- Contact Power Off (SAM 2)

2026/9/17 11:13:02.762 [TX] - 56 69 56 4F 74 65 63 68 32 00 2C 18 00 01 22 E1 C8 
2026/9/17 11:13:02.766 [RX] - 56 69 56 4F 74 65 63 68 32 00 2C 00 00 00 1C 9B 00 00 00 00 00 00 00 00 00 00 00 00 00 00 00 00 00 00 00 00 00 00 00 00 00 00 00 00 00 00 00 00 00 00 00 00 00 00 00 00 00 00 00 00 00 00 00  

 --- Contact Power Off (ICC)

2026/9/17 11:13:02.889 [TX] - 56 69 56 4F 74 65 63 68 32 00 2C 18 00 01 20 8A C1 
2026/9/17 11:13:02.895 [RX] - 56 69 56 4F 74 65 63 68 32 00 2C 00 00 00 1C 9B 00 00 00 00 00 00 00 00 00 00 00 00 00 00 00 00 00 00 00 00 00 00 00 00 00 00 00 00 00 00 00 00 00 00 00 00 00 00 00 00 00 00 00 00 00 00 00  

 --- PassThrough: STOP

2026/9/17 11:13:02.929 [TX] - 56 69 56 4F 74 65 63 68 32 00 2C 01 00 01 00 0D 38 
2026/9/17 11:13:02.939 [RX] - 56 69 56 4F 74 65 63 68 32 00 2C 00 00 00 1C 9B 00 00 00 00 00 00 00 00 00 00 00 00 00 00 00 00 00 00 00 00 00 00 00 00 00 00 00 00 00 00 00 00 00 00 00 00 00 00 00 00 00 00 00 00 00 00 00  

 Result = PASSED
 ---------- END OF TEST ----------

 Result = PASSED
 

 MASTER RESULT = PASSED


Docklight Log File (HEX) - Stopped 2026/9/17 11:13:04.571 

