Docklight Log File (HEX) - Started 2026/9/15 16:17:52.033 
 TEST CASE: ST400-A

 --- Set POS COM PORT Settings
 Set POS COM PORT...
 POS operating on COM90 @ 115200 baud...
 Set POS COM PORT - COMPLETE

 

 --- Poll on demand

2026/9/15 16:17:54.977 [TX] - 56 69 56 4F 74 65 63 68 32 00 01 01 00 01 01 D7 34 
2026/9/15 16:17:54.991 [RX] - 56 69 56 4F 74 65 63 68 32 00 01 00 00 00 12 53 00 00 00 00 00 00 00 00 00 00 00 00 00 00 00 00 00 00 00 00 00 00 00 00 00 00 00 00 00 00 00 00 00 00 00 00 00 00 00 00 00 00 00 00 00 00 00  

 --- Burst mode off *** NEO2

2026/9/15 16:17:56.488 [TX] - 56 69 56 4F 74 65 63 68 32 00 04 00 00 05 DF EE 7E 01 00 60 1E 
2026/9/15 16:17:56.594 [RX] - 56 69 56 4F 74 65 63 68 32 00 04 00 00 00 AE 16 00 00 00 00 00 00 00 00 00 00 00 00 00 00 00 00 00 00 00 00 00 00 00 00 00 00 00 00 00 00 00 00 00 00 00 00 00 00 00 00 00 00 00 00 00 00 00  

 --- DFEE44

2026/9/15 16:17:57.133 [TX] - 56 69 56 4F 74 65 63 68 32 00 04 00 00 06 DF EE 44 02 9D FF 28 26 
2026/9/15 16:17:57.238 [RX] - 56 69 56 4F 74 65 63 68 32 00 04 00 00 00 AE 16 00 00 00 00 00 00 00 00 00 00 00 00 00 00 00 00 00 00 00 00 00 00 00 00 00 00 00 00 00 00 00 00 00 00 00 00 00 00 00 00 00 00 00 00 00 00 00  

 --- Group 80

2026/9/15 16:17:57.774 [TX] - 56 69 56 4F 74 65 63 68 32 00 04 03 01 02 DF EE 2D 01 80 9F 01 00 9F 1A 02 08 40 9F 1C 00 9F 1D 08 6C FF 00 00 00 00 00 00 5F 57 00 DF 60 00 DF 62 00 DF 63 00 DF 81 08 00 DF 81 09 00 DF 81 0A 00 DF 81 0D 00 DF 81 17 01 00 DF 81 18 01 60 DF 81 19 01 08 DF 81 1A 03 9F 6A 04 DF 81 1C 02 00 00 DF 81 1D 01 00 DF 81 1E 01 10 DF 81 1F 01 08 DF 81 20 05 00 00 00 00 00 DF 81 22 05 00 00 00 00 00 DF 81 21 05 00 00 00 00 00 DF 81 23 06 00 00 00 01 00 00 DF 81 24 06 00 00 00 03 00 00 DF 81 25 06 00 00 00 05 00 00 DF 81 26 06 00 00 00 00 10 00 DF 81 2C 01 00 9F 09 02 00 02 9F 15 02 11 11 9F 16 00 9F 1E 08 30 30 30 30 30 30 30 30 9F 33 00 9F 35 01 22 9F 40 05 00 00 00 00 00 9F 4E 00 9F 6D 02 00 01 9F 7E 00 DF EE 0F 01 01 DF EE 37 01 03 DF EE 38 01 00 DF 81 1B 01 00 DF EF 46 02 9F 02 DF EF 4F 02 9F 02 DF EF 4E 02 9F 02 6F 7B 
2026/9/15 16:17:57.809 [RX] - 56 69 56 4F 74 65 63 68 32 00 61 01 00 10 03 00 00 02 00 45 4E 03 00 82 23 1C 02 00 F4 21 3F 47 00 00 00 00 00 00 00 00 00 00 00 00 00 00 00 00 00 00 00 00 00 00 00 00 00 00 00 00 00 00 00 56 69 56 4F 74 65 63 68 32 00 04 00 00 00 AE 16 00 00 00 00 00 00 00 00 00 00 00 00 00 00 00 00 00 00 00 00 00 00 00 00 00 00 00 00 00 00 00 00 00 00 00 00 00 00 00 00 00 00 00 00 00 00 00  

 DFED49 = 00 --------------------------------

2026/9/15 16:17:58.338 [TX] - 56 69 56 4F 74 65 63 68 32 00 04 00 00 05 DF ED 49 01 00 89 C5 
2026/9/15 16:17:58.392 [RX] - 56 69 56 4F 74 65 63 68 32 00 04 00 00 00 AE 16 00 00 00 00 00 00 00 00 00 00 00 00 00 00 00 00 00 00 00 00 00 00 00 00 00 00 00 00 00 00 00 00 00 00 00 00 00 00 00 00 00 00 00 00 00 00 00  

 Set config -- case 0.1 ==========

2026/9/15 16:17:58.423 [TX] - 56 69 56 4F 74 65 63 68 32 00 04 03 00 3F DF EE 2D 01 8E DF EE 3B 04 00 BC 61 4E DF EE 3C 00 DF EE 3D 00 DF EF 25 00 DF ED 01 00 DF ED 02 05 00 00 00 00 01 DF ED 03 01 00 DF ED 04 01 01 DF ED 05 01 01 DF ED 06 01 00 DF ED 07 01 00 5A F0 
2026/9/15 16:17:58.462 [RX] - 56 69 56 4F 74 65 63 68 32 00 04 00 00 00 AE 16 00 00 00 00 00 00 00 00 00 00 00 00 00 00 00 00 00 00 00 00 00 00 00 00 00 00 00 00 00 00 00 00 00 00 00 00 00 00 00 00 00 00 00 00 00 00 00  

 --- 02-40 PAY only

2026/9/15 16:17:59.540 [TX] - 56 69 56 4F 74 65 63 68 32 00 02 40 00 16 30 9F 02 06 00 00 00 00 00 01 9C 01 00 FF EE 08 05 DF EF 1A 01 03 22 6F 
2026/9/15 16:17:59.571 [RX] - 56 69 56 4F 74 65 63 68 32 00 02 63 00 00 4B B4 00 00 00 00 00 00 00 00 00 00 00 00 00 00 00 00 00 00 00 00 00 00 00 00 00 00 00 00 00 00 00 00 00 00 00 00 00 00 00 00 00 00 00 00 00 00 00 56 69 56 4F 74 65 63 68 32 00 61 01 00 10 03 00 00 02 00 45 4E 03 00 82 57 1C 02 00 00 60 FB 9A 00 00 00 00 00 00 00 00 00 00 00 00 00 00 00 00 00 00 00 00 00 00 00 00 00 00 00 00 00 00 00 56 69 56 4F 74 65 63 68 32 00 61 01 00 19 04 00 00 02 00 45 4E 0C 00 84 01 1C 04 24 1C 04 30 2E 30 31 1C 02 00 F4 21 62 DF 00 00 00 00 00 00 00 00 00 00 00 00 00 00 00 00 00 00 00 00 00 00 56 69 56 4F 74 65 63 68 32 00 61 01 00 10 03 00 00 02 00 45 4E 03 00 82 1A 1C 02 00 F4 21 58 29 00 00 00 00 00 00 00 00 00 00 00 00 00 00 00 00 00 00 00 00 00 00 00 00 00 00 00 00 00 00 00 56 69 56 4F 74 65 63 68 32 00 61 01 00 10 03 00 00 02 00 45 4E 03 00 82 68 1C 02 00 F4 21 96 F5 00 00 00 00 00 00 00 00 00 00 00 00 00 00 00 00 00 00 00 00 00 00 00 00 00 00 00 00 00 00 00 56 69 56 4F 74 65 63 68 32 00 61 01 00 10 03 00 00 02 00 45 4E 03 00 82 15 1C 02 00 F4 21 9D 2A 00 00 00 00 00 00 00 00 00 00 00 00 00 00 00 00 00 00 00 00 00 00 00 00 00 00 00 00 00 00 00 56 69 56 4F 74 65 63 68 32 00 02 23 03 3D F1 DF EE 26 02 F1 00 DF EE 12 0A FF FF 98 76 54 32 11 00 00 49 DF EF 17 A1 3E 2A 35 34 31 33 2A 2A 2A 2A 2A 2A 2A 2A 34 38 30 30 5E 53 55 50 50 4C 49 45 44 2F 4E 4F 54 5E 31 39 30 36 2A 2A 2A 2A 2A 2A 2A 2A 2A 2A 2A 2A 2A 2A 2A 2A 2A 2A 2A 2A 2A 2A 2A 2A 2A 2A 2A DF EF 17 C1 48 6D EF C9 01 34 FE 19 00 E6 70 03 66 6D 34 CB E4 2D C9 AD 00 57 F0 95 4E E0 41 59 EB 96 42 32 B2 2B 58 4E 37 86 72 44 7C DA 24 E9 4F DC E7 28 BA 66 2E D1 9A 8D FE C3 04 D7 28 32 A1 70 F7 C1 E1 30 73 DB 49 6D 2C A5 81 DF EF 18 A1 25 35 34 31 33 2A 2A 2A 2A 2A 2A 2A 2A 34 38 30 30 3D 31 39 30 36 2A 2A 2A 2A 2A 2A 2A 2A 2A 2A 2A 2A 2A 2A 2A 2A DF EF 18 C1 30 A0 AA 31 78 97 0E 15 AD 66 65 3B 5E 87 0B 9E 75 01 CE 5F 3E 0B EC 18 C0 BB C8 A7 54 63 F7 5C 41 78 36 94 5C 15 BD AB 3F 87 BC DB D9 BC 5A 20 C8 DF EF 4C 06 00 00 00 00 00 00 DF EF 4D 00 DF 81 16 16 1E 04 00 00 00 00 00 00 00 00 00 00 00 00 00 00 00 00 00 00 00 00 DF 81 29 08 30 F0 F0 00 30 F0 FF 00 FF 81 06 44 DF 81 15 06 00 00 00 00 00 FF DF 81 2A C1 20 49 95 A4 56 F1 51 50 05 AC 28 FC 8D F6 A4 A9 F4 C9 7D 27 B0 98 CF E4 58 1A F3 22 55 7D A2 34 F1 DF 81 2B C1 10 FE CA 1A FE E3 00 6B 29 8A EE D9 23 D8 6A 83 DC FF 81 05 82 01 7E 4F 07 A0 00 00 00 04 10 10 50 0A 4D 61 73 74 65 72 43 61 72 64 56 A1 3E 2A 35 34 31 33 2A 2A 2A 2A 2A 2A 2A 2A 34 38 30 30 5E 53 55 50 50 4C 49 45 44 2F 4E 4F 54 5E 31 39 30 36 2A 2A 2A 2A 2A 2A 2A 2A 2A 2A 2A 2A 2A 2A 2A 2A 2A 2A 2A 2A 2A 2A 2A 2A 2A 2A 2A 56 C1 40 36 02 3B 50 AE E3 60 EA AE 6D E1 47 7B 8E 48 6D DB 27 56 CA A8 06 51 DA F3 28 15 4F 82 41 1A 64 41 33 55 FC 3A 69 75 B6 22 2A AA 07 FC 7C A0 3B C1 8B 97 40 52 DE 59 38 4D ED FE CC 4F 0A 42 DA 82 02 00 00 84 07 A0 00 00 00 04 10 10 95 05 00 00 00 00 00 9A 03 26 09 15 9B 02 00 00 9C 01 00 9F 01 00 9F 02 06 00 00 00 00 00 01 9F 06 07 A0 00 00 00 04 10 10 9F 09 02 00 02 9F 11 01 01 9F 15 02 11 11 9F 16 00 9F 1A 02 08 40 9F 1C 00 9F 1D 08 6C FF 00 00 00 00 00 00 9F 1E 08 35 54 31 37 30 36 30 35 9F 21 03 08 17 39 9F 2A 01 02 9F 33 03 00 00 08 9F 34 03 00 00 00 9F 35 01 22 9F 36 02 00 00 9F 37 04 51 58 F2 B2 9F 39 01 91 9F 40 05 00 00 00 00 00 9F 41 04 00 00 00 05 9F 4E 00 9F 66 02 0E 70 9F 6A 04 00 00 05 03 9F 6B A1 13 54 13 CC CC CC CC 48 00 D1 90 6C CC CC CC CC CC CC CC CC 9F 6B C1 18 E4 73 CA F3 E9 7A C4 5D E6 F4 29 86 80 4D 58 C5 2A 28 2C AE 5D 78 5C FB 9F 6D 02 00 01 FF EE 01 05 DF EE 30 01 00 DF EE 4C 01 03 DF EC 1C 1E 08 03 00 03 FF 00 1E 04 00 00 00 FF 00 00 00 00 00 00 00 00 00 00 00 00 00 00 00 00 FF 00 FF EE 01 05 DF EE 30 01 00 43 44 00 00 00 00 00 00 00 00 00 00 00 00 00 00 00 00 00 00 00 00 00 00 00 00 00 00 00 00 00 00 00 00 00 00 00 00 00  

 Set config -- case 0.1 ==========

2026/9/15 16:18:02.346 [TX] - 56 69 56 4F 74 65 63 68 32 00 04 03 00 3F DF EE 2D 01 8E DF EE 3B 04 00 BC 61 4E DF EE 3C 00 DF EE 3D 00 DF EF 25 00 DF ED 01 00 DF ED 02 05 00 00 00 00 01 DF ED 03 01 00 DF ED 04 01 01 DF ED 05 01 01 DF ED 06 01 00 DF ED 07 01 00 5A F0 
2026/9/15 16:18:02.370 [RX] - 56 69 56 4F 74 65 63 68 32 00 04 00 00 00 AE 16 00 00 00 00 00 00 00 00 00 00 00 00 00 00 00 00 00 00 00 00 00 00 00 00 00 00 00 00 00 00 00 00 00 00 00 00 00 00 00 00 00 00 00 00 00 00 00  

 --- 02-40 case 0.1

2026/9/15 16:18:03.685 [TX] - 56 69 56 4F 74 65 63 68 32 00 02 40 00 1B 30 9F 02 06 00 00 00 00 00 01 9C 01 00 FF EE 08 0A DF EF 1A 01 02 DF ED 28 01 00 F4 19 
2026/9/15 16:18:03.716 [RX] - 56 69 56 4F 74 65 63 68 32 00 02 63 00 00 4B B4 00 00 00 00 00 00 00 00 00 00 00 00 00 00 00 00 00 00 00 00 00 00 00 00 00 00 00 00 00 00 00 00 00 00 00 00 00 00 00 00 00 00 00 00 00 00 00 56 69 56 4F 74 65 63 68 32 00 61 01 00 10 03 00 00 02 00 45 4E 03 00 82 57 1C 02 00 00 60 FB 9A 00 00 00 00 00 00 00 00 00 00 00 00 00 00 00 00 00 00 00 00 00 00 00 00 00 00 00 00 00 00 00 56 69 56 4F 74 65 63 68 32 00 61 01 00 19 04 00 00 02 00 45 4E 0C 00 84 01 1C 04 24 1C 04 30 2E 30 31 1C 02 00 F4 21 62 DF 00 00 00 00 00 00 00 00 00 00 00 00 00 00 00 00 00 00 00 00 00 00 56 69 56 4F 74 65 63 68 32 00 61 01 00 10 03 00 00 02 00 45 4E 03 00 82 1A 1C 02 00 F4 21 58 29 00 00 00 00 00 00 00 00 00 00 00 00 00 00 00 00 00 00 00 00 00 00 00 00 00 00 00 00 00 00 00 56 69 56 4F 74 65 63 68 32 00 02 57 00 7E E1 DF EE 26 02 E1 00 FF EE 08 66 DF EF 76 62 94 03 2F 61 73 76 94 01 06 69 04 02 71 79 79 71 54 03 1F 63 75 73 94 03 06 63 69 64 04 12 34 56 78 90 19 01 03 03 54 63 70 6C 00 65 6E 54 03 02 63 75 74 04 7B 54 03 27 61 73 76 94 01 05 69 05 01 F7 97 98 54 02 19 6C 79 94 03 09 6F 69 64 04 83 79 73 A1 1B E0 2B 1B 54 01 06 6E 05 F3 24 23 42 34 9F 39 01 07 FF EE 01 05 DF EE 30 01 00 01 E8 00 00 00 00 00 00 00 00 00 00 00 00 00 00 00 00 00 00 00 00 00 00 00 00 00 00 00 00 00 00 00 00 00 00 00 00 00 00 00 00 00 00 00 00 00 00 00  

 Set config -- case 0.6 ==========

2026/9/15 16:18:04.760 [TX] - 56 69 56 4F 74 65 63 68 32 00 04 03 00 3F DF EE 2D 01 8E DF EE 3B 04 00 BC 61 4E DF EE 3C 00 DF EE 3D 00 DF EF 25 00 DF ED 01 00 DF ED 02 05 00 00 00 00 04 DF ED 03 01 00 DF ED 04 01 01 DF ED 05 01 01 DF ED 06 01 00 DF ED 07 01 00 FD CD 
2026/9/15 16:18:04.767 [RX] - 56 69 56 4F 74 65 63 68 32 00 61 01 00 10 03 00 00 02 00 45 4E 03 00 82 23 1C 02 00 00 20 F0 63 00 00 00 00 00 00 00 00 00 00 00 00 00 00 00 00 00 00 00 00 00 00 00 00 00 00 00 00 00 00 00 56 69 56 4F 74 65 63 68 32 00 04 00 00 00 AE 16 00 00 00 00 00 00 00 00 00 00 00 00 00 00 00 00 00 00 00 00 00 00 00 00 00 00 00 00 00 00 00 00 00 00 00 00 00 00 00 00 00 00 00 00 00 00 00  

 --- 02-40 case 0.6

2026/9/15 16:18:10.133 [TX] - 56 69 56 4F 74 65 63 68 32 00 02 40 00 1B 30 9F 02 06 00 00 00 00 00 01 9C 01 00 FF EE 08 0A DF EF 1A 01 01 DF ED 28 01 00 14 D7 
2026/9/15 16:18:10.165 [RX] - 56 69 56 4F 74 65 63 68 32 00 02 63 00 00 4B B4 00 00 00 00 00 00 00 00 00 00 00 00 00 00 00 00 00 00 00 00 00 00 00 00 00 00 00 00 00 00 00 00 00 00 00 00 00 00 00 00 00 00 00 00 00 00 00 56 69 56 4F 74 65 63 68 32 00 61 01 00 10 03 00 00 02 00 45 4E 03 00 82 57 1C 02 00 00 60 FB 9A 00 00 00 00 00 00 00 00 00 00 00 00 00 00 00 00 00 00 00 00 00 00 00 00 00 00 00 00 00 00 00 56 69 56 4F 74 65 63 68 32 00 61 01 00 19 04 00 00 02 00 45 4E 0C 00 84 01 1C 04 24 1C 04 30 2E 30 31 1C 02 00 F4 21 62 DF 00 00 00 00 00 00 00 00 00 00 00 00 00 00 00 00 00 00 00 00 00 00 56 69 56 4F 74 65 63 68 32 00 61 01 00 10 03 00 00 02 00 45 4E 03 00 82 1A 1C 02 00 F4 21 58 29 00 00 00 00 00 00 00 00 00 00 00 00 00 00 00 00 00 00 00 00 00 00 00 00 00 00 00 00 00 00 00 56 69 56 4F 74 65 63 68 32 00 61 01 00 10 03 00 00 02 00 45 4E 03 00 82 68 1C 02 00 F4 21 96 F5 00 00 00 00 00 00 00 00 00 00 00 00 00 00 00 00 00 00 00 00 00 00 00 00 00 00 00 00 00 00 00 56 69 56 4F 74 65 63 68 32 00 61 01 00 10 03 00 00 02 00 45 4E 03 00 82 15 1C 02 00 F4 21 9D 2A 00 00 00 00 00 00 00 00 00 00 00 00 00 00 00 00 00 00 00 00 00 00 00 00 00 00 00 00 00 00 00 56 69 56 4F 74 65 63 68 32 00 02 23 03 A7 F1 DF EE 26 02 F1 00 DF EE 12 0A FF FF 98 76 54 32 11 00 00 4A DF EF 17 A1 3E 2A 35 34 31 33 2A 2A 2A 2A 2A 2A 2A 2A 34 38 30 30 5E 53 55 50 50 4C 49 45 44 2F 4E 4F 54 5E 31 39 30 36 2A 2A 2A 2A 2A 2A 2A 2A 2A 2A 2A 2A 2A 2A 2A 2A 2A 2A 2A 2A 2A 2A 2A 2A 2A 2A 2A DF EF 17 C1 48 B6 9F FD 55 1C A4 72 DF 20 61 29 C9 0E 0B 5E 86 E4 F4 20 21 81 7F CB F2 E9 F6 E3 60 FB DF FD 9E 0B 7A 1B 65 37 57 A1 2D 56 47 00 1B 97 1F E0 81 CC F1 87 FF DB A3 C4 CA 82 62 73 C1 BC 8C 3A 01 7D 36 87 D1 36 6B D5 FA DF EF 18 A1 25 35 34 31 33 2A 2A 2A 2A 2A 2A 2A 2A 34 38 30 30 3D 31 39 30 36 2A 2A 2A 2A 2A 2A 2A 2A 2A 2A 2A 2A 2A 2A 2A 2A DF EF 18 C1 30 CF C3 50 F1 02 AD CC 09 B5 26 F2 BD 83 52 7A 32 D4 64 33 9E D9 1E 3A D2 98 70 27 74 29 AB 5E A7 29 A0 5D 79 98 39 39 36 77 2C 1E C6 39 37 13 77 DF EF 4C 06 00 00 00 00 00 00 DF EF 4D 00 DF 81 16 16 1E 04 00 00 00 00 00 00 00 00 00 00 00 00 00 00 00 00 00 00 00 00 DF 81 29 08 30 F0 F0 00 30 F0 FF 00 FF 81 06 44 DF 81 15 06 00 00 00 00 00 FF DF 81 2A C1 20 73 4F 60 E9 83 F7 39 B1 68 BD D2 B4 16 2C BF 63 DA 00 49 13 3A 7A 60 41 A3 2C 05 6B B1 B6 75 4E DF 81 2B C1 10 08 F5 B4 03 4F 68 D2 D8 4C 69 6C 32 96 B6 72 F5 FF 81 05 82 01 7E 4F 07 A0 00 00 00 04 10 10 50 0A 4D 61 73 74 65 72 43 61 72 64 56 A1 3E 2A 35 34 31 33 2A 2A 2A 2A 2A 2A 2A 2A 34 38 30 30 5E 53 55 50 50 4C 49 45 44 2F 4E 4F 54 5E 31 39 30 36 2A 2A 2A 2A 2A 2A 2A 2A 2A 2A 2A 2A 2A 2A 2A 2A 2A 2A 2A 2A 2A 2A 2A 2A 2A 2A 2A 56 C1 40 2F 0B 29 43 24 B1 2E 8D 17 66 A9 3D BC A3 9F 05 2E 6D CC 08 FC EB C2 BD 94 0B 41 F1 98 CD F3 BE A5 85 E5 DE 01 34 C7 B6 E6 D4 9A 24 7F D8 FF 51 E2 1F F0 04 BA 9B A3 2D F0 C1 E6 C0 D6 3C 22 81 82 02 00 00 84 07 A0 00 00 00 04 10 10 95 05 00 00 00 00 00 9A 03 26 09 15 9B 02 00 00 9C 01 00 9F 01 00 9F 02 06 00 00 00 00 00 01 9F 06 07 A0 00 00 00 04 10 10 9F 09 02 00 02 9F 11 01 01 9F 15 02 11 11 9F 16 00 9F 1A 02 08 40 9F 1C 00 9F 1D 08 6C FF 00 00 00 00 00 00 9F 1E 08 35 54 31 37 30 36 30 35 9F 21 03 08 17 50 9F 2A 01 02 9F 33 03 00 00 08 9F 34 03 00 00 00 9F 35 01 22 9F 36 02 00 00 9F 37 04 27 3E C9 F7 9F 39 01 91 9F 40 05 00 00 00 00 00 9F 41 04 00 00 00 06 9F 4E 00 9F 66 02 0E 70 9F 6A 04 00 00 09 64 9F 6B A1 13 54 13 CC CC CC CC 48 00 D1 90 6C CC CC CC CC CC CC CC CC 9F 6B C1 18 D9 EC C9 83 E9 BF F7 04 FE D3 AD 8D 03 38 54 28 0C 60 6D 88 F1 09 B0 1F 9F 6D 02 00 01 FF EE 01 05 DF EE 30 01 00 DF EE 4C 01 03 DF EC 1C 1E 08 03 00 03 FF 00 1E 04 00 00 00 FF 00 00 00 00 00 00 00 00 00 00 00 00 00 00 00 00 FF 00 FF EE 08 66 DF EF 76 62 94 03 2F 61 73 76 94 01 06 69 04 02 71 79 79 71 54 03 1F 63 75 73 94 03 06 63 69 64 04 12 34 56 78 90 19 01 03 03 54 63 70 6C 00 65 6E 54 03 02 63 75 74 04 7B 54 03 27 61 73 76 94 01 05 69 05 01 F7 97 98 54 02 19 6C 79 94 03 09 6F 69 64 04 D4 BC CE E4 0D 35 F7 02 54 01 06 6E 05 F3 24 23 42 34 FF EE 01 05 DF EE 30 01 00 74 DE 00 00 00 00 00 00 00 00 00 00 00 00 00 00 00 00 00 00 00 00 00 00 00 00 00 00 00 00 00 00 00 00 00 00 00 00 00 00 00 00 00 00 00 00 00 00 00 00 00 00 00 00 00 00 00 00 00  

 Set config -- case 0.15 ==========

2026/9/15 16:18:12.976 [TX] - 56 69 56 4F 74 65 63 68 32 00 04 03 00 3F DF EE 2D 01 8E DF EE 3B 04 00 BC 61 4E DF EE 3C 00 DF EE 3D 00 DF EF 25 00 DF ED 01 00 DF ED 02 05 00 00 00 00 08 DF ED 03 01 00 DF ED 04 01 01 DF ED 05 01 01 DF ED 06 01 00 DF ED 07 01 00 96 6F 
2026/9/15 16:18:13.062 [RX] - 56 69 56 4F 74 65 63 68 32 00 04 00 00 00 AE 16 00 00 00 00 00 00 00 00 00 00 00 00 00 00 00 00 00 00 00 00 00 00 00 00 00 00 00 00 00 00 00 00 00 00 00 00 00 00 00 00 00 00 00 00 00 00 00  

 --- 02-40 case 0.15

2026/9/15 16:18:17.940 [TX] - 56 69 56 4F 74 65 63 68 32 00 02 40 00 1B 30 9F 02 06 00 00 00 00 00 01 9C 01 00 FF EE 08 0A DF EF 1A 01 00 DF ED 28 01 00 B4 92 
2026/9/15 16:18:17.972 [RX] - 56 69 56 4F 74 65 63 68 32 00 02 63 00 00 4B B4 00 00 00 00 00 00 00 00 00 00 00 00 00 00 00 00 00 00 00 00 00 00 00 00 00 00 00 00 00 00 00 00 00 00 00 00 00 00 00 00 00 00 00 00 00 00 00 56 69 56 4F 74 65 63 68 32 00 61 01 00 10 03 00 00 02 00 45 4E 03 00 82 57 1C 02 00 00 60 FB 9A 00 00 00 00 00 00 00 00 00 00 00 00 00 00 00 00 00 00 00 00 00 00 00 00 00 00 00 00 00 00 00 56 69 56 4F 74 65 63 68 32 00 61 01 00 19 04 00 00 02 00 45 4E 0C 00 84 01 1C 04 24 1C 04 30 2E 30 31 1C 02 00 F4 21 62 DF 00 00 00 00 00 00 00 00 00 00 00 00 00 00 00 00 00 00 00 00 00 00 56 69 56 4F 74 65 63 68 32 00 61 01 00 10 03 00 00 02 00 45 4E 03 00 82 1A 1C 02 00 F4 21 58 29 00 00 00 00 00 00 00 00 00 00 00 00 00 00 00 00 00 00 00 00 00 00 00 00 00 00 00 00 00 00 00 56 69 56 4F 74 65 63 68 32 00 61 01 00 10 03 00 00 02 00 45 4E 03 00 82 68 1C 02 00 F4 21 96 F5 00 00 00 00 00 00 00 00 00 00 00 00 00 00 00 00 00 00 00 00 00 00 00 00 00 00 00 00 00 00 00 56 69 56 4F 74 65 63 68 32 00 61 01 00 10 03 00 00 02 00 45 4E 03 00 82 15 1C 02 00 F4 21 9D 2A 00 00 00 00 00 00 00 00 00 00 00 00 00 00 00 00 00 00 00 00 00 00 00 00 00 00 00 00 00 00 00 56 69 56 4F 74 65 63 68 32 00 02 23 03 7A F1 DF EE 26 02 F1 00 DF EE 12 0A FF FF 98 76 54 32 11 00 00 4B DF EF 17 A1 3E 2A 35 34 31 33 2A 2A 2A 2A 2A 2A 2A 2A 34 38 30 30 5E 53 55 50 50 4C 49 45 44 2F 4E 4F 54 5E 31 39 30 36 2A 2A 2A 2A 2A 2A 2A 2A 2A 2A 2A 2A 2A 2A 2A 2A 2A 2A 2A 2A 2A 2A 2A 2A 2A 2A 2A DF EF 17 C1 48 46 F8 67 14 CB C8 E8 5E 2E 9F 12 BA 07 AA 11 5C AE A9 7C F6 06 DD 07 AA AF 88 08 86 48 6B D3 92 9A A0 25 2F CA 22 5F 0F D7 FE 6D 16 AE 28 4F BE AA 64 81 D9 54 4C 91 AF 5B D0 B0 78 F0 34 E7 7D 78 CD 14 CB 27 31 BA C5 DF EF 18 A1 25 35 34 31 33 2A 2A 2A 2A 2A 2A 2A 2A 34 38 30 30 3D 31 39 30 36 2A 2A 2A 2A 2A 2A 2A 2A 2A 2A 2A 2A 2A 2A 2A 2A DF EF 18 C1 30 D9 75 F2 0E A5 D5 AD CF BF D1 F8 FB E5 C1 20 00 29 77 0B 60 DF 82 C1 37 43 3D 62 3F 18 56 CA 9B 37 45 FE 43 D3 72 1D B7 92 0D A1 57 81 44 01 44 DF EF 4C 06 00 00 00 00 00 00 DF EF 4D 00 DF 81 16 16 1E 04 00 00 00 00 00 00 00 00 00 00 00 00 00 00 00 00 00 00 00 00 DF 81 29 08 30 F0 F0 00 30 F0 FF 00 FF 81 06 44 DF 81 15 06 00 00 00 00 00 FF DF 81 2A C1 20 DB 18 31 99 0B 97 C6 8A C2 B1 CD D5 B6 34 27 85 F4 AD 43 B4 4C 64 4D 48 B3 FF 16 CE E6 22 12 AE DF 81 2B C1 10 BB BA 2F 36 08 F4 4C 02 80 CF 42 D0 07 D4 19 D1 FF 81 05 82 01 7E 4F 07 A0 00 00 00 04 10 10 50 0A 4D 61 73 74 65 72 43 61 72 64 56 A1 3E 2A 35 34 31 33 2A 2A 2A 2A 2A 2A 2A 2A 34 38 30 30 5E 53 55 50 50 4C 49 45 44 2F 4E 4F 54 5E 31 39 30 36 2A 2A 2A 2A 2A 2A 2A 2A 2A 2A 2A 2A 2A 2A 2A 2A 2A 2A 2A 2A 2A 2A 2A 2A 2A 2A 2A 56 C1 40 34 1F FA 5F C0 B6 1B 29 6D 40 69 B6 E4 CC EB 8F 2C F0 FB 87 48 E8 E7 3F 38 4A 44 1F D3 EA 48 4E 8D FE 9A 0B D7 E2 92 B8 98 0E 5A 4B 1D 6A E7 81 A9 B3 E8 13 A1 E3 88 90 8A 16 3E 71 55 53 DF C0 82 02 00 00 84 07 A0 00 00 00 04 10 10 95 05 00 00 00 00 00 9A 03 26 09 15 9B 02 00 00 9C 01 00 9F 01 00 9F 02 06 00 00 00 00 00 01 9F 06 07 A0 00 00 00 04 10 10 9F 09 02 00 02 9F 11 01 01 9F 15 02 11 11 9F 16 00 9F 1A 02 08 40 9F 1C 00 9F 1D 08 6C FF 00 00 00 00 00 00 9F 1E 08 35 54 31 37 30 36 30 35 9F 21 03 08 17 57 9F 2A 01 02 9F 33 03 00 00 08 9F 34 03 00 00 00 9F 35 01 22 9F 36 02 00 00 9F 37 04 D2 AE F7 ED 9F 39 01 91 9F 40 05 00 00 00 00 00 9F 41 04 00 00 00 07 9F 4E 00 9F 66 02 0E 70 9F 6A 04 00 00 07 47 9F 6B A1 13 54 13 CC CC CC CC 48 00 D1 90 6C CC CC CC CC CC CC CC CC 9F 6B C1 18 8C 8E D9 6D 25 5C D4 18 19 68 8B 90 60 2F C7 D0 4A AB E4 C3 08 4A 9C 9B 9F 6D 02 00 01 FF EE 01 05 DF EE 30 01 00 DF EE 4C 01 03 DF EC 1C 1E 08 03 00 03 FF 00 1E 04 00 00 00 FF 00 00 00 00 00 00 00 00 00 00 00 00 00 00 00 00 FF 00 FF EE 08 39 DF EF 76 35 D4 03 2F 61 73 76 94 01 06 69 04 02 71 79 79 71 54 03 1F 63 75 73 94 03 06 63 69 64 04 12 34 56 78 90 19 01 03 03 54 63 70 6C 00 65 6E 54 03 02 63 75 74 04 7B FF EE 01 05 DF EE 30 01 00 9C 5D 00 00 00 00 00 00 00 00 00 00 00 00 00 00 00 00 00 00 00 00 00 00 00 00 00 00 00 00 00 00 00 00 00 00 00 00 00 00 00  

 DFED49 = 01 --------------------------------

2026/9/15 16:18:20.972 [TX] - 56 69 56 4F 74 65 63 68 32 00 04 00 00 05 DF ED 49 01 01 A8 D5 
2026/9/15 16:18:21.030 [RX] - 56 69 56 4F 74 65 63 68 32 00 04 00 00 00 AE 16 00 00 00 00 00 00 00 00 00 00 00 00 00 00 00 00 00 00 00 00 00 00 00 00 00 00 00 00 00 00 00 00 00 00 00 00 00 00 00 00 00 00 00 00 00 00 00  

 Set config -- case 0.1 ==========

2026/9/15 16:18:21.064 [TX] - 56 69 56 4F 74 65 63 68 32 00 04 03 00 3F DF EE 2D 01 8E DF EE 3B 04 00 BC 61 4E DF EE 3C 00 DF EE 3D 00 DF EF 25 00 DF ED 01 00 DF ED 02 05 00 00 00 00 01 DF ED 03 01 00 DF ED 04 01 01 DF ED 05 01 01 DF ED 06 01 00 DF ED 07 01 00 5A F0 
2026/9/15 16:18:21.102 [RX] - 56 69 56 4F 74 65 63 68 32 00 04 00 00 00 AE 16 00 00 00 00 00 00 00 00 00 00 00 00 00 00 00 00 00 00 00 00 00 00 00 00 00 00 00 00 00 00 00 00 00 00 00 00 00 00 00 00 00 00 00 00 00 00 00  

 --- 02-40 PAY only

2026/9/15 16:18:23.300 [TX] - 56 69 56 4F 74 65 63 68 32 00 02 40 00 16 30 9F 02 06 00 00 00 00 00 01 9C 01 00 FF EE 08 05 DF EF 1A 01 03 22 6F 
2026/9/15 16:18:23.331 [RX] - 56 69 56 4F 74 65 63 68 32 00 02 63 00 00 4B B4 00 00 00 00 00 00 00 00 00 00 00 00 00 00 00 00 00 00 00 00 00 00 00 00 00 00 00 00 00 00 00 00 00 00 00 00 00 00 00 00 00 00 00 00 00 00 00 56 69 56 4F 74 65 63 68 32 00 61 01 00 10 03 00 00 02 00 45 4E 03 00 82 57 1C 02 00 00 60 FB 9A 00 00 00 00 00 00 00 00 00 00 00 00 00 00 00 00 00 00 00 00 00 00 00 00 00 00 00 00 00 00 00 56 69 56 4F 74 65 63 68 32 00 61 01 00 19 04 00 00 02 00 45 4E 0C 00 84 01 1C 04 24 1C 04 30 2E 30 31 1C 02 00 F4 21 62 DF 00 00 00 00 00 00 00 00 00 00 00 00 00 00 00 00 00 00 00 00 00 00 56 69 56 4F 74 65 63 68 32 00 61 01 00 10 03 00 00 02 00 45 4E 03 00 82 1A 1C 02 00 F4 21 58 29 00 00 00 00 00 00 00 00 00 00 00 00 00 00 00 00 00 00 00 00 00 00 00 00 00 00 00 00 00 00 00 56 69 56 4F 74 65 63 68 32 00 02 57 00 20 E1 DF EE 26 02 E1 00 FF EE 08 08 DF EE 02 04 41 90 00 00 9F 39 01 07 FF EE 01 05 DF EE 30 01 00 9F C8 00 00 00 00 00 00 00 00 00 00 00 00 00 00 00 56 69 56 4F 74 65 63 68 32 00 61 01 00 10 03 00 00 02 00 45 4E 03 00 82 23 1C 02 00 00 20 F0 63 00 00 00 00 00 00 00 00 00 00 00 00 00 00 00 00 00 00 00 00 00 00 00 00 00 00 00 00 00 00 00  

 Set config -- case 0.1 ==========

2026/9/15 16:18:26.674 [TX] - 56 69 56 4F 74 65 63 68 32 00 04 03 00 3F DF EE 2D 01 8E DF EE 3B 04 00 BC 61 4E DF EE 3C 00 DF EE 3D 00 DF EF 25 00 DF ED 01 00 DF ED 02 05 00 00 00 00 01 DF ED 03 01 00 DF ED 04 01 01 DF ED 05 01 01 DF ED 06 01 00 DF ED 07 01 00 5A F0 
2026/9/15 16:18:26.698 [RX] - 56 69 56 4F 74 65 63 68 32 00 04 00 00 00 AE 16 00 00 00 00 00 00 00 00 00 00 00 00 00 00 00 00 00 00 00 00 00 00 00 00 00 00 00 00 00 00 00 00 00 00 00 00 00 00 00 00 00 00 00 00 00 00 00  

 --- 02-40 case 0.1

2026/9/15 16:18:27.638 [TX] - 56 69 56 4F 74 65 63 68 32 00 02 40 00 1B 30 9F 02 06 00 00 00 00 00 01 9C 01 00 FF EE 08 0A DF EF 1A 01 02 DF ED 28 01 00 F4 19 
2026/9/15 16:18:27.670 [RX] - 56 69 56 4F 74 65 63 68 32 00 02 63 00 00 4B B4 00 00 00 00 00 00 00 00 00 00 00 00 00 00 00 00 00 00 00 00 00 00 00 00 00 00 00 00 00 00 00 00 00 00 00 00 00 00 00 00 00 00 00 00 00 00 00 56 69 56 4F 74 65 63 68 32 00 61 01 00 10 03 00 00 02 00 45 4E 03 00 82 57 1C 02 00 00 60 FB 9A 00 00 00 00 00 00 00 00 00 00 00 00 00 00 00 00 00 00 00 00 00 00 00 00 00 00 00 00 00 00 00 56 69 56 4F 74 65 63 68 32 00 61 01 00 19 04 00 00 02 00 45 4E 0C 00 84 01 1C 04 24 1C 04 30 2E 30 31 1C 02 00 F4 21 62 DF 00 00 00 00 00 00 00 00 00 00 00 00 00 00 00 00 00 00 00 00 00 00 56 69 56 4F 74 65 63 68 32 00 61 01 00 10 03 00 00 02 00 45 4E 03 00 82 1A 1C 02 00 F4 21 58 29 00 00 00 00 00 00 00 00 00 00 00 00 00 00 00 00 00 00 00 00 00 00 00 00 00 00 00 00 00 00 00 56 69 56 4F 74 65 63 68 32 00 02 57 00 7E E1 DF EE 26 02 E1 00 FF EE 08 66 DF EF 76 62 94 03 2F 61 73 76 94 01 06 69 04 02 71 79 79 71 54 03 1F 63 75 73 94 03 06 63 69 64 04 12 34 56 78 90 19 01 03 03 54 63 70 6C 00 65 6E 54 03 02 63 75 74 04 7B 54 03 27 61 73 76 94 01 05 69 05 01 F7 97 98 54 02 19 6C 79 94 03 09 6F 69 64 04 C1 AE 15 32 25 43 07 3E 54 01 06 6E 05 F3 24 23 42 34 9F 39 01 07 FF EE 01 05 DF EE 30 01 00 A3 5A 00 00 00 00 00 00 00 00 00 00 00 00 00 00 00 00 00 00 00 00 00 00 00 00 00 00 00 00 00 00 00 00 00 00 00 00 00 00 00 00 00 00 00 00 00 00 00 56 69 56 4F 74 65 63 68 32 00 61 01 00 10 03 00 00 02 00 45 4E 03 00 82 23 1C 02 00 00 20 F0 63 00 00 00 00 00 00 00 00 00 00 00 00 00 00 00 00 00 00 00 00 00 00 00 00 00 00 00 00 00 00 00  

 Set config -- case 0.6 ==========

2026/9/15 16:18:29.263 [TX] - 56 69 56 4F 74 65 63 68 32 00 04 03 00 3F DF EE 2D 01 8E DF EE 3B 04 00 BC 61 4E DF EE 3C 00 DF EE 3D 00 DF EF 25 00 DF ED 01 00 DF ED 02 05 00 00 00 00 04 DF ED 03 01 00 DF ED 04 01 01 DF ED 05 01 01 DF ED 06 01 00 DF ED 07 01 00 FD CD 
2026/9/15 16:18:29.307 [RX] - 56 69 56 4F 74 65 63 68 32 00 04 00 00 00 AE 16 00 00 00 00 00 00 00 00 00 00 00 00 00 00 00 00 00 00 00 00 00 00 00 00 00 00 00 00 00 00 00 00 00 00 00 00 00 00 00 00 00 00 00 00 00 00 00  

 --- 02-40 case 0.6

2026/9/15 16:18:33.524 [TX] - 56 69 56 4F 74 65 63 68 32 00 02 40 00 1B 30 9F 02 06 00 00 00 00 00 01 9C 01 00 FF EE 08 0A DF EF 1A 01 01 DF ED 28 01 00 14 D7 
2026/9/15 16:18:33.556 [RX] - 56 69 56 4F 74 65 63 68 32 00 02 63 00 00 4B B4 00 00 00 00 00 00 00 00 00 00 00 00 00 00 00 00 00 00 00 00 00 00 00 00 00 00 00 00 00 00 00 00 00 00 00 00 00 00 00 00 00 00 00 00 00 00 00 56 69 56 4F 74 65 63 68 32 00 61 01 00 10 03 00 00 02 00 45 4E 03 00 82 57 1C 02 00 00 60 FB 9A 00 00 00 00 00 00 00 00 00 00 00 00 00 00 00 00 00 00 00 00 00 00 00 00 00 00 00 00 00 00 00 56 69 56 4F 74 65 63 68 32 00 61 01 00 19 04 00 00 02 00 45 4E 0C 00 84 01 1C 04 24 1C 04 30 2E 30 31 1C 02 00 F4 21 62 DF 00 00 00 00 00 00 00 00 00 00 00 00 00 00 00 00 00 00 00 00 00 00 56 69 56 4F 74 65 63 68 32 00 61 01 00 10 03 00 00 02 00 45 4E 03 00 82 1A 1C 02 00 F4 21 58 29 00 00 00 00 00 00 00 00 00 00 00 00 00 00 00 00 00 00 00 00 00 00 00 00 00 00 00 00 00 00 00 56 69 56 4F 74 65 63 68 32 00 02 57 00 7E E1 DF EE 26 02 E1 00 FF EE 08 66 DF EF 76 62 94 03 2F 61 73 76 94 01 06 69 04 02 71 79 79 71 54 03 1F 63 75 73 94 03 06 63 69 64 04 12 34 56 78 90 19 01 03 03 54 63 70 6C 00 65 6E 54 03 02 63 75 74 04 7B 54 03 27 61 73 76 94 01 05 69 05 01 F7 97 98 54 02 19 6C 79 94 03 09 6F 69 64 04 DA A3 C5 C6 E0 A6 16 CD 54 01 06 6E 05 F3 24 23 42 34 9F 39 01 07 FF EE 01 05 DF EE 30 01 00 95 C3 00 00 00 00 00 00 00 00 00 00 00 00 00 00 00 00 00 00 00 00 00 00 00 00 00 00 00 00 00 00 00 00 00 00 00 00 00 00 00 00 00 00 00 00 00 00 00 56 69 56 4F 74 65 63 68 32 00 61 01 00 10 03 00 00 02 00 45 4E 03 00 82 23 1C 02 00 00 20 F0 63 00 00 00 00 00 00 00 00 00 00 00 00 00 00 00 00 00 00 00 00 00 00 00 00 00 00 00 00 00 00 00  

 Set config -- case 0.15 ==========

2026/9/15 16:18:35.539 [TX] - 56 69 56 4F 74 65 63 68 32 00 04 03 00 3F DF EE 2D 01 8E DF EE 3B 04 00 BC 61 4E DF EE 3C 00 DF EE 3D 00 DF EF 25 00 DF ED 01 00 DF ED 02 05 00 00 00 00 08 DF ED 03 01 00 DF ED 04 01 01 DF ED 05 01 01 DF ED 06 01 00 DF ED 07 01 00 96 6F 
2026/9/15 16:18:35.584 [RX] - 56 69 56 4F 74 65 63 68 32 00 04 00 00 00 AE 16 00 00 00 00 00 00 00 00 00 00 00 00 00 00 00 00 00 00 00 00 00 00 00 00 00 00 00 00 00 00 00 00 00 00 00 00 00 00 00 00 00 00 00 00 00 00 00  

 --- 02-40 case 0.15

2026/9/15 16:18:41.156 [TX] - 56 69 56 4F 74 65 63 68 32 00 02 40 00 1B 30 9F 02 06 00 00 00 00 00 01 9C 01 00 FF EE 08 0A DF EF 1A 01 00 DF ED 28 01 00 B4 92 
2026/9/15 16:18:41.187 [RX] - 56 69 56 4F 74 65 63 68 32 00 02 63 00 00 4B B4 00 00 00 00 00 00 00 00 00 00 00 00 00 00 00 00 00 00 00 00 00 00 00 00 00 00 00 00 00 00 00 00 00 00 00 00 00 00 00 00 00 00 00 00 00 00 00 56 69 56 4F 74 65 63 68 32 00 61 01 00 10 03 00 00 02 00 45 4E 03 00 82 57 1C 02 00 00 60 FB 9A 00 00 00 00 00 00 00 00 00 00 00 00 00 00 00 00 00 00 00 00 00 00 00 00 00 00 00 00 00 00 00 56 69 56 4F 74 65 63 68 32 00 61 01 00 19 04 00 00 02 00 45 4E 0C 00 84 01 1C 04 24 1C 04 30 2E 30 31 1C 02 00 F4 21 62 DF 00 00 00 00 00 00 00 00 00 00 00 00 00 00 00 00 00 00 00 00 00 00 56 69 56 4F 74 65 63 68 32 00 61 01 00 10 03 00 00 02 00 45 4E 03 00 82 1A 1C 02 00 F4 21 58 29 00 00 00 00 00 00 00 00 00 00 00 00 00 00 00 00 00 00 00 00 00 00 00 00 00 00 00 00 00 00 00 56 69 56 4F 74 65 63 68 32 00 02 57 00 51 E1 DF EE 26 02 E1 00 FF EE 08 39 DF EF 76 35 D4 03 2F 61 73 76 94 01 06 69 04 02 71 79 79 71 54 03 1F 63 75 73 94 03 06 63 69 64 04 12 34 56 78 90 19 01 03 03 54 63 70 6C 00 65 6E 54 03 02 63 75 74 04 7B 9F 39 01 07 FF EE 01 05 DF EE 30 01 00 08 7E 00 00 00 00 00 00 00 00 00 00 00 00 00 00 00 00 00 00 00 00 00 00 00 00 00 00 00 00 00 56 69 56 4F 74 65 63 68 32 00 61 01 00 10 03 00 00 02 00 45 4E 03 00 82 23 1C 02 00 00 20 F0 63 00 00 00 00 00 00 00 00 00 00 00 00 00 00 00 00 00 00 00 00 00 00 00 00 00 00 00 00 00 00 00  

 DFED49 = 00 --------------------------------

2026/9/15 16:18:43.253 [TX] - 56 69 56 4F 74 65 63 68 32 00 04 00 00 05 DF ED 49 01 00 89 C5 
2026/9/15 16:18:43.403 [RX] - 56 69 56 4F 74 65 63 68 32 00 04 00 00 00 AE 16 00 00 00 00 00 00 00 00 00 00 00 00 00 00 00 00 00 00 00 00 00 00 00 00 00 00 00 00 00 00 00 00 00 00 00 00 00 00 00 00 00 00 00 00 00 00 00  

 ---------- END OF TEST ----------

 Result = PASSED


Docklight Log File (HEX) - Stopped 2026/9/15 16:18:43.852 

