Docklight Log File (HEX) - Started 2026/9/14 14:40:26.711 
 TEST CASE: CR056

 --- Set POS COM PORT Settings
 Set POS COM PORT...
 POS operating on COM90 @ 115200 baud...
 Set POS COM PORT - COMPLETE

 --- 60-16 Contact Set ICS Identification (01)

2026/9/14 14:40:27.882 [TX] - 56 69 56 4F 74 65 63 68 32 00 60 16 00 01 01 D0 CD 
2026/9/14 14:40:27.967 [RX] - 56 69 56 4F 74 65 63 68 32 00 60 00 00 00 3D 35 00 00 00 00 00 00 00 00 00 00 00 00 00 00 00 00 00 00 00 00 00 00 00 00 00 00 00 00 00 00 00 00 00 00 00 00 00 00 00 00 00 00 00 00 00 00 00  

 --- 60-06 Contact Set Terminal Data >> 1C

2026/9/14 14:40:28.496 [TX] - 56 69 56 4F 74 65 63 68 32 00 60 06 00 2C 07 00 9F 33 03 60 F8 C8 9F 35 01 22 9F 40 05 F0 00 F0 A0 01 DF 11 01 01 DF 26 01 01 DF 27 01 00 DF EE 1E 08 F0 DC 3C F0 C2 9E 96 00 D5 4A 
2026/9/14 14:40:28.515 [RX] - 56 69 56 4F 74 65 63 68 32 00 60 00 00 00 3D 35 00 00 00 00 00 00 00 00 00 00 00 00 00 00 00 00 00 00 00 00 00 00 00 00 00 00 00 00 00 00 00 00 00 00 00 00 00 00 00 00 00 00 00 00 00 00 00  

 --- 60-06 (9F33 = 60 28 C8)

2026/9/14 14:40:29.035 [TX] - 56 69 56 4F 74 65 63 68 32 00 60 06 00 08 01 00 9F 33 03 60 28 C8 6D 91 
2026/9/14 14:40:29.049 [RX] - 56 69 56 4F 74 65 63 68 32 00 60 05 00 00 D6 C5 00 00 00 00 00 00 00 00 00 00 00 00 00 00 00 00 00 00 00 00 00 00 00 00 00 00 00 00 00 00 00 00 00 00 00 00 00 00 00 00 00 00 00 00 00 00 00  

 --- 60-06 (9F35 = 21)

2026/9/14 14:40:29.574 [TX] - 56 69 56 4F 74 65 63 68 32 00 60 06 00 06 01 00 9F 35 01 21 2D CB 
2026/9/14 14:40:29.582 [RX] - 56 69 56 4F 74 65 63 68 32 00 60 05 00 00 D6 C5 00 00 00 00 00 00 00 00 00 00 00 00 00 00 00 00 00 00 00 00 00 00 00 00 00 00 00 00 00 00 00 00 00 00 00 00 00 00 00 00 00 00 00 00 00 00 00  

 --- 60-06 (9F40 = 60 00 F0 50 01)

2026/9/14 14:40:30.107 [TX] - 56 69 56 4F 74 65 63 68 32 00 60 06 00 0A 01 00 9F 40 05 60 00 F0 50 01 77 27 
2026/9/14 14:40:30.116 [RX] - 56 69 56 4F 74 65 63 68 32 00 60 05 00 00 D6 C5 00 00 00 00 00 00 00 00 00 00 00 00 00 00 00 00 00 00 00 00 00 00 00 00 00 00 00 00 00 00 00 00 00 00 00 00 00 00 00 00 00 00 00 00 00 00 00  

 --- 60-06 (DF11 = 00)

2026/9/14 14:40:30.641 [TX] - 56 69 56 4F 74 65 63 68 32 00 60 06 00 06 01 00 DF 11 01 00 F4 CB 
2026/9/14 14:40:30.650 [RX] - 56 69 56 4F 74 65 63 68 32 00 60 05 00 00 D6 C5 00 00 00 00 00 00 00 00 00 00 00 00 00 00 00 00 00 00 00 00 00 00 00 00 00 00 00 00 00 00 00 00 00 00 00 00 00 00 00 00 00 00 00 00 00 00 00  

 --- 60-06 (DF26 = 00)

2026/9/14 14:40:31.191 [TX] - 56 69 56 4F 74 65 63 68 32 00 60 06 00 06 01 00 DF 26 01 00 C1 8B 
2026/9/14 14:40:31.201 [RX] - 56 69 56 4F 74 65 63 68 32 00 60 05 00 00 D6 C5 00 00 00 00 00 00 00 00 00 00 00 00 00 00 00 00 00 00 00 00 00 00 00 00 00 00 00 00 00 00 00 00 00 00 00 00 00 00 00 00 00 00 00 00 00 00 00  

 --- 60-06 (DF27 = 01)

2026/9/14 14:40:31.735 [TX] - 56 69 56 4F 74 65 63 68 32 00 60 06 00 06 01 00 DF 27 01 01 D0 AC 
2026/9/14 14:40:31.744 [RX] - 56 69 56 4F 74 65 63 68 32 00 60 05 00 00 D6 C5 00 00 00 00 00 00 00 00 00 00 00 00 00 00 00 00 00 00 00 00 00 00 00 00 00 00 00 00 00 00 00 00 00 00 00 00 00 00 00 00 00 00 00 00 00 00 00  

 --- 60-06 (DFEE1E = D0 DC 20 D0 C4 1E 16 00)

2026/9/14 14:40:32.267 [TX] - 56 69 56 4F 74 65 63 68 32 00 60 06 00 0E 01 00 DF EE 1E 08 D0 DC 20 D0 C4 1E 16 00 DE E9 
2026/9/14 14:40:32.277 [RX] - 56 69 56 4F 74 65 63 68 32 00 60 05 00 00 D6 C5 00 00 00 00 00 00 00 00 00 00 00 00 00 00 00 00 00 00 00 00 00 00 00 00 00 00 00 00 00 00 00 00 00 00 00 00 00 00 00 00 00 00 00 00 00 00 00  

 --- 60-16 Contact Set ICS Identification (02 = Default)

2026/9/14 14:40:32.804 [TX] - 56 69 56 4F 74 65 63 68 32 00 60 16 00 01 02 B3 FD 
2026/9/14 14:40:32.826 [RX] - 56 69 56 4F 74 65 63 68 32 00 60 00 00 00 3D 35 00 00 00 00 00 00 00 00 00 00 00 00 00 00 00 00 00 00 00 00 00 00 00 00 00 00 00 00 00 00 00 00 00 00 00 00 00 00 00 00 00 00 00 00 00 00 00  

 --- 60-06 Contact Set Terminal Data >> 2C

2026/9/14 14:40:33.355 [TX] - 56 69 56 4F 74 65 63 68 32 00 60 06 00 2C 07 00 9F 33 03 60 28 C8 9F 35 01 21 9F 40 05 F0 00 F0 A0 01 DF 11 01 00 DF 26 01 01 DF 27 01 00 DF EE 1E 08 D0 DC 20 D0 C4 1E 16 00 17 46 
2026/9/14 14:40:33.374 [RX] - 56 69 56 4F 74 65 63 68 32 00 60 00 00 00 3D 35 00 00 00 00 00 00 00 00 00 00 00 00 00 00 00 00 00 00 00 00 00 00 00 00 00 00 00 00 00 00 00 00 00 00 00 00 00 00 00 00 00 00 00 00 00 00 00  

 --- 60-06 (9F33 = 60 F8 C8)

2026/9/14 14:40:33.904 [TX] - 56 69 56 4F 74 65 63 68 32 00 60 06 00 08 01 00 9F 33 03 60 F8 C8 4A 84 
2026/9/14 14:40:33.918 [RX] - 56 69 56 4F 74 65 63 68 32 00 60 05 00 00 D6 C5 00 00 00 00 00 00 00 00 00 00 00 00 00 00 00 00 00 00 00 00 00 00 00 00 00 00 00 00 00 00 00 00 00 00 00 00 00 00 00 00 00 00 00 00 00 00 00  

 --- 60-06 (9F35 = 22)

2026/9/14 14:40:34.453 [TX] - 56 69 56 4F 74 65 63 68 32 00 60 06 00 06 01 00 9F 35 01 22 4E FB 
2026/9/14 14:40:34.463 [RX] - 56 69 56 4F 74 65 63 68 32 00 60 05 00 00 D6 C5 00 00 00 00 00 00 00 00 00 00 00 00 00 00 00 00 00 00 00 00 00 00 00 00 00 00 00 00 00 00 00 00 00 00 00 00 00 00 00 00 00 00 00 00 00 00 00  

 --- 60-06 (9F40 = 60 00 F0 50 01)

2026/9/14 14:40:35.004 [TX] - 56 69 56 4F 74 65 63 68 32 00 60 06 00 0A 01 00 9F 40 05 60 00 F0 50 01 77 27 
2026/9/14 14:40:35.014 [RX] - 56 69 56 4F 74 65 63 68 32 00 60 05 00 00 D6 C5 00 00 00 00 00 00 00 00 00 00 00 00 00 00 00 00 00 00 00 00 00 00 00 00 00 00 00 00 00 00 00 00 00 00 00 00 00 00 00 00 00 00 00 00 00 00 00  

 --- 60-06 (DF11 = 01)

2026/9/14 14:40:35.542 [TX] - 56 69 56 4F 74 65 63 68 32 00 60 06 00 06 01 00 DF 11 01 01 D5 DB 
2026/9/14 14:40:35.552 [RX] - 56 69 56 4F 74 65 63 68 32 00 60 05 00 00 D6 C5 00 00 00 00 00 00 00 00 00 00 00 00 00 00 00 00 00 00 00 00 00 00 00 00 00 00 00 00 00 00 00 00 00 00 00 00 00 00 00 00 00 00 00 00 00 00 00  

 --- 60-06 (DF26 = 00)

2026/9/14 14:40:36.091 [TX] - 56 69 56 4F 74 65 63 68 32 00 60 06 00 06 01 00 DF 26 01 00 C1 8B 
2026/9/14 14:40:36.101 [RX] - 56 69 56 4F 74 65 63 68 32 00 60 05 00 00 D6 C5 00 00 00 00 00 00 00 00 00 00 00 00 00 00 00 00 00 00 00 00 00 00 00 00 00 00 00 00 00 00 00 00 00 00 00 00 00 00 00 00 00 00 00 00 00 00 00  

 --- 60-06 (DF27 = 01)

2026/9/14 14:40:36.641 [TX] - 56 69 56 4F 74 65 63 68 32 00 60 06 00 06 01 00 DF 27 01 01 D0 AC 
2026/9/14 14:40:36.650 [RX] - 56 69 56 4F 74 65 63 68 32 00 60 05 00 00 D6 C5 00 00 00 00 00 00 00 00 00 00 00 00 00 00 00 00 00 00 00 00 00 00 00 00 00 00 00 00 00 00 00 00 00 00 00 00 00 00 00 00 00 00 00 00 00 00 00  

 --- 60-06 (DFEE1E = F0 DC 3C F0 C2 9E 96 00)

2026/9/14 14:40:37.175 [TX] - 56 69 56 4F 74 65 63 68 32 00 60 06 00 0E 01 00 DF EE 1E 08 F0 DC 3C F0 C2 9E 96 00 3E 8C 
2026/9/14 14:40:37.184 [RX] - 56 69 56 4F 74 65 63 68 32 00 60 05 00 00 D6 C5 00 00 00 00 00 00 00 00 00 00 00 00 00 00 00 00 00 00 00 00 00 00 00 00 00 00 00 00 00 00 00 00 00 00 00 00 00 00 00 00 00 00 00 00 00 00 00  

 --- 60-16 Contact Set ICS Identification (03)

2026/9/14 14:40:37.731 [TX] - 56 69 56 4F 74 65 63 68 32 00 60 16 00 01 03 92 ED 
2026/9/14 14:40:37.754 [RX] - 56 69 56 4F 74 65 63 68 32 00 60 00 00 00 3D 35 00 00 00 00 00 00 00 00 00 00 00 00 00 00 00 00 00 00 00 00 00 00 00 00 00 00 00 00 00 00 00 00 00 00 00 00 00 00 00 00 00 00 00 00 00 00 00  

 --- 60-06 Contact Set Terminal Data >> 3C

2026/9/14 14:40:38.285 [TX] - 56 69 56 4F 74 65 63 68 32 00 60 06 00 2C 07 00 9F 33 03 60 D8 C8 9F 35 01 25 9F 40 05 60 00 F0 50 01 DF 11 01 01 DF 26 01 01 DF 27 01 00 DF EE 1E 08 F0 DC 24 F0 C2 0E 16 00 1C B2 
2026/9/14 14:40:38.305 [RX] - 56 69 56 4F 74 65 63 68 32 00 60 00 00 00 3D 35 00 00 00 00 00 00 00 00 00 00 00 00 00 00 00 00 00 00 00 00 00 00 00 00 00 00 00 00 00 00 00 00 00 00 00 00 00 00 00 00 00 00 00 00 00 00 00  

 --- 60-06 (9F33 = 60 F8 C8)

2026/9/14 14:40:38.831 [TX] - 56 69 56 4F 74 65 63 68 32 00 60 06 00 08 01 00 9F 33 03 60 F8 C8 4A 84 
2026/9/14 14:40:38.846 [RX] - 56 69 56 4F 74 65 63 68 32 00 60 05 00 00 D6 C5 00 00 00 00 00 00 00 00 00 00 00 00 00 00 00 00 00 00 00 00 00 00 00 00 00 00 00 00 00 00 00 00 00 00 00 00 00 00 00 00 00 00 00 00 00 00 00  

 --- 60-06 (9F35 = 22)

2026/9/14 14:40:39.381 [TX] - 56 69 56 4F 74 65 63 68 32 00 60 06 00 06 01 00 9F 35 01 22 4E FB 
2026/9/14 14:40:39.391 [RX] - 56 69 56 4F 74 65 63 68 32 00 60 05 00 00 D6 C5 00 00 00 00 00 00 00 00 00 00 00 00 00 00 00 00 00 00 00 00 00 00 00 00 00 00 00 00 00 00 00 00 00 00 00 00 00 00 00 00 00 00 00 00 00 00 00  

 --- 60-06 (9F40 = F0 00 F0 A0 01)

2026/9/14 14:40:39.936 [TX] - 56 69 56 4F 74 65 63 68 32 00 60 06 00 0A 01 00 9F 40 05 F0 00 F0 A0 01 3C 12 
2026/9/14 14:40:39.945 [RX] - 56 69 56 4F 74 65 63 68 32 00 60 05 00 00 D6 C5 00 00 00 00 00 00 00 00 00 00 00 00 00 00 00 00 00 00 00 00 00 00 00 00 00 00 00 00 00 00 00 00 00 00 00 00 00 00 00 00 00 00 00 00 00 00 00  

 --- 60-06 (DF11 = 00)

2026/9/14 14:40:40.474 [TX] - 56 69 56 4F 74 65 63 68 32 00 60 06 00 06 01 00 DF 11 01 00 F4 CB 
2026/9/14 14:40:40.490 [RX] - 56 69 56 4F 74 65 63 68 32 00 60 05 00 00 D6 C5 00 00 00 00 00 00 00 00 00 00 00 00 00 00 00 00 00 00 00 00 00 00 00 00 00 00 00 00 00 00 00 00 00 00 00 00 00 00 00 00 00 00 00 00 00 00 00  

 --- 60-06 (DF26 = 00)

2026/9/14 14:40:41.020 [TX] - 56 69 56 4F 74 65 63 68 32 00 60 06 00 06 01 00 DF 26 01 00 C1 8B 
2026/9/14 14:40:41.029 [RX] - 56 69 56 4F 74 65 63 68 32 00 60 05 00 00 D6 C5 00 00 00 00 00 00 00 00 00 00 00 00 00 00 00 00 00 00 00 00 00 00 00 00 00 00 00 00 00 00 00 00 00 00 00 00 00 00 00 00 00 00 00 00 00 00 00  

 --- 60-06 (DF27 = 01)

2026/9/14 14:40:41.551 [TX] - 56 69 56 4F 74 65 63 68 32 00 60 06 00 06 01 00 DF 27 01 01 D0 AC 
2026/9/14 14:40:41.560 [RX] - 56 69 56 4F 74 65 63 68 32 00 60 05 00 00 D6 C5 00 00 00 00 00 00 00 00 00 00 00 00 00 00 00 00 00 00 00 00 00 00 00 00 00 00 00 00 00 00 00 00 00 00 00 00 00 00 00 00 00 00 00 00 00 00 00  

 --- 60-06 (DFEE1E = D0 DC 20 D0 C4 1E 16 00)

2026/9/14 14:40:42.108 [TX] - 56 69 56 4F 74 65 63 68 32 00 60 06 00 0E 01 00 DF EE 1E 08 D0 DC 20 D0 C4 1E 16 00 DE E9 
2026/9/14 14:40:42.121 [RX] - 56 69 56 4F 74 65 63 68 32 00 60 05 00 00 D6 C5 00 00 00 00 00 00 00 00 00 00 00 00 00 00 00 00 00 00 00 00 00 00 00 00 00 00 00 00 00 00 00 00 00 00 00 00 00 00 00 00 00 00 00 00 00 00 00  

 --- 60-16 Contact Set ICS Identification (04)

2026/9/14 14:40:42.658 [TX] - 56 69 56 4F 74 65 63 68 32 00 60 16 00 01 04 75 9D 
2026/9/14 14:40:42.682 [RX] - 56 69 56 4F 74 65 63 68 32 00 60 00 00 00 3D 35 00 00 00 00 00 00 00 00 00 00 00 00 00 00 00 00 00 00 00 00 00 00 00 00 00 00 00 00 00 00 00 00 00 00 00 00 00 00 00 00 00 00 00 00 00 00 00  

 --- 60-06 Contact Set Terminal Data >> 4C

2026/9/14 14:40:43.226 [TX] - 56 69 56 4F 74 65 63 68 32 00 60 06 00 2C 07 00 9F 33 03 60 08 C8 9F 35 01 25 9F 40 05 60 00 F0 50 01 DF 11 01 01 DF 26 01 01 DF 27 01 00 DF EE 1E 08 D0 9C 20 F0 C2 0E 16 00 A8 28 
2026/9/14 14:40:43.315 [RX] - 56 69 56 4F 74 65 63 68 32 00 60 00 00 00 3D 35 00 00 00 00 00 00 00 00 00 00 00 00 00 00 00 00 00 00 00 00 00 00 00 00 00 00 00 00 00 00 00 00 00 00 00 00 00 00 00 00 00 00 00 00 00 00 00  

 --- 60-06 (9F33 = 60 F8 C8)

2026/9/14 14:40:43.853 [TX] - 56 69 56 4F 74 65 63 68 32 00 60 06 00 08 01 00 9F 33 03 60 F8 C8 4A 84 
2026/9/14 14:40:43.866 [RX] - 56 69 56 4F 74 65 63 68 32 00 60 05 00 00 D6 C5 00 00 00 00 00 00 00 00 00 00 00 00 00 00 00 00 00 00 00 00 00 00 00 00 00 00 00 00 00 00 00 00 00 00 00 00 00 00 00 00 00 00 00 00 00 00 00  

 --- 60-06 (9F35 = 22)

2026/9/14 14:40:44.406 [TX] - 56 69 56 4F 74 65 63 68 32 00 60 06 00 06 01 00 9F 35 01 22 4E FB 
2026/9/14 14:40:44.415 [RX] - 56 69 56 4F 74 65 63 68 32 00 60 05 00 00 D6 C5 00 00 00 00 00 00 00 00 00 00 00 00 00 00 00 00 00 00 00 00 00 00 00 00 00 00 00 00 00 00 00 00 00 00 00 00 00 00 00 00 00 00 00 00 00 00 00  

 --- 60-06 (9F40 = F0 00 F0 A0 01)

2026/9/14 14:40:44.952 [TX] - 56 69 56 4F 74 65 63 68 32 00 60 06 00 0A 01 00 9F 40 05 F0 00 F0 A0 01 3C 12 
2026/9/14 14:40:44.960 [RX] - 56 69 56 4F 74 65 63 68 32 00 60 05 00 00 D6 C5 00 00 00 00 00 00 00 00 00 00 00 00 00 00 00 00 00 00 00 00 00 00 00 00 00 00 00 00 00 00 00 00 00 00 00 00 00 00 00 00 00 00 00 00 00 00 00  

 --- 60-06 (DF11 = 00)

2026/9/14 14:40:45.488 [TX] - 56 69 56 4F 74 65 63 68 32 00 60 06 00 06 01 00 DF 11 01 00 F4 CB 
2026/9/14 14:40:45.497 [RX] - 56 69 56 4F 74 65 63 68 32 00 60 05 00 00 D6 C5 00 00 00 00 00 00 00 00 00 00 00 00 00 00 00 00 00 00 00 00 00 00 00 00 00 00 00 00 00 00 00 00 00 00 00 00 00 00 00 00 00 00 00 00 00 00 00  

 --- 60-06 (DF26 = 00)

2026/9/14 14:40:46.034 [TX] - 56 69 56 4F 74 65 63 68 32 00 60 06 00 06 01 00 DF 26 01 00 C1 8B 
2026/9/14 14:40:46.043 [RX] - 56 69 56 4F 74 65 63 68 32 00 60 05 00 00 D6 C5 00 00 00 00 00 00 00 00 00 00 00 00 00 00 00 00 00 00 00 00 00 00 00 00 00 00 00 00 00 00 00 00 00 00 00 00 00 00 00 00 00 00 00 00 00 00 00  

 --- 60-06 (DF27 = 01)

2026/9/14 14:40:46.565 [TX] - 56 69 56 4F 74 65 63 68 32 00 60 06 00 06 01 00 DF 27 01 01 D0 AC 
2026/9/14 14:40:46.574 [RX] - 56 69 56 4F 74 65 63 68 32 00 60 05 00 00 D6 C5 00 00 00 00 00 00 00 00 00 00 00 00 00 00 00 00 00 00 00 00 00 00 00 00 00 00 00 00 00 00 00 00 00 00 00 00 00 00 00 00 00 00 00 00 00 00 00  

 --- 60-06 (DFEE1E = F0 DC 3C F0 C2 9E 96 00)

2026/9/14 14:40:47.097 [TX] - 56 69 56 4F 74 65 63 68 32 00 60 06 00 0E 01 00 DF EE 1E 08 F0 DC 3C F0 C2 9E 96 00 3E 8C 
2026/9/14 14:40:47.106 [RX] - 56 69 56 4F 74 65 63 68 32 00 60 05 00 00 D6 C5 00 00 00 00 00 00 00 00 00 00 00 00 00 00 00 00 00 00 00 00 00 00 00 00 00 00 00 00 00 00 00 00 00 00 00 00 00 00 00 00 00 00 00 00 00 00 00  

 Result = PASSED
 ---------- END OF TEST ----------

 Result = PASSED
 

 MASTER RESULT = PASSED


Docklight Log File (HEX) - Stopped 2026/9/14 14:40:48.746 

