Docklight Log File (HEX) - Started 2026/10/1 14:40:01.768 
 TEST CASE: ULTR004

 --- Set POS COM PORT Settings
 Set POS COM PORT...
 POS operating on COM90 @ 115200 baud...
 Set POS COM PORT - COMPLETE


2026/10/1 14:40:03.045 [TX] - 56 69 56 4F 74 65 63 68 32 00 2C 01 00 01 00 0D 38 
2026/10/1 14:40:03.053 [RX] - 56 69 56 4F 74 65 63 68 32 00 2C 0C 00 00 69 FA 00 00 00 00 00 00 00 00 00 00 00 00 00 00 00 00 00 00 00 00 00 00 00 00 00 00 00 00 00 00 00 00 00 00 00 00 00 00 00 00 00 00 00 00 00 00 00  

 ---PT Start

2026/10/1 14:40:04.410 [TX] - 56 69 56 4F 74 65 63 68 32 00 2C 01 00 01 01 1D 19 
2026/10/1 14:40:04.424 [RX] - 56 69 56 4F 74 65 63 68 32 00 2C 00 00 00 1C 9B 00 00 00 00 00 00 00 00 00 00 00 00 00 00 00 00 00 00 00 00 00 00 00 00 00 00 00 00 00 00 00 00 00 00 00 00 00 00 00 00 00 00 00 00 00 00 00  

 ---Poll For Token

2026/10/1 14:40:04.440 [TX] - 56 69 56 4F 74 65 63 68 32 00 2C 02 00 02 0A 00 B1 E4 
2026/10/1 14:40:04.591 [RX] - 56 69 56 4F 74 65 63 68 32 00 2C 00 00 08 04 04 2B 6E 9A 67 34 80 D4 32 00 00 00 00 00 00 00 00 00 00 00 00 00 00 00 00 00 00 00 00 00 00 00 00 00 00 00 00 00 00 00 00 00 00 00 00 00 00 00  

 ---Write Block #2

2026/10/1 14:40:04.608 [TX] - 56 69 56 4F 74 65 63 68 32 00 2C 08 00 06 41 02 11 11 11 11 13 E9 
2026/10/1 14:40:04.620 [RX] - 56 69 56 4F 74 65 63 68 32 00 2C 00 00 00 1C 9B 00 00 00 00 00 00 00 00 00 00 00 00 00 00 00 00 00 00 00 00 00 00 00 00 00 00 00 00 00 00 00 00 00 00 00 00 00 00 00 00 00 00 00 00 00 00 00  

 ---Write Block #3

2026/10/1 14:40:04.641 [TX] - 56 69 56 4F 74 65 63 68 32 00 2C 08 00 06 41 03 11 11 11 11 B9 B8 
2026/10/1 14:40:04.657 [RX] - 56 69 56 4F 74 65 63 68 32 00 2C 00 00 00 1C 9B 00 00 00 00 00 00 00 00 00 00 00 00 00 00 00 00 00 00 00 00 00 00 00 00 00 00 00 00 00 00 00 00 00 00 00 00 00 00 00 00 00 00 00 00 00 00 00  

 ---Write Block #5

2026/10/1 14:40:04.676 [TX] - 56 69 56 4F 74 65 63 68 32 00 2C 08 00 06 41 05 00 00 00 00 5F 2F 
2026/10/1 14:40:04.688 [RX] - 56 69 56 4F 74 65 63 68 32 00 2C 00 00 00 1C 9B 00 00 00 00 00 00 00 00 00 00 00 00 00 00 00 00 00 00 00 00 00 00 00 00 00 00 00 00 00 00 00 00 00 00 00 00 00 00 00 00 00 00 00 00 00 00 00  

 ---Write Block #6

2026/10/1 14:40:04.716 [TX] - 56 69 56 4F 74 65 63 68 32 00 2C 08 00 06 41 06 00 00 00 00 B1 FD 
2026/10/1 14:40:04.729 [RX] - 56 69 56 4F 74 65 63 68 32 00 2C 00 00 00 1C 9B 00 00 00 00 00 00 00 00 00 00 00 00 00 00 00 00 00 00 00 00 00 00 00 00 00 00 00 00 00 00 00 00 00 00 00 00 00 00 00 00 00 00 00 00 00 00 00  

 ---Write Block #7

2026/10/1 14:40:04.758 [TX] - 56 69 56 4F 74 65 63 68 32 00 2C 08 00 06 41 07 00 00 00 00 1B AC 
2026/10/1 14:40:04.770 [RX] - 56 69 56 4F 74 65 63 68 32 00 2C 00 00 00 1C 9B 00 00 00 00 00 00 00 00 00 00 00 00 00 00 00 00 00 00 00 00 00 00 00 00 00 00 00 00 00 00 00 00 00 00 00 00 00 00 00 00 00 00 00 00 00 00 00  

 ---Write Block #9

2026/10/1 14:40:04.786 [TX] - 56 69 56 4F 74 65 63 68 32 00 2C 08 00 06 41 09 00 00 00 00 D4 04 
2026/10/1 14:40:04.798 [RX] - 56 69 56 4F 74 65 63 68 32 00 2C 00 00 00 1C 9B 00 00 00 00 00 00 00 00 00 00 00 00 00 00 00 00 00 00 00 00 00 00 00 00 00 00 00 00 00 00 00 00 00 00 00 00 00 00 00 00 00 00 00 00 00 00 00  

 ---Write Block #10

2026/10/1 14:40:04.821 [TX] - 56 69 56 4F 74 65 63 68 32 00 2C 08 00 06 41 0A 00 00 00 00 3A D6 
2026/10/1 14:40:04.832 [RX] - 56 69 56 4F 74 65 63 68 32 00 2C 00 00 00 1C 9B 00 00 00 00 00 00 00 00 00 00 00 00 00 00 00 00 00 00 00 00 00 00 00 00 00 00 00 00 00 00 00 00 00 00 00 00 00 00 00 00 00 00 00 00 00 00 00  

 ---Write Block #11

2026/10/1 14:40:04.865 [TX] - 56 69 56 4F 74 65 63 68 32 00 2C 08 00 06 41 0B 00 00 00 00 90 87 
2026/10/1 14:40:04.876 [RX] - 56 69 56 4F 74 65 63 68 32 00 2C 00 00 00 1C 9B 00 00 00 00 00 00 00 00 00 00 00 00 00 00 00 00 00 00 00 00 00 00 00 00 00 00 00 00 00 00 00 00 00 00 00 00 00 00 00 00 00 00 00 00 00 00 00  

 ---Write Block #13

2026/10/1 14:40:04.896 [TX] - 56 69 56 4F 74 65 63 68 32 00 2C 08 00 06 41 0D 00 00 00 00 5D 02 
2026/10/1 14:40:04.908 [RX] - 56 69 56 4F 74 65 63 68 32 00 2C 00 00 00 1C 9B 00 00 00 00 00 00 00 00 00 00 00 00 00 00 00 00 00 00 00 00 00 00 00 00 00 00 00 00 00 00 00 00 00 00 00 00 00 00 00 00 00 00 00 00 00 00 00  

 ---Write Block #14

2026/10/1 14:40:04.927 [TX] - 56 69 56 4F 74 65 63 68 32 00 2C 08 00 06 41 0E 00 00 00 00 B3 D0 
2026/10/1 14:40:04.940 [RX] - 56 69 56 4F 74 65 63 68 32 00 2C 00 00 00 1C 9B 00 00 00 00 00 00 00 00 00 00 00 00 00 00 00 00 00 00 00 00 00 00 00 00 00 00 00 00 00 00 00 00 00 00 00 00 00 00 00 00 00 00 00 00 00 00 00  

 ---Write Block #15

2026/10/1 14:40:04.959 [TX] - 56 69 56 4F 74 65 63 68 32 00 2C 08 00 06 41 0F 00 00 00 00 19 81 
2026/10/1 14:40:04.971 [RX] - 56 69 56 4F 74 65 63 68 32 00 2C 00 00 00 1C 9B 00 00 00 00 00 00 00 00 00 00 00 00 00 00 00 00 00 00 00 00 00 00 00 00 00 00 00 00 00 00 00 00 00 00 00 00 00 00 00 00 00 00 00 00 00 00 00  

 ---Write Block #17

2026/10/1 14:40:04.992 [TX] - 56 69 56 4F 74 65 63 68 32 00 2C 08 00 06 41 11 00 00 00 00 D2 73 
2026/10/1 14:40:05.004 [RX] - 56 69 56 4F 74 65 63 68 32 00 2C 00 00 00 1C 9B 00 00 00 00 00 00 00 00 00 00 00 00 00 00 00 00 00 00 00 00 00 00 00 00 00 00 00 00 00 00 00 00 00 00 00 00 00 00 00 00 00 00 00 00 00 00 00  

 ---Write Block #18

2026/10/1 14:40:05.022 [TX] - 56 69 56 4F 74 65 63 68 32 00 2C 08 00 06 41 12 00 00 00 00 3C A1 
2026/10/1 14:40:05.035 [RX] - 56 69 56 4F 74 65 63 68 32 00 2C 00 00 00 1C 9B 00 00 00 00 00 00 00 00 00 00 00 00 00 00 00 00 00 00 00 00 00 00 00 00 00 00 00 00 00 00 00 00 00 00 00 00 00 00 00 00 00 00 00 00 00 00 00  

 ---PT Stop

2026/10/1 14:40:05.054 [TX] - 56 69 56 4F 74 65 63 68 32 00 2C 01 00 01 00 0D 38 
2026/10/1 14:40:05.067 [RX] - 56 69 56 4F 74 65 63 68 32 00 2C 00 00 00 1C 9B 00 00 00 00 00 00 00 00 00 00 00 00 00 00 00 00 00 00 00 00 00 00 00 00 00 00 00 00 00 00 00 00 00 00 00 00 00 00 00 00 00 00 00 00 00 00 00  

 ---------- END OF TEST ----------

 Result = PASSED


Docklight Log File (HEX) - Stopped 2026/10/1 14:40:05.460 

