Docklight Log File (HEX) - Started 2026/8/10 13:12:48.461 
 TEST CASE: EDM04-1

 --- Set POS COM PORT Settings
 Set POS COM PORT...
 POS operating on COM90 @ 115200 baud...
 Set POS COM PORT - COMPLETE

 

 --- Poll on Demand

2026/8/10 13:12:49.797 [TX] - 56 69 56 4F 74 65 63 68 32 00 01 01 00 01 01 D7 34 
2026/8/10 13:12:49.810 [RX] - 56 69 56 4F 74 65 63 68 32 00 01 00 00 00 12 53 00 00 00 00 00 00 00 00 00 00 00 00 00 00 00 00 00 00 00 00 00 00 00 00 00 00 00 00 00 00 00 00 00 00 00 00 00 00 00 00 00 00 00 00 00 00 00  

 --- Burst mode Off

2026/8/10 13:12:50.334 [TX] - 56 69 56 4F 74 65 63 68 32 00 04 00 00 05 DF EE 7E 01 00 60 1E 
2026/8/10 13:12:50.388 [RX] - 56 69 56 4F 74 65 63 68 32 00 04 00 00 00 AE 16 00 00 00 00 00 00 00 00 00 00 00 00 00 00 00 00 00 00 00 00 00 00 00 00 00 00 00 00 00 00 00 00 00 00 00 00 00 00 00 00 00 00 00 00 00 00 00  

 --- 04-00-----DFEF4B = 64 T1+T1 Sentinel+PAN

2026/8/10 13:12:50.907 [TX] - 56 69 56 4F 74 65 63 68 32 00 04 00 00 07 DF EF 4B 03 64 00 00 A6 03 
2026/8/10 13:12:51.010 [RX] - 56 69 56 4F 74 65 63 68 32 00 04 00 00 00 AE 16 00 00 00 00 00 00 00 00 00 00 00 00 00 00 00 00 00 00 00 00 00 00 00 00 00 00 00 00 00 00 00 00 00 00 00 00 00 00 00 00 00 00 00 00 00 00 00  

 --- 02-40 Activate Transaction

2026/8/10 13:12:51.567 [TX] - 56 69 56 4F 74 65 63 68 32 00 02 40 00 15 0A 9F 02 06 00 00 00 00 10 00 9A 03 07 11 21 9F 21 03 10 15 20 5E 34 
2026/8/10 13:12:51.599 [RX] - 56 69 56 4F 74 65 63 68 32 00 02 63 00 00 4B B4 00 00 00 00 00 00 00 00 00 00 00 00 00 00 00 00 00 00 00 00 00 00 00 00 00 00 00 00 00 00 00 00 00 00 00 00 00 00 00 00 00 00 00 00 00 00 00 56 69 56 4F 74 65 63 68 32 00 02 00 01 9E 28 DF EE 25 02 00 11 DF EE 23 81 F4 02 EE 00 80 3F 4D 27 69 87 00 25 42 34 35 34 37 35 37 30 30 30 31 30 37 30 30 30 30 5E 4C 4C 49 42 52 45 20 52 4F 42 45 52 54 2D 47 55 49 4C 4C 45 52 4D 4F 20 5E 31 31 30 32 31 30 31 30 30 30 30 30 30 30 34 30 30 30 30 30 30 30 33 30 36 30 30 30 30 30 30 3F 2E 3B 34 35 34 37 35 37 30 30 30 31 30 37 30 30 30 30 3D 31 31 30 32 31 30 31 30 30 30 30 30 33 30 36 30 30 30 30 3F 38 3B 30 31 34 35 34 37 35 37 30 30 30 31 30 37 30 30 30 30 3D 37 39 37 38 30 30 30 30 30 30 30 30 30 30 30 30 30 30 30 33 30 31 39 30 31 38 30 34 30 32 30 30 30 31 31 30 32 34 3D 33 30 32 35 30 30 30 31 31 34 31 34 30 31 30 35 38 35 39 38 3D 3D 31 3D 30 30 30 30 30 30 32 36 30 30 30 30 30 30 30 30 30 30 30 30 3F 35 36 32 33 5A 30 30 30 33 37 34 76 FA 03 9F 39 01 90 FF EE 01 05 DF EE 30 01 0C DF EE 26 02 28 00 9F 02 06 00 00 00 00 10 00 9F 03 06 00 00 00 00 00 00 DF 5B 01 05 9A 03 26 08 10 9F 21 03 05 12 44 DF EF 4C 06 4C 00 00 10 00 00 DF EF 4D 5C 25 42 34 35 34 37 35 37 30 30 30 31 30 37 30 30 30 30 5E 4C 4C 49 42 52 45 20 52 4F 42 45 52 54 2D 47 55 49 4C 4C 45 52 4D 4F 20 5E 31 31 30 32 31 30 31 30 30 30 30 30 30 30 34 30 30 30 30 30 30 30 33 30 36 30 30 30 30 30 30 3F 34 35 34 37 35 37 30 30 30 31 30 37 30 30 30 30 CC 2E 00 00 00 00 00 00 00 00 00 00 00  

 --- 04-00-----DFEF4B = 52 T2+T2 Sentinel+PAN

2026/8/10 13:12:53.987 [TX] - 56 69 56 4F 74 65 63 68 32 00 04 00 00 07 DF EF 4B 03 52 00 00 A3 74 
2026/8/10 13:12:54.089 [RX] - 56 69 56 4F 74 65 63 68 32 00 04 00 00 00 AE 16 00 00 00 00 00 00 00 00 00 00 00 00 00 00 00 00 00 00 00 00 00 00 00 00 00 00 00 00 00 00 00 00 00 00 00 00 00 00 00 00 00 00 00 00 00 00 00  

 --- 02-40 Activate Transaction

2026/8/10 13:12:54.542 [TX] - 56 69 56 4F 74 65 63 68 32 00 02 40 00 15 0A 9F 02 06 00 00 00 00 10 00 9A 03 07 11 21 9F 21 03 10 15 20 5E 34 
2026/8/10 13:12:54.575 [RX] - 56 69 56 4F 74 65 63 68 32 00 02 63 00 00 4B B4 00 00 00 00 00 00 00 00 00 00 00 00 00 00 00 00 00 00 00 00 00 00 00 00 00 00 00 00 00 00 00 00 00 00 00 00 00 00 00 00 00 00 00 00 00 00 00 56 69 56 4F 74 65 63 68 32 00 02 00 01 78 28 DF EE 25 02 00 11 DF EE 23 81 F4 02 EE 00 80 3F 4D 27 69 87 00 25 42 34 35 34 37 35 37 30 30 30 31 30 37 30 30 30 30 5E 4C 4C 49 42 52 45 20 52 4F 42 45 52 54 2D 47 55 49 4C 4C 45 52 4D 4F 20 5E 31 31 30 32 31 30 31 30 30 30 30 30 30 30 34 30 30 30 30 30 30 30 33 30 36 30 30 30 30 30 30 3F 2E 3B 34 35 34 37 35 37 30 30 30 31 30 37 30 30 30 30 3D 31 31 30 32 31 30 31 30 30 30 30 30 33 30 36 30 30 30 30 3F 38 3B 30 31 34 35 34 37 35 37 30 30 30 31 30 37 30 30 30 30 3D 37 39 37 38 30 30 30 30 30 30 30 30 30 30 30 30 30 30 30 33 30 31 39 30 31 38 30 34 30 32 30 30 30 31 31 30 32 34 3D 33 30 32 35 30 30 30 31 31 34 31 34 30 31 30 35 38 35 39 38 3D 3D 31 3D 30 30 30 30 30 30 32 36 30 30 30 30 30 30 30 30 30 30 30 30 3F 35 36 32 33 5A 30 30 30 33 37 34 76 FA 03 9F 39 01 90 FF EE 01 05 DF EE 30 01 0C DF EE 26 02 28 00 9F 02 06 00 00 00 00 10 00 9F 03 06 00 00 00 00 00 00 DF 5B 01 05 9A 03 26 08 10 9F 21 03 05 12 47 DF EF 4C 06 00 26 00 10 00 00 DF EF 4D 36 3B 34 35 34 37 35 37 30 30 30 31 30 37 30 30 30 30 3D 31 31 30 32 31 30 31 30 30 30 30 30 33 30 36 30 30 30 30 3F 34 35 34 37 35 37 30 30 30 31 30 37 30 30 30 30 8F 1D 00 00 00 00 00 00 00 00 00 00 00 00 00 00 00 00 00 00 00 00 00 00 00 00 00 00 00 00 00 00 00 00 00 00 00 00 00 00 00 00 00 00 00 00 00 00 00 00 00  

 --- 04-00-----DFEF4B = 49 T3+T3 Sentinel+PAN

2026/8/10 13:12:56.427 [TX] - 56 69 56 4F 74 65 63 68 32 00 04 00 00 07 DF EF 4B 03 49 00 00 31 C7 
2026/8/10 13:12:56.601 [RX] - 56 69 56 4F 74 65 63 68 32 00 04 00 00 00 AE 16 00 00 00 00 00 00 00 00 00 00 00 00 00 00 00 00 00 00 00 00 00 00 00 00 00 00 00 00 00 00 00 00 00 00 00 00 00 00 00 00 00 00 00 00 00 00 00  

 --- 02-40 Activate Transaction

2026/8/10 13:12:57.119 [TX] - 56 69 56 4F 74 65 63 68 32 00 02 40 00 15 0A 9F 02 06 00 00 00 00 10 00 9A 03 07 11 21 9F 21 03 10 15 20 5E 34 
2026/8/10 13:12:57.150 [RX] - 56 69 56 4F 74 65 63 68 32 00 02 63 00 00 4B B4 00 00 00 00 00 00 00 00 00 00 00 00 00 00 00 00 00 00 00 00 00 00 00 00 00 00 00 00 00 00 00 00 00 00 00 00 00 00 00 00 00 00 00 00 00 00 00 56 69 56 4F 74 65 63 68 32 00 02 00 01 BA 28 DF EE 25 02 00 11 DF EE 23 81 F4 02 EE 00 80 3F 4D 27 69 87 00 25 42 34 35 34 37 35 37 30 30 30 31 30 37 30 30 30 30 5E 4C 4C 49 42 52 45 20 52 4F 42 45 52 54 2D 47 55 49 4C 4C 45 52 4D 4F 20 5E 31 31 30 32 31 30 31 30 30 30 30 30 30 30 34 30 30 30 30 30 30 30 33 30 36 30 30 30 30 30 30 3F 2E 3B 34 35 34 37 35 37 30 30 30 31 30 37 30 30 30 30 3D 31 31 30 32 31 30 31 30 30 30 30 30 33 30 36 30 30 30 30 3F 38 3B 30 31 34 35 34 37 35 37 30 30 30 31 30 37 30 30 30 30 3D 37 39 37 38 30 30 30 30 30 30 30 30 30 30 30 30 30 30 30 33 30 31 39 30 31 38 30 34 30 32 30 30 30 31 31 30 32 34 3D 33 30 32 35 30 30 30 31 31 34 31 34 30 31 30 35 38 35 39 38 3D 3D 31 3D 30 30 30 30 30 30 32 36 30 30 30 30 30 30 30 30 30 30 30 30 3F 35 36 32 33 5A 30 30 30 33 37 34 76 FA 03 9F 39 01 90 FF EE 01 05 DF EE 30 01 0C DF EE 26 02 28 00 9F 02 06 00 00 00 00 10 00 9F 03 06 00 00 00 00 00 00 DF 5B 01 05 9A 03 26 08 10 9F 21 03 05 12 49 DF EF 4C 06 00 00 68 10 00 00 DF EF 4D 78 3B 30 31 34 35 34 37 35 37 30 30 30 31 30 37 30 30 30 30 3D 37 39 37 38 30 30 30 30 30 30 30 30 30 30 30 30 30 30 30 33 30 31 39 30 31 38 30 34 30 32 30 30 30 31 31 30 32 34 3D 33 30 32 35 30 30 30 31 31 34 31 34 30 31 30 35 38 35 39 38 3D 3D 31 3D 30 30 30 30 30 30 32 36 30 30 30 30 30 30 30 30 30 30 30 30 3F 34 35 34 37 35 37 30 30 30 31 30 37 30 30 30 30 D1 D2 00 00 00 00 00 00 00 00 00 00 00 00 00 00 00 00 00 00 00 00 00 00 00 00 00 00 00 00 00 00 00 00 00 00 00 00 00 00 00 00 00 00 00 00 00 00  

 --- 04-00-----DFEF4B = 76 T1+T2+T1 Sentinel+T2 Sentinel+PAN

2026/8/10 13:12:59.026 [TX] - 56 69 56 4F 74 65 63 68 32 00 04 00 00 07 DF EF 4B 03 76 00 00 A5 2E 
2026/8/10 13:12:59.127 [RX] - 56 69 56 4F 74 65 63 68 32 00 04 00 00 00 AE 16 00 00 00 00 00 00 00 00 00 00 00 00 00 00 00 00 00 00 00 00 00 00 00 00 00 00 00 00 00 00 00 00 00 00 00 00 00 00 00 00 00 00 00 00 00 00 00  

 --- 02-40 Activate Transaction

2026/8/10 13:12:59.745 [TX] - 56 69 56 4F 74 65 63 68 32 00 02 40 00 15 0A 9F 02 06 00 00 00 00 10 00 9A 03 07 11 21 9F 21 03 10 15 20 5E 34 
2026/8/10 13:12:59.776 [RX] - 56 69 56 4F 74 65 63 68 32 00 02 63 00 00 4B B4 00 00 00 00 00 00 00 00 00 00 00 00 00 00 00 00 00 00 00 00 00 00 00 00 00 00 00 00 00 00 00 00 00 00 00 00 00 00 00 00 00 00 00 00 00 00 00 56 69 56 4F 74 65 63 68 32 00 02 00 01 C5 28 DF EE 25 02 00 11 DF EE 23 81 F4 02 EE 00 80 3F 4D 27 69 87 00 25 42 34 35 34 37 35 37 30 30 30 31 30 37 30 30 30 30 5E 4C 4C 49 42 52 45 20 52 4F 42 45 52 54 2D 47 55 49 4C 4C 45 52 4D 4F 20 5E 31 31 30 32 31 30 31 30 30 30 30 30 30 30 34 30 30 30 30 30 30 30 33 30 36 30 30 30 30 30 30 3F 2E 3B 34 35 34 37 35 37 30 30 30 31 30 37 30 30 30 30 3D 31 31 30 32 31 30 31 30 30 30 30 30 33 30 36 30 30 30 30 3F 38 3B 30 31 34 35 34 37 35 37 30 30 30 31 30 37 30 30 30 30 3D 37 39 37 38 30 30 30 30 30 30 30 30 30 30 30 30 30 30 30 33 30 31 39 30 31 38 30 34 30 32 30 30 30 31 31 30 32 34 3D 33 30 32 35 30 30 30 31 31 34 31 34 30 31 30 35 38 35 39 38 3D 3D 31 3D 30 30 30 30 30 30 32 36 30 30 30 30 30 30 30 30 30 30 30 30 3F 35 36 32 33 5A 30 30 30 33 37 34 76 FA 03 9F 39 01 90 FF EE 01 05 DF EE 30 01 0C DF EE 26 02 28 00 9F 02 06 00 00 00 00 10 00 9F 03 06 00 00 00 00 00 00 DF 5B 01 05 9A 03 26 08 10 9F 21 03 05 12 52 DF EF 4C 06 4C 26 00 10 00 00 DF EF 4D 81 82 25 42 34 35 34 37 35 37 30 30 30 31 30 37 30 30 30 30 5E 4C 4C 49 42 52 45 20 52 4F 42 45 52 54 2D 47 55 49 4C 4C 45 52 4D 4F 20 5E 31 31 30 32 31 30 31 30 30 30 30 30 30 30 34 30 30 30 30 30 30 30 33 30 36 30 30 30 30 30 30 3F 3B 34 35 34 37 35 37 30 30 30 31 30 37 30 30 30 30 3D 31 31 30 32 31 30 31 30 30 30 30 30 33 30 36 30 30 30 30 3F 34 35 34 37 35 37 30 30 30 31 30 37 30 30 30 30 D6 5D 00 00 00 00 00 00 00 00 00 00 00 00 00 00 00 00 00 00 00 00 00 00 00 00 00 00 00 00 00 00 00 00 00 00 00  

 --- 04-00-----DFEF4B = 6D T1+T3+T1 Sentinel+T3 Sentinel+PAN

2026/8/10 13:13:01.636 [TX] - 56 69 56 4F 74 65 63 68 32 00 04 00 00 07 DF EF 4B 03 6D 00 00 37 9D 
2026/8/10 13:13:01.738 [RX] - 56 69 56 4F 74 65 63 68 32 00 04 00 00 00 AE 16 00 00 00 00 00 00 00 00 00 00 00 00 00 00 00 00 00 00 00 00 00 00 00 00 00 00 00 00 00 00 00 00 00 00 00 00 00 00 00 00 00 00 00 00 00 00 00  

 --- 02-40 Activate Transaction

2026/8/10 13:13:02.255 [TX] - 56 69 56 4F 74 65 63 68 32 00 02 40 00 15 0A 9F 02 06 00 00 00 00 10 00 9A 03 07 11 21 9F 21 03 10 15 20 5E 34 
2026/8/10 13:13:02.286 [RX] - 56 69 56 4F 74 65 63 68 32 00 02 63 00 00 4B B4 00 00 00 00 00 00 00 00 00 00 00 00 00 00 00 00 00 00 00 00 00 00 00 00 00 00 00 00 00 00 00 00 00 00 00 00 00 00 00 00 00 00 00 00 00 00 00 56 69 56 4F 74 65 63 68 32 00 02 00 02 07 28 DF EE 25 02 00 11 DF EE 23 81 F4 02 EE 00 80 3F 4D 27 69 87 00 25 42 34 35 34 37 35 37 30 30 30 31 30 37 30 30 30 30 5E 4C 4C 49 42 52 45 20 52 4F 42 45 52 54 2D 47 55 49 4C 4C 45 52 4D 4F 20 5E 31 31 30 32 31 30 31 30 30 30 30 30 30 30 34 30 30 30 30 30 30 30 33 30 36 30 30 30 30 30 30 3F 2E 3B 34 35 34 37 35 37 30 30 30 31 30 37 30 30 30 30 3D 31 31 30 32 31 30 31 30 30 30 30 30 33 30 36 30 30 30 30 3F 38 3B 30 31 34 35 34 37 35 37 30 30 30 31 30 37 30 30 30 30 3D 37 39 37 38 30 30 30 30 30 30 30 30 30 30 30 30 30 30 30 33 30 31 39 30 31 38 30 34 30 32 30 30 30 31 31 30 32 34 3D 33 30 32 35 30 30 30 31 31 34 31 34 30 31 30 35 38 35 39 38 3D 3D 31 3D 30 30 30 30 30 30 32 36 30 30 30 30 30 30 30 30 30 30 30 30 3F 35 36 32 33 5A 30 30 30 33 37 34 76 FA 03 9F 39 01 90 FF EE 01 05 DF EE 30 01 0C DF EE 26 02 28 00 9F 02 06 00 00 00 00 10 00 9F 03 06 00 00 00 00 00 00 DF 5B 01 05 9A 03 26 08 10 9F 21 03 05 12 54 DF EF 4C 06 4C 00 68 10 00 00 DF EF 4D 81 C4 25 42 34 35 34 37 35 37 30 30 30 31 30 37 30 30 30 30 5E 4C 4C 49 42 52 45 20 52 4F 42 45 52 54 2D 47 55 49 4C 4C 45 52 4D 4F 20 5E 31 31 30 32 31 30 31 30 30 30 30 30 30 30 34 30 30 30 30 30 30 30 33 30 36 30 30 30 30 30 30 3F 3B 30 31 34 35 34 37 35 37 30 30 30 31 30 37 30 30 30 30 3D 37 39 37 38 30 30 30 30 30 30 30 30 30 30 30 30 30 30 30 33 30 31 39 30 31 38 30 34 30 32 30 30 30 31 31 30 32 34 3D 33 30 32 35 30 30 30 31 31 34 31 34 30 31 30 35 38 35 39 38 3D 3D 31 3D 30 30 30 30 30 30 32 36 30 30 30 30 30 30 30 30 30 30 30 30 3F 34 35 34 37 35 37 30 30 30 31 30 37 30 30 30 30 F0 92 00 00 00 00 00 00 00 00 00 00 00 00 00 00 00 00 00 00 00 00 00 00 00 00 00 00 00 00 00 00 00 00  

 --- 04-00-----DFEF4B = 5B T2+T3+T2 Sentinel+T3 Sentinel+PAN

2026/8/10 13:13:04.166 [TX] - 56 69 56 4F 74 65 63 68 32 00 04 00 00 07 DF EF 4B 03 5B 00 00 32 EA 
2026/8/10 13:13:04.267 [RX] - 56 69 56 4F 74 65 63 68 32 00 04 00 00 00 AE 16 00 00 00 00 00 00 00 00 00 00 00 00 00 00 00 00 00 00 00 00 00 00 00 00 00 00 00 00 00 00 00 00 00 00 00 00 00 00 00 00 00 00 00 00 00 00 00  

 --- 02-40 Activate Transaction

2026/8/10 13:13:04.926 [TX] - 56 69 56 4F 74 65 63 68 32 00 02 40 00 15 0A 9F 02 06 00 00 00 00 10 00 9A 03 07 11 21 9F 21 03 10 15 20 5E 34 
2026/8/10 13:13:04.958 [RX] - 56 69 56 4F 74 65 63 68 32 00 02 63 00 00 4B B4 00 00 00 00 00 00 00 00 00 00 00 00 00 00 00 00 00 00 00 00 00 00 00 00 00 00 00 00 00 00 00 00 00 00 00 00 00 00 00 00 00 00 00 00 00 00 00 56 69 56 4F 74 65 63 68 32 00 02 00 01 E1 28 DF EE 25 02 00 11 DF EE 23 81 F4 02 EE 00 80 3F 4D 27 69 87 00 25 42 34 35 34 37 35 37 30 30 30 31 30 37 30 30 30 30 5E 4C 4C 49 42 52 45 20 52 4F 42 45 52 54 2D 47 55 49 4C 4C 45 52 4D 4F 20 5E 31 31 30 32 31 30 31 30 30 30 30 30 30 30 34 30 30 30 30 30 30 30 33 30 36 30 30 30 30 30 30 3F 2E 3B 34 35 34 37 35 37 30 30 30 31 30 37 30 30 30 30 3D 31 31 30 32 31 30 31 30 30 30 30 30 33 30 36 30 30 30 30 3F 38 3B 30 31 34 35 34 37 35 37 30 30 30 31 30 37 30 30 30 30 3D 37 39 37 38 30 30 30 30 30 30 30 30 30 30 30 30 30 30 30 33 30 31 39 30 31 38 30 34 30 32 30 30 30 31 31 30 32 34 3D 33 30 32 35 30 30 30 31 31 34 31 34 30 31 30 35 38 35 39 38 3D 3D 31 3D 30 30 30 30 30 30 32 36 30 30 30 30 30 30 30 30 30 30 30 30 3F 35 36 32 33 5A 30 30 30 33 37 34 76 FA 03 9F 39 01 90 FF EE 01 05 DF EE 30 01 0C DF EE 26 02 28 00 9F 02 06 00 00 00 00 10 00 9F 03 06 00 00 00 00 00 00 DF 5B 01 05 9A 03 26 08 10 9F 21 03 05 12 57 DF EF 4C 06 00 26 68 10 00 00 DF EF 4D 81 9E 3B 34 35 34 37 35 37 30 30 30 31 30 37 30 30 30 30 3D 31 31 30 32 31 30 31 30 30 30 30 30 33 30 36 30 30 30 30 3F 3B 30 31 34 35 34 37 35 37 30 30 30 31 30 37 30 30 30 30 3D 37 39 37 38 30 30 30 30 30 30 30 30 30 30 30 30 30 30 30 33 30 31 39 30 31 38 30 34 30 32 30 30 30 31 31 30 32 34 3D 33 30 32 35 30 30 30 31 31 34 31 34 30 31 30 35 38 35 39 38 3D 3D 31 3D 30 30 30 30 30 30 32 36 30 30 30 30 30 30 30 30 30 30 30 30 3F 34 35 34 37 35 37 30 30 30 31 30 37 30 30 30 30 DB CF 00 00 00 00 00 00 00  

 --- 04-00-----DFEF4B = 7F T1+T2+T3+T1 Sentinel+T2 Sentinel+T3 Sentinel+PAN

2026/8/10 13:13:06.902 [TX] - 56 69 56 4F 74 65 63 68 32 00 04 00 00 07 DF EF 4B 03 7F 00 00 34 B0 
2026/8/10 13:13:07.026 [RX] - 56 69 56 4F 74 65 63 68 32 00 04 00 00 00 AE 16 00 00 00 00 00 00 00 00 00 00 00 00 00 00 00 00 00 00 00 00 00 00 00 00 00 00 00 00 00 00 00 00 00 00 00 00 00 00 00 00 00 00 00 00 00 00 00  

 --- 02-40 Activate Transaction

2026/8/10 13:13:07.567 [TX] - 56 69 56 4F 74 65 63 68 32 00 02 40 00 15 0A 9F 02 06 00 00 00 00 10 00 9A 03 07 11 21 9F 21 03 10 15 20 5E 34 
2026/8/10 13:13:07.598 [RX] - 56 69 56 4F 74 65 63 68 32 00 02 63 00 00 4B B4 00 00 00 00 00 00 00 00 00 00 00 00 00 00 00 00 00 00 00 00 00 00 00 00 00 00 00 00 00 00 00 00 00 00 00 00 00 00 00 00 00 00 00 00 00 00 00 56 69 56 4F 74 65 63 68 32 00 02 00 02 2D 28 DF EE 25 02 00 11 DF EE 23 81 F4 02 EE 00 80 3F 4D 27 69 87 00 25 42 34 35 34 37 35 37 30 30 30 31 30 37 30 30 30 30 5E 4C 4C 49 42 52 45 20 52 4F 42 45 52 54 2D 47 55 49 4C 4C 45 52 4D 4F 20 5E 31 31 30 32 31 30 31 30 30 30 30 30 30 30 34 30 30 30 30 30 30 30 33 30 36 30 30 30 30 30 30 3F 2E 3B 34 35 34 37 35 37 30 30 30 31 30 37 30 30 30 30 3D 31 31 30 32 31 30 31 30 30 30 30 30 33 30 36 30 30 30 30 3F 38 3B 30 31 34 35 34 37 35 37 30 30 30 31 30 37 30 30 30 30 3D 37 39 37 38 30 30 30 30 30 30 30 30 30 30 30 30 30 30 30 33 30 31 39 30 31 38 30 34 30 32 30 30 30 31 31 30 32 34 3D 33 30 32 35 30 30 30 31 31 34 31 34 30 31 30 35 38 35 39 38 3D 3D 31 3D 30 30 30 30 30 30 32 36 30 30 30 30 30 30 30 30 30 30 30 30 3F 35 36 32 33 5A 30 30 30 33 37 34 76 FA 03 9F 39 01 90 FF EE 01 05 DF EE 30 01 0C DF EE 26 02 28 00 9F 02 06 00 00 00 00 10 00 9F 03 06 00 00 00 00 00 00 DF 5B 01 05 9A 03 26 08 10 9F 21 03 05 12 59 DF EF 4C 06 4C 26 68 10 00 00 DF EF 4D 81 EA 25 42 34 35 34 37 35 37 30 30 30 31 30 37 30 30 30 30 5E 4C 4C 49 42 52 45 20 52 4F 42 45 52 54 2D 47 55 49 4C 4C 45 52 4D 4F 20 5E 31 31 30 32 31 30 31 30 30 30 30 30 30 30 34 30 30 30 30 30 30 30 33 30 36 30 30 30 30 30 30 3F 3B 34 35 34 37 35 37 30 30 30 31 30 37 30 30 30 30 3D 31 31 30 32 31 30 31 30 30 30 30 30 33 30 36 30 30 30 30 3F 3B 30 31 34 35 34 37 35 37 30 30 30 31 30 37 30 30 30 30 3D 37 39 37 38 30 30 30 30 30 30 30 30 30 30 30 30 30 30 30 33 30 31 39 30 31 38 30 34 30 32 30 30 30 31 31 30 32 34 3D 33 30 32 35 30 30 30 31 31 34 31 34 30 31 30 35 38 35 39 38 3D 3D 31 3D 30 30 30 30 30 30 32 36 30 30 30 30 30 30 30 30 30 30 30 30 3F 34 35 34 37 35 37 30 30 30 31 30 37 30 30 30 30 8C 6C 00 00 00 00 00 00 00 00 00 00 00 00 00 00 00 00 00 00 00 00 00 00 00 00 00 00 00 00 00 00 00 00 00 00 00 00 00 00 00 00 00 00 00 00 00 00 00 00 00 00 00 00 00 00 00 00 00  
---------- END OF TEST ----------

 Result = PASSED
 

 MASTER RESULT = PASSED


Docklight Log File (HEX) - Stopped 2026/8/10 13:13:09.571 

