Docklight Log File (HEX) - Started 2026/9/1 15:55:42.415 
 TEST CASE: applepay7-3-T

 --- Set POS COM PORT Settings
 Set POS COM PORT...
 POS operating on COM90 @ 115200 baud...
 Set POS COM PORT - COMPLETE

 

 --- Burst OFF *** NEO2

2026/9/1 15:55:45.655 [TX] - 56 69 56 4F 74 65 63 68 32 00 04 00 00 05 DF EE 7E 01 00 60 1E 
2026/9/1 15:55:45.714 [RX] - 56 69 56 4F 74 65 63 68 32 00 04 00 00 00 AE 16 00 00 00 00 00 00 00 00 00 00 00 00 00 00 00 00 00 00 00 00 00 00 00 00 00 00 00 00 00 00 00 00 00 00 00 00 00 00 00 00 00 00 00 00 00 00 00  

 --- Poll On Demand

2026/9/1 15:55:46.235 [TX] - 56 69 56 4F 74 65 63 68 32 00 01 01 00 01 01 D7 34 
2026/9/1 15:55:46.246 [RX] - 56 69 56 4F 74 65 63 68 32 00 01 00 00 00 12 53 00 00 00 00 00 00 00 00 00 00 00 00 00 00 00 00 00 00 00 00 00 00 00 00 00 00 00 00 00 00 00 00 00 00 00 00 00 00 00 00 00 00 00 00 00 00 00  

 --- Set Merchant 4 - pass.com.apple.wallet.dev_Panera

2026/9/1 15:55:46.258 [TX] - 56 69 56 4F 74 65 63 68 32 00 04 11 00 63 04 01 06 41 3B 95 7A 52 59 98 3B 60 8C FC 89 CF B1 DA B9 0C E7 05 AD 8E FF 78 E9 DE 12 2C CF 8D 2C BF 00 00 00 00 00 00 00 00 00 00 00 00 00 00 00 00 00 00 00 00 00 00 00 00 00 00 00 00 00 00 00 00 00 00 00 00 00 00 00 00 00 00 00 00 00 00 00 00 00 00 00 00 00 00 00 00 00 00 00 00 00 00 00 00 00 E7 6F 
2026/9/1 15:55:46.340 [RX] - 56 69 56 4F 74 65 63 68 32 00 04 00 00 00 AE 16 00 00 00 00 00 00 00 00 00 00 00 00 00 00 00 00 00 00 00 00 00 00 00 00 00 00 00 00 00 00 00 00 00 00 00 00 00 00 00 00 00 00 00 00 00 00 00  

 --- Get FW ver (29-00)

2026/9/1 15:55:46.879 [TX] - 56 69 56 4F 74 65 63 68 32 00 29 00 00 00 DE A0 
2026/9/1 15:55:46.884 [RX] - 56 69 56 4F 74 65 63 68 32 00 29 00 00 1A 56 50 36 33 32 38 20 46 57 20 76 31 2E 30 30 2E 31 37 39 2E 32 36 33 33 2E 54 92 B2 00 00 00 00 00 00 00 00 00 00 00 00 00 00 00 00 00 00 00 00 00  

 --- 02-40 ACT - VAS Only 

2026/9/1 15:55:49.370 [TX] - 56 69 56 4F 74 65 63 68 32 00 02 40 00 2A 30 9F 02 06 00 00 00 00 00 01 9C 01 00 FF EE 06 19 9F 22 02 01 00 9F 26 04 00 00 00 02 9F 2B 05 01 00 00 00 00 DF EE 01 01 01 0B 6E 
2026/9/1 15:55:50.517 [RX] - 56 69 56 4F 74 65 63 68 32 00 02 0A 00 2B E1 DF EE 26 02 E1 00 FF EE 06 13 9A 03 22 01 05 9F 21 03 14 22 36 DF EE 02 04 82 6A 83 0C 9F 39 01 07 FF EE 01 05 DF EE 30 01 00 A3 F3 00 00 00 00  
** FAIL **
 

 --- 02-40 ACT - VAS OR Pay 

2026/9/1 15:55:59.581 [TX] - 56 69 56 4F 74 65 63 68 32 00 02 40 00 2A 30 9F 02 06 00 00 00 00 00 01 9C 01 00 FF EE 06 19 9F 22 02 01 00 9F 26 04 00 00 00 00 9F 2B 05 01 00 00 00 00 DF EE 01 01 01 C9 98 
2026/9/1 15:56:00.797 [RX] - 56 69 56 4F 74 65 63 68 32 00 02 23 02 18 E1 DF EE 26 02 E1 00 DF EE 12 0A FF FF FF 02 00 1C 38 60 00 4E DF 81 16 16 17 04 00 00 0D 00 00 00 00 00 00 00 00 00 00 00 00 00 00 00 00 00 DF 81 29 08 30 F0 F0 30 A0 F0 FF 00 FF 81 05 82 01 67 4F 07 A0 00 00 00 03 10 10 50 04 56 49 53 41 57 A1 13 48 31 CC CC CC CC 59 73 D2 81 2C CC CC CC CC CC CC CC CC 57 C1 18 53 50 67 35 47 2A B8 4B 47 C0 6C AF D6 5D 76 D8 A3 A5 DB BA AE 0A B9 A0 5A A1 08 48 31 CC CC CC CC 59 73 5A C1 10 30 91 47 4D 58 2F 08 91 35 88 9B 8B 68 08 3A 87 82 02 00 60 84 07 A0 00 00 00 03 10 10 95 05 00 00 00 00 00 9A 03 22 01 05 9C 01 00 5F 28 02 07 02 5F 2A 02 08 40 5F 34 01 00 5F 36 01 02 9F 02 06 00 00 00 00 00 01 9F 06 07 A0 00 00 00 03 10 10 9F 10 20 1F 42 03 32 A0 00 00 00 00 10 03 02 73 00 00 00 00 40 00 00 00 00 00 00 00 00 00 00 00 00 00 00 9F 1A 02 08 40 9F 1B 04 00 00 1F 40 9F 1E 08 33 5A 30 30 30 36 30 34 9F 21 03 14 22 45 9F 24 1D 56 30 30 31 30 30 31 33 30 31 36 31 38 33 31 31 33 34 38 39 37 31 33 35 33 36 32 34 32 9F 26 08 E5 23 93 4D C9 B1 E9 42 9F 27 01 80 9F 33 03 E0 08 40 9F 34 03 24 03 02 9F 35 01 15 9F 36 02 07 9C 9F 37 04 AA 0E 95 20 9F 39 01 07 9F 40 05 80 00 00 00 00 9F 41 04 00 00 00 18 9F 5A 05 40 07 02 07 02 9F 66 04 30 00 C0 00 9F 6C 02 00 80 9F 6E 04 23 88 00 00 DF 81 26 06 00 00 00 00 60 00 DF EE 5B 01 05 DF 81 16 16 1B FF 00 00 13 00 00 00 00 00 00 00 00 00 00 00 00 00 00 00 00 00 96 08 03 00 00 00 00 00 00 00 DF EE 4C 01 06 DF EC 1C 1E 08 08 00 01 FF 00 1B 00 00 00 13 FF 00 00 00 00 00 00 00 00 00 00 00 00 00 00 00 00 FF 00 DF EF 4C 06 00 00 00 00 00 00 DF EF 4D 00 FF EE 06 13 9A 03 22 01 05 9F 21 03 14 22 45 DF EE 02 04 82 6A 83 0C AD 22 00 00 00 00 00 00 00 00 00 00 00 00 00 00 00  

 --- 02-40 ACT - VAS AND Pay 

2026/9/1 15:56:02.701 [TX] - 56 69 56 4F 74 65 63 68 32 00 02 40 00 2A 30 9F 02 06 00 00 00 00 00 01 9C 01 00 FF EE 06 19 9F 22 02 01 00 9F 26 04 00 00 00 01 9F 2B 05 01 00 00 00 00 DF EE 01 01 01 A8 E3 
2026/9/1 15:56:04.165 [RX] - 56 69 56 4F 74 65 63 68 32 00 02 23 02 18 E1 DF EE 26 02 E1 00 DF EE 12 0A FF FF FF 02 00 1C 38 60 00 4F DF 81 16 16 17 04 00 00 0D 00 00 00 00 00 00 00 00 00 00 00 00 00 00 00 00 00 DF 81 29 08 30 F0 F0 30 A0 F0 FF 00 FF 81 05 82 01 67 4F 07 A0 00 00 00 03 10 10 50 04 56 49 53 41 57 A1 13 48 31 CC CC CC CC 59 73 D2 81 2C CC CC CC CC CC CC CC CC 57 C1 18 56 A7 CA 0B 45 2E 3B 97 3B BA FF 18 EB 81 47 38 2C B8 2A 0E 2E DE 91 FE 5A A1 08 48 31 CC CC CC CC 59 73 5A C1 10 B9 8F 56 AD D4 C9 84 78 10 38 68 15 59 C5 44 48 82 02 00 60 84 07 A0 00 00 00 03 10 10 95 05 00 00 00 00 00 9A 03 22 01 05 9C 01 00 5F 28 02 07 02 5F 2A 02 08 40 5F 34 01 00 5F 36 01 02 9F 02 06 00 00 00 00 00 01 9F 06 07 A0 00 00 00 03 10 10 9F 10 20 1F 42 03 32 A0 00 00 00 00 10 03 02 73 00 00 00 00 40 00 00 00 00 00 00 00 00 00 00 00 00 00 00 9F 1A 02 08 40 9F 1B 04 00 00 1F 40 9F 1E 08 33 5A 30 30 30 36 30 34 9F 21 03 14 22 49 9F 24 1D 56 30 30 31 30 30 31 33 30 31 36 31 38 33 31 31 33 34 38 39 37 31 33 35 33 36 32 34 32 9F 26 08 89 0B 5B 8B A5 4C 97 1D 9F 27 01 80 9F 33 03 E0 08 40 9F 34 03 24 03 02 9F 35 01 15 9F 36 02 07 9D 9F 37 04 BF A2 62 E0 9F 39 01 07 9F 40 05 80 00 00 00 00 9F 41 04 00 00 00 19 9F 5A 05 40 07 02 07 02 9F 66 04 30 00 C0 00 9F 6C 02 00 80 9F 6E 04 23 88 00 00 DF 81 26 06 00 00 00 00 60 00 DF EE 5B 01 05 DF 81 16 16 1B FF 00 00 13 00 00 00 00 00 00 00 00 00 00 00 00 00 00 00 00 00 96 08 03 00 00 00 00 00 00 00 DF EE 4C 01 06 DF EC 1C 1E 08 08 00 01 FF 00 1B 00 00 00 13 FF 00 00 00 00 00 00 00 00 00 00 00 00 00 00 00 00 FF 00 DF EF 4C 06 00 00 00 00 00 00 DF EF 4D 00 FF EE 06 13 9A 03 22 01 05 9F 21 03 14 22 49 DF EE 02 04 82 6A 83 0C 8A 61 00 00 00 00 00 00 00 00 00 00 00 00 00 00 00  

 --- 02-40 ACT - Pay Only 

2026/9/1 15:56:06.589 [TX] - 56 69 56 4F 74 65 63 68 32 00 02 40 00 2A 30 9F 02 06 00 00 00 00 00 01 9C 01 00 FF EE 06 19 9F 22 02 01 00 9F 26 04 00 00 00 03 9F 2B 05 01 00 00 00 00 DF EE 01 01 01 6A 15 
2026/9/1 15:56:07.724 [RX] - 56 69 56 4F 74 65 63 68 32 00 02 23 02 01 E1 DF EE 26 02 E1 00 DF EE 12 0A FF FF FF 02 00 1C 38 60 00 50 DF 81 16 16 17 04 00 00 0D 00 00 00 00 00 00 00 00 00 00 00 00 00 00 00 00 00 DF 81 29 08 30 F0 F0 30 A0 F0 FF 00 FF 81 05 82 01 67 4F 07 A0 00 00 00 03 10 10 50 04 56 49 53 41 57 A1 13 48 31 CC CC CC CC 59 73 D2 81 2C CC CC CC CC CC CC CC CC 57 C1 18 EE 72 C0 81 9B 24 72 51 C2 50 8D 4F 94 82 F4 22 3A D8 DF 60 DB DC 2A 2F 5A A1 08 48 31 CC CC CC CC 59 73 5A C1 10 5A 4B EF 75 51 64 92 03 D3 D6 01 AC C4 7C 46 46 82 02 00 60 84 07 A0 00 00 00 03 10 10 95 05 00 00 00 00 00 9A 03 22 01 05 9C 01 00 5F 28 02 07 02 5F 2A 02 08 40 5F 34 01 00 5F 36 01 02 9F 02 06 00 00 00 00 00 01 9F 06 07 A0 00 00 00 03 10 10 9F 10 20 1F 42 03 32 A0 00 00 00 00 10 03 02 73 00 00 00 00 40 00 00 00 00 00 00 00 00 00 00 00 00 00 00 9F 1A 02 08 40 9F 1B 04 00 00 1F 40 9F 1E 08 33 5A 30 30 30 36 30 34 9F 21 03 14 22 52 9F 24 1D 56 30 30 31 30 30 31 33 30 31 36 31 38 33 31 31 33 34 38 39 37 31 33 35 33 36 32 34 32 9F 26 08 66 71 C7 1C 24 1C DC 6F 9F 27 01 80 9F 33 03 E0 08 40 9F 34 03 24 03 02 9F 35 01 15 9F 36 02 07 9E 9F 37 04 8E F0 1D C4 9F 39 01 07 9F 40 05 80 00 00 00 00 9F 41 04 00 00 00 20 9F 5A 05 40 07 02 07 02 9F 66 04 30 00 C0 00 9F 6C 02 00 80 9F 6E 04 23 88 00 00 DF 81 26 06 00 00 00 00 60 00 DF EE 5B 01 05 DF 81 16 16 1B FF 00 00 13 00 00 00 00 00 00 00 00 00 00 00 00 00 00 00 00 00 96 08 03 00 00 00 00 00 00 00 DF EE 4C 01 06 DF EC 1C 1E 08 08 00 01 FF 00 1B 00 00 00 13 FF 00 00 00 00 00 00 00 00 00 00 00 00 00 00 00 00 FF 00 DF EF 4C 06 00 00 00 00 00 00 DF EF 4D 00 2F 7D 00 00 00 00 00 00 00 00 00 00 00 00 00 00 00 00 00 00 00 00 00 00 00 00 00 00 00 00 00 00 00 00 00 00 00 00 00 00  

 ---------- END OF TEST ----------

 Result = FAILED


Docklight Log File (HEX) - Stopped 2026/9/1 15:56:07.843 

