Docklight Log File (HEX) - Started 2026/8/12 14:19:18.340 
 TEST CASE: USAT017-3

 --- Set POS COM PORT Settings
 Set POS COM PORT...
 POS operating on COM90 @ 115200 baud...
 Set POS COM PORT - COMPLETE


2026/8/12 14:19:20.943 [TX] - 56 69 56 4F 74 65 63 68 32 00 04 0A 00 00 D7 69 
2026/8/12 14:19:21.206 [RX] - 56 69 56 4F 74 65 63 68 32 00 04 00 00 00 AE 16 00 00 00 00 00 00 00 00 00 00 00 00 00 00 00 00 00 00 00 00 00 00 00 00 00 00 00 00 00 00 00 00 00 00 00 00 00 00 00 00 00 00 00 00 00 00 00  --- DFEE44

2026/8/12 14:19:42.661 [TX] - 56 69 56 4F 74 65 63 68 32 00 04 00 00 06 DF EE 44 02 9D FF 28 26 
2026/8/12 14:19:42.770 [RX] - 56 69 56 4F 74 65 63 68 32 00 04 00 00 00 AE 16 00 00 00 00 00 00 00 00 00 00 00 00 00 00 00 00 00 00 00 00 00 00 00 00 00 00 00 00 00 00 00 00 00 00 00 00 00 00 00 00 00 00 00 00 00 00 00  

 --- SmartTap case 0.1 *** NEO2

2026/8/12 14:19:43.299 [TX] - 56 69 56 4F 74 65 63 68 32 00 04 03 00 3F DF EE 2D 01 8E DF EE 3B 04 00 BC 61 4E DF EE 3C 00 DF EE 3D 00 DF EF 25 00 DF ED 01 00 DF ED 02 05 00 00 00 00 01 DF ED 03 01 00 DF ED 04 01 01 DF ED 05 01 01 DF ED 06 01 00 DF ED 07 01 00 5A F0 
2026/8/12 14:19:43.353 [RX] - 56 69 56 4F 74 65 63 68 32 00 04 00 00 00 AE 16 00 00 00 00 00 00 00 00 00 00 00 00 00 00 00 00 00 00 00 00 00 00 00 00 00 00 00 00 00 00 00 00 00 00 00 00 00 00 00 00 00 00 00 00 00 00 00  

 --- Burst OFF mode

2026/8/12 14:19:43.894 [TX] - 56 69 56 4F 74 65 63 68 32 00 04 00 00 05 DF EE 7E 01 00 60 1E 
2026/8/12 14:19:43.953 [RX] - 56 69 56 4F 74 65 63 68 32 00 04 00 00 00 AE 16 00 00 00 00 00 00 00 00 00 00 00 00 00 00 00 00 00 00 00 00 00 00 00 00 00 00 00 00 00 00 00 00 00 00 00 00 00 00 00 00 00 00 00 00 00 00 00  

 --- Get Data Encryption (C7-37)

2026/8/12 14:19:43.977 [TX] - 56 69 56 4F 74 65 63 68 32 00 C7 37 00 00 5B C6 
2026/8/12 14:19:44.044 [RX] - 56 69 56 4F 74 65 63 68 32 00 C7 00 00 01 03 9C 1C 00 00 00 00 00 00 00 00 00 00 00 00 00 00 00 00 00 00 00 00 00 00 00 00 00 00 00 00 00 00 00 00 00 00 00 00 00 00 00 00 00 00 00 00 00 00  
------------------------------------------------------------Enc ON w/ key (AES), DFEF7A = 00/ 01
 

 --- Get account DUKPT encryption type (C7-33)

2026/8/12 14:19:44.589 [TX] - 56 69 56 4F 74 65 63 68 32 00 C7 33 00 00 9B 1A 
2026/8/12 14:19:44.602 [RX] - 56 69 56 4F 74 65 63 68 32 00 C7 0B 00 00 76 9F 00 00 00 00 00 00 00 00 00 00 00 00 00 00 00 00 00 00 00 00 00 00 00 00 00 00 00 00 00 00 00 00 00 00 00 00 00 00 00 00 00 00 00 00 00 00 00  

 --- Poll on demand

2026/8/12 14:19:46.621 [TX] - 56 69 56 4F 74 65 63 68 32 00 01 01 00 01 01 D7 34 
2026/8/12 14:19:46.634 [RX] - 56 69 56 4F 74 65 63 68 32 00 01 00 00 00 12 53 00 00 00 00 00 00 00 00 00 00 00 00 00 00 00 00 00 00 00 00 00 00 00 00 00 00 00 00 00 00 00 00 00 00 00 00 00 00 00 00 00 00 00 00 00 00 00  

 --- 04-00 w/ DFEF7A = 00 >>>>>>>>>>>>>>>>>>>>>>>>>>>>>>>>>>>>>>>>>>>>>>>>

2026/8/12 14:19:47.172 [TX] - 56 69 56 4F 74 65 63 68 32 00 04 00 00 05 DF EF 7A 01 00 14 B4 
2026/8/12 14:19:47.229 [RX] - 56 69 56 4F 74 65 63 68 32 00 04 00 00 00 AE 16 00 00 00 00 00 00 00 00 00 00 00 00 00 00 00 00 00 00 00 00 00 00 00 00 00 00 00 00 00 00 00 00 00 00 00 00 00 00 00 00 00 00 00 00 00 00 00  

 --- 02-40 (tap Phone (AndroidPay))

2026/8/12 14:19:48.358 [TX] - 56 69 56 4F 74 65 63 68 32 00 02 40 00 1F 0A 9F 02 06 00 00 00 00 10 00 9A 03 07 11 21 9F 21 03 10 15 20 DF EF 7A 01 01 DF EF 37 01 02 22 21 
2026/8/12 14:19:54.048 [RX] - 56 69 56 4F 74 65 63 68 32 00 02 23 01 E1 E1 DF EE 26 02 E1 00 DF EE 12 0A FF FF FF 02 00 1B AB E0 00 0B DF 81 16 16 17 04 00 00 0D 00 00 00 00 00 00 00 00 00 00 00 00 00 00 00 00 00 DF 81 29 08 30 F0 F0 30 A0 F0 FF 00 FF 81 05 82 01 50 4F 07 A0 00 00 00 03 10 10 50 0B 56 69 73 61 20 43 72 65 64 69 74 57 A1 13 49 21 CC CC CC CC 62 70 D2 80 4C CC CC CC CC CC CC CC CC 57 C1 18 2A ED 1B 1A 09 15 DD 88 4A 80 7F 8E D8 58 5C 69 CB 13 32 47 59 F3 69 AF 5A A1 08 49 21 CC CC CC CC 62 70 5A C1 10 06 85 CB 09 66 A4 C2 16 DD 95 FB 16 55 DD EE 6F 82 02 00 40 84 07 A0 00 00 00 03 10 10 95 05 00 00 00 00 00 9A 03 07 11 21 5F 28 02 01 58 5F 2A 02 08 40 5F 2D 02 7A 68 5F 34 01 00 5F 36 01 02 9F 02 06 00 00 00 00 10 00 9F 06 07 A0 00 00 00 03 10 10 9F 10 20 1F 43 FE 51 20 00 00 00 00 00 00 00 00 06 53 59 01 00 00 00 00 00 00 00 00 00 00 00 00 00 00 00 9F 1A 02 08 40 9F 1B 04 00 00 1F 40 9F 1E 08 33 5A 30 30 30 36 30 34 9F 21 03 10 15 20 9F 26 08 D9 D0 BC 89 D3 36 2E 1E 9F 27 01 80 9F 33 03 E0 08 40 9F 34 03 24 03 02 9F 35 01 15 9F 36 02 05 59 9F 37 04 AE 48 C3 4E 9F 39 01 07 9F 40 05 80 00 00 00 00 9F 41 04 00 00 00 01 9F 5A 05 40 01 58 01 58 9F 66 04 30 00 C0 00 9F 6C 02 01 80 9F 6E 04 23 8C 00 00 DF 81 26 06 00 00 00 00 60 00 DF EE 5B 01 05 DF 81 16 16 1B FF 00 00 13 7A 68 00 00 00 00 00 00 00 00 00 00 00 00 00 00 00 96 08 03 00 00 00 00 00 00 00 DF EE 4C 01 06 DF EC 1C 1E 08 08 00 01 FF 00 1B 00 00 00 13 FF 00 00 00 00 00 00 00 00 7A 68 00 00 00 00 00 00 FF 00 DF EF 7B  --> DFEF7B 01 02 81 9B 00 00 00 00 00 00 00  

 --- 02-40 VAS Only (tap Phone (SmartTap case 0.1))

2026/8/12 14:19:56.068 [TX] - 56 69 56 4F 74 65 63 68 32 00 02 40 00 25 30 9F 02 06 00 00 00 00 00 01 9C 01 00 FF EE 08 0A DF EF 1A 01 02 DF ED 28 01 00 DF EF 7A 01 01 DF EF 37 01 02 B8 F8 
2026/8/12 14:19:58.116 [RX] - 56 69 56 4F 74 65 63 68 32 00 02 57 00 83 E1 DF EE 26 02 E1 00 FF EE 08 66 DF EF 76 62 94 03 2F 61 73 76 94 01 06 69 04 02 71 79 79 71 54 03 1F 63 75 73 94 03 06 63 69 64 04 12 34 56 78 90 19 01 03 03 54 63 70 6C 00 65 6E 54 03 02 63 75 74 04 7B 54 03 27 61 73 76 94 01 05 69 05 01 F7 97 98 54 02 19 6C 79 94 03 09 6F 69 64 04 03 AA CD DB 4B A6 85 F8 54 01 06 6E 05 F3 24 23 42 34 9F 39 01 07 FF EE 01 05 DF EE 30 01 00 DF EF 7B  --> DFEF7B 01 02 8F B9 00 00 00 00 00 00 00 00 00 00 00 00 00 00 00 00 00 00 00 00 00 00 00 00 00 00 00 00 00 00 00 00 00 00 00 00 00 00 00 00 00 00  

 --- Poll on demand

2026/8/12 14:19:59.141 [TX] - 56 69 56 4F 74 65 63 68 32 00 01 01 00 01 01 D7 34 
2026/8/12 14:19:59.154 [RX] - 56 69 56 4F 74 65 63 68 32 00 01 00 00 00 12 53 00 00 00 00 00 00 00 00 00 00 00 00 00 00 00 00 00 00 00 00 00 00 00 00 00 00 00 00 00 00 00 00 00 00 00 00 00 00 00 00 00 00 00 00 00 00 00  

 --- 04-00 w/ DFEF7A = 01 >>>>>>>>>>>>>>>>>>>>>>>>>>>>>>>>>>>>>>>>>>>>>>>>

2026/8/12 14:19:59.691 [TX] - 56 69 56 4F 74 65 63 68 32 00 04 00 00 05 DF EF 7A 01 01 35 A4 
2026/8/12 14:19:59.751 [RX] - 56 69 56 4F 74 65 63 68 32 00 04 00 00 00 AE 16 00 00 00 00 00 00 00 00 00 00 00 00 00 00 00 00 00 00 00 00 00 00 00 00 00 00 00 00 00 00 00 00 00 00 00 00 00 00 00 00 00 00 00 00 00 00 00  

 --- 02-40 (tap Phone (AndroidPay))

2026/8/12 14:20:03.316 [TX] - 56 69 56 4F 74 65 63 68 32 00 02 40 00 1F 0A 9F 02 06 00 00 00 00 10 00 9A 03 07 11 21 9F 21 03 10 15 20 DF EF 7A 01 01 DF EF 37 01 02 22 21 
2026/8/12 14:20:07.768 [RX] - 56 69 56 4F 74 65 63 68 32 00 02 23 01 E1 E1 DF EE 26 02 E1 00 DF EE 12 0A FF FF FF 02 00 1B AB E0 00 0C DF 81 16 16 17 04 00 00 0D 00 00 00 00 00 00 00 00 00 00 00 00 00 00 00 00 00 DF 81 29 08 30 F0 F0 30 A0 F0 FF 00 FF 81 05 82 01 50 4F 07 A0 00 00 00 03 10 10 50 0B 56 69 73 61 20 43 72 65 64 69 74 57 A1 13 49 21 CC CC CC CC 62 70 D2 80 4C CC CC CC CC CC CC CC CC 57 C1 18 8A 30 8A 33 8D 29 11 59 F6 21 C8 27 74 FF B5 E6 78 82 FD B8 13 23 E5 E8 5A A1 08 49 21 CC CC CC CC 62 70 5A C1 10 17 06 73 84 D9 E0 69 38 FC EE 55 B3 14 FB 07 27 82 02 00 40 84 07 A0 00 00 00 03 10 10 95 05 00 00 00 00 00 9A 03 07 11 21 5F 28 02 01 58 5F 2A 02 08 40 5F 2D 02 7A 68 5F 34 01 00 5F 36 01 02 9F 02 06 00 00 00 00 10 00 9F 06 07 A0 00 00 00 03 10 10 9F 10 20 1F 43 FE 51 20 00 00 00 00 00 00 00 00 06 53 59 01 00 00 00 00 00 00 00 00 00 00 00 00 00 00 00 9F 1A 02 08 40 9F 1B 04 00 00 1F 40 9F 1E 08 33 5A 30 30 30 36 30 34 9F 21 03 10 15 20 9F 26 08 86 9D C8 5A FD 4A 99 6B 9F 27 01 80 9F 33 03 E0 08 40 9F 34 03 24 03 02 9F 35 01 15 9F 36 02 05 5A 9F 37 04 90 F2 00 1E 9F 39 01 07 9F 40 05 80 00 00 00 00 9F 41 04 00 00 00 02 9F 5A 05 40 01 58 01 58 9F 66 04 30 00 C0 00 9F 6C 02 01 80 9F 6E 04 23 8C 00 00 DF 81 26 06 00 00 00 00 60 00 DF EE 5B 01 05 DF 81 16 16 1B FF 00 00 13 7A 68 00 00 00 00 00 00 00 00 00 00 00 00 00 00 00 96 08 03 00 00 00 00 00 00 00 DF EE 4C 01 06 DF EC 1C 1E 08 08 00 01 FF 00 1B 00 00 00 13 FF 00 00 00 00 00 00 00 00 7A 68 00 00 00 00 00 00 FF 00 DF EF 7B  --> DFEF7B 01 02 4B 0E 00 00 00 00 00 00 00  

 --- 02-40 VAS Only (tap Phone (SmartTap case 0.1))

2026/8/12 14:20:09.331 [TX] - 56 69 56 4F 74 65 63 68 32 00 02 40 00 25 30 9F 02 06 00 00 00 00 00 01 9C 01 00 FF EE 08 0A DF EF 1A 01 02 DF ED 28 01 00 DF EF 7A 01 01 DF EF 37 01 02 B8 F8 
2026/8/12 14:20:11.476 [RX] - 56 69 56 4F 74 65 63 68 32 00 02 57 00 83 E1 DF EE 26 02 E1 00 FF EE 08 66 DF EF 76 62 94 03 2F 61 73 76 94 01 06 69 04 02 71 79 79 71 54 03 1F 63 75 73 94 03 06 63 69 64 04 12 34 56 78 90 19 01 03 03 54 63 70 6C 00 65 6E 54 03 02 63 75 74 04 7B 54 03 27 61 73 76 94 01 05 69 05 01 F7 97 98 54 02 19 6C 79 94 03 09 6F 69 64 04 BB 65 1D 89 7F 1B E5 60 54 01 06 6E 05 F3 24 23 42 34 9F 39 01 07 FF EE 01 05 DF EE 30 01 00 DF EF 7B  --> DFEF7B 01 02 43 46 00 00 00 00 00 00 00 00 00 00 00 00 00 00 00 00 00 00 00 00 00 00 00 00 00 00 00 00 00 00 00 00 00 00 00 00 00 00 00 00 00 00  

 Result = PASSED
 ---------- END OF TEST ----------

 Result = PASSED


Docklight Log File (HEX) - Stopped 2026/8/12 14:20:12.620 

