Docklight Log File (HEX) - Started 2026/10/1 14:23:08.817 
 TEST CASE: MF000300

 --- Set POS COM PORT Settings
 Set POS COM PORT...
 POS operating on COM90 @ 115200 baud...
 Set POS COM PORT - COMPLETE


2026/10/1 14:23:10.131 [TX] - 56 69 56 4F 74 65 63 68 32 00 2C 01 00 01 00 0D 38 
2026/10/1 14:23:10.138 [RX] - 56 69 56 4F 74 65 63 68 32 00 2C 0C 00 00 69 FA 00 00 00 00 00 00 00 00 00 00 00 00 00 00 00 00 00 00 00 00 00 00 00 00 00 00 00 00 00 00 00 00 00 00 00 00 00 00 00 00 00 00 00 00 00 00 00  
PT Start

2026/10/1 14:23:10.460 [TX] - 56 69 56 4F 74 65 63 68 32 00 2C 01 00 01 01 1D 19 
2026/10/1 14:23:10.473 [RX] - 56 69 56 4F 74 65 63 68 32 00 2C 00 00 00 1C 9B 00 00 00 00 00 00 00 00 00 00 00 00 00 00 00 00 00 00 00 00 00 00 00 00 00 00 00 00 00 00 00 00 00 00 00 00 00 00 00 00 00 00 00 00 00 00 00  
Antenna Enable

2026/10/1 14:23:10.490 [TX] - 56 69 56 4F 74 65 63 68 32 00 28 01 00 01 01 94 1F 
2026/10/1 14:23:10.513 [RX] - 56 69 56 4F 74 65 63 68 32 00 28 00 00 00 D6 6A 00 00 00 00 00 00 00 00 00 00 00 00 00 00 00 00 00 00 00 00 00 00 00 00 00 00 00 00 00 00 00 00 00 00 00 00 00 00 00 00 00 00 00 00 00 00 00  
Poll for Token (10 sec)

2026/10/1 14:23:10.983 [TX] - 56 69 56 4F 74 65 63 68 32 00 2C 02 00 02 0A 00 B1 E4 
2026/10/1 14:23:11.125 [RX] - 56 69 56 4F 74 65 63 68 32 00 2C 00 00 05 03 7E BD BA E5 FA EE 00 00 00 00 00 00 00 00 00 00 00 00 00 00 00 00 00 00 00 00 00 00 00 00 00 00 00 00 00 00 00 00 00 00 00 00 00 00 00 00 00 00  
You are about to assign ALL DATA BLOCKS with 00's.  This will exclude TRAILER BLOCKS.
 
Mifare auth - Sector 0


2026/10/1 14:23:11.143 [TX] - 56 69 56 4F 74 65 63 68 32 00 2C 06 00 08 01 01 FF FF FF FF FF FF 4B C8 
2026/10/1 14:23:11.156 [RX] - 56 69 56 4F 74 65 63 68 32 00 2C 00 00 00 1C 9B 00 00 00 00 00 00 00 00 00 00 00 00 00 00 00 00 00 00 00 00 00 00 00 00 00 00 00 00 00 00 00 00 00 00 00 00 00 00 00 00 00 00 00 00 00 00 00  ----- Write Block #1 -----

2026/10/1 14:23:11.172 [TX] - 56 69 56 4F 74 65 63 68 32 00 2C 08 00 12 31 01 00 00 00 00 00 00 00 00 00 00 00 00 00 00 00 00 1F CF 
2026/10/1 14:23:11.187 [RX] - 56 69 56 4F 74 65 63 68 32 00 2C 00 00 00 1C 9B 00 00 00 00 00 00 00 00 00 00 00 00 00 00 00 00 00 00 00 00 00 00 00 00 00 00 00 00 00 00 00 00 00 00 00 00 00 00 00 00 00 00 00 00 00 00 00  ----- Write Block #2 -----

2026/10/1 14:23:11.200 [TX] - 56 69 56 4F 74 65 63 68 32 00 2C 08 00 12 31 02 00 00 00 00 00 00 00 00 00 00 00 00 00 00 00 00 2E E9 
2026/10/1 14:23:11.213 [RX] - 56 69 56 4F 74 65 63 68 32 00 2C 00 00 00 1C 9B 00 00 00 00 00 00 00 00 00 00 00 00 00 00 00 00 00 00 00 00 00 00 00 00 00 00 00 00 00 00 00 00 00 00 00 00 00 00 00 00 00 00 00 00 00 00 00  ----- #3 was SKIPPED -----
 
Mifare auth - Sector 1


2026/10/1 14:23:11.238 [TX] - 56 69 56 4F 74 65 63 68 32 00 2C 06 00 08 04 01 FF FF FF FF FF FF 03 76 
2026/10/1 14:23:11.250 [RX] - 56 69 56 4F 74 65 63 68 32 00 2C 00 00 00 1C 9B 00 00 00 00 00 00 00 00 00 00 00 00 00 00 00 00 00 00 00 00 00 00 00 00 00 00 00 00 00 00 00 00 00 00 00 00 00 00 00 00 00 00 00 00 00 00 00  ----- Write Block #4 -----

2026/10/1 14:23:11.271 [TX] - 56 69 56 4F 74 65 63 68 32 00 2C 08 00 12 31 04 00 00 00 00 00 00 00 00 00 00 00 00 00 00 00 00 4C A5 
2026/10/1 14:23:11.284 [RX] - 56 69 56 4F 74 65 63 68 32 00 2C 00 00 00 1C 9B 00 00 00 00 00 00 00 00 00 00 00 00 00 00 00 00 00 00 00 00 00 00 00 00 00 00 00 00 00 00 00 00 00 00 00 00 00 00 00 00 00 00 00 00 00 00 00  ----- Write Block #5 -----

2026/10/1 14:23:11.313 [TX] - 56 69 56 4F 74 65 63 68 32 00 2C 08 00 12 31 05 00 00 00 00 00 00 00 00 00 00 00 00 00 00 00 00 5C 47 
2026/10/1 14:23:11.330 [RX] - 56 69 56 4F 74 65 63 68 32 00 2C 00 00 00 1C 9B 00 00 00 00 00 00 00 00 00 00 00 00 00 00 00 00 00 00 00 00 00 00 00 00 00 00 00 00 00 00 00 00 00 00 00 00 00 00 00 00 00 00 00 00 00 00 00  ----- Write Block #6 -----

2026/10/1 14:23:11.362 [TX] - 56 69 56 4F 74 65 63 68 32 00 2C 08 00 12 31 06 00 00 00 00 00 00 00 00 00 00 00 00 00 00 00 00 6D 61 
2026/10/1 14:23:11.376 [RX] - 56 69 56 4F 74 65 63 68 32 00 2C 00 00 00 1C 9B 00 00 00 00 00 00 00 00 00 00 00 00 00 00 00 00 00 00 00 00 00 00 00 00 00 00 00 00 00 00 00 00 00 00 00 00 00 00 00 00 00 00 00 00 00 00 00  ----- #7 was SKIPPED -----
 
Mifare auth - Sector 2


2026/10/1 14:23:11.400 [TX] - 56 69 56 4F 74 65 63 68 32 00 2C 06 00 08 08 01 FF FF FF FF FF FF 12 C1 
2026/10/1 14:23:11.412 [RX] - 56 69 56 4F 74 65 63 68 32 00 2C 00 00 00 1C 9B 00 00 00 00 00 00 00 00 00 00 00 00 00 00 00 00 00 00 00 00 00 00 00 00 00 00 00 00 00 00 00 00 00 00 00 00 00 00 00 00 00 00 00 00 00 00 00  ----- Write Block #8 -----

2026/10/1 14:23:11.443 [TX] - 56 69 56 4F 74 65 63 68 32 00 2C 08 00 12 31 08 00 00 00 00 00 00 00 00 00 00 00 00 00 00 00 00 88 3D 
2026/10/1 14:23:11.456 [RX] - 56 69 56 4F 74 65 63 68 32 00 2C 00 00 00 1C 9B 00 00 00 00 00 00 00 00 00 00 00 00 00 00 00 00 00 00 00 00 00 00 00 00 00 00 00 00 00 00 00 00 00 00 00 00 00 00 00 00 00 00 00 00 00 00 00  ----- Write Block #9 -----

2026/10/1 14:23:11.477 [TX] - 56 69 56 4F 74 65 63 68 32 00 2C 08 00 12 31 09 00 00 00 00 00 00 00 00 00 00 00 00 00 00 00 00 98 DF 
2026/10/1 14:23:11.490 [RX] - 56 69 56 4F 74 65 63 68 32 00 2C 00 00 00 1C 9B 00 00 00 00 00 00 00 00 00 00 00 00 00 00 00 00 00 00 00 00 00 00 00 00 00 00 00 00 00 00 00 00 00 00 00 00 00 00 00 00 00 00 00 00 00 00 00  ----- Write Block #10 -----

2026/10/1 14:23:11.510 [TX] - 56 69 56 4F 74 65 63 68 32 00 2C 08 00 12 31 0A 00 00 00 00 00 00 00 00 00 00 00 00 00 00 00 00 A9 F9 
2026/10/1 14:23:11.523 [RX] - 56 69 56 4F 74 65 63 68 32 00 2C 00 00 00 1C 9B 00 00 00 00 00 00 00 00 00 00 00 00 00 00 00 00 00 00 00 00 00 00 00 00 00 00 00 00 00 00 00 00 00 00 00 00 00 00 00 00 00 00 00 00 00 00 00  ----- #11 was SKIPPED -----
 
Mifare auth - Sector 3


2026/10/1 14:23:11.551 [TX] - 56 69 56 4F 74 65 63 68 32 00 2C 06 00 08 0C 01 FF FF FF FF FF FF 1D AC 
2026/10/1 14:23:11.563 [RX] - 56 69 56 4F 74 65 63 68 32 00 2C 00 00 00 1C 9B 00 00 00 00 00 00 00 00 00 00 00 00 00 00 00 00 00 00 00 00 00 00 00 00 00 00 00 00 00 00 00 00 00 00 00 00 00 00 00 00 00 00 00 00 00 00 00  ----- Write Block #12 -----

2026/10/1 14:23:11.585 [TX] - 56 69 56 4F 74 65 63 68 32 00 2C 08 00 12 31 0C 00 00 00 00 00 00 00 00 00 00 00 00 00 00 00 00 CB B5 
2026/10/1 14:23:11.598 [RX] - 56 69 56 4F 74 65 63 68 32 00 2C 00 00 00 1C 9B 00 00 00 00 00 00 00 00 00 00 00 00 00 00 00 00 00 00 00 00 00 00 00 00 00 00 00 00 00 00 00 00 00 00 00 00 00 00 00 00 00 00 00 00 00 00 00  ----- Write Block #13 -----

2026/10/1 14:23:11.619 [TX] - 56 69 56 4F 74 65 63 68 32 00 2C 08 00 12 31 0D 00 00 00 00 00 00 00 00 00 00 00 00 00 00 00 00 DB 57 
2026/10/1 14:23:11.632 [RX] - 56 69 56 4F 74 65 63 68 32 00 2C 00 00 00 1C 9B 00 00 00 00 00 00 00 00 00 00 00 00 00 00 00 00 00 00 00 00 00 00 00 00 00 00 00 00 00 00 00 00 00 00 00 00 00 00 00 00 00 00 00 00 00 00 00  ----- Write Block #14 -----

2026/10/1 14:23:11.660 [TX] - 56 69 56 4F 74 65 63 68 32 00 2C 08 00 12 31 0E 00 00 00 00 00 00 00 00 00 00 00 00 00 00 00 00 EA 71 
2026/10/1 14:23:11.674 [RX] - 56 69 56 4F 74 65 63 68 32 00 2C 00 00 00 1C 9B 00 00 00 00 00 00 00 00 00 00 00 00 00 00 00 00 00 00 00 00 00 00 00 00 00 00 00 00 00 00 00 00 00 00 00 00 00 00 00 00 00 00 00 00 00 00 00  ----- #15 was SKIPPED -----
 
Mifare auth - Sector 4


2026/10/1 14:23:11.711 [TX] - 56 69 56 4F 74 65 63 68 32 00 2C 06 00 08 10 01 FF FF FF FF FF FF 31 AF 
2026/10/1 14:23:11.723 [RX] - 56 69 56 4F 74 65 63 68 32 00 2C 00 00 00 1C 9B 00 00 00 00 00 00 00 00 00 00 00 00 00 00 00 00 00 00 00 00 00 00 00 00 00 00 00 00 00 00 00 00 00 00 00 00 00 00 00 00 00 00 00 00 00 00 00  ----- Write Block #16 -----

2026/10/1 14:23:11.743 [TX] - 56 69 56 4F 74 65 63 68 32 00 2C 08 00 12 31 10 00 00 00 00 00 00 00 00 00 00 00 00 00 00 00 00 11 2C 
2026/10/1 14:23:11.757 [RX] - 56 69 56 4F 74 65 63 68 32 00 2C 00 00 00 1C 9B 00 00 00 00 00 00 00 00 00 00 00 00 00 00 00 00 00 00 00 00 00 00 00 00 00 00 00 00 00 00 00 00 00 00 00 00 00 00 00 00 00 00 00 00 00 00 00  ----- Write Block #17 -----

2026/10/1 14:23:11.776 [TX] - 56 69 56 4F 74 65 63 68 32 00 2C 08 00 12 31 11 00 00 00 00 00 00 00 00 00 00 00 00 00 00 00 00 01 CE 
2026/10/1 14:23:11.789 [RX] - 56 69 56 4F 74 65 63 68 32 00 2C 00 00 00 1C 9B 00 00 00 00 00 00 00 00 00 00 00 00 00 00 00 00 00 00 00 00 00 00 00 00 00 00 00 00 00 00 00 00 00 00 00 00 00 00 00 00 00 00 00 00 00 00 00  ----- Write Block #18 -----

2026/10/1 14:23:11.810 [TX] - 56 69 56 4F 74 65 63 68 32 00 2C 08 00 12 31 12 00 00 00 00 00 00 00 00 00 00 00 00 00 00 00 00 30 E8 
2026/10/1 14:23:11.823 [RX] - 56 69 56 4F 74 65 63 68 32 00 2C 00 00 00 1C 9B 00 00 00 00 00 00 00 00 00 00 00 00 00 00 00 00 00 00 00 00 00 00 00 00 00 00 00 00 00 00 00 00 00 00 00 00 00 00 00 00 00 00 00 00 00 00 00  ----- #19 was SKIPPED -----
 
Mifare auth - Sector 5


2026/10/1 14:23:11.851 [TX] - 56 69 56 4F 74 65 63 68 32 00 2C 06 00 08 14 01 FF FF FF FF FF FF 3E C2 
2026/10/1 14:23:11.863 [RX] - 56 69 56 4F 74 65 63 68 32 00 2C 00 00 00 1C 9B 00 00 00 00 00 00 00 00 00 00 00 00 00 00 00 00 00 00 00 00 00 00 00 00 00 00 00 00 00 00 00 00 00 00 00 00 00 00 00 00 00 00 00 00 00 00 00  ----- Write Block #20 -----

2026/10/1 14:23:11.894 [TX] - 56 69 56 4F 74 65 63 68 32 00 2C 08 00 12 31 14 00 00 00 00 00 00 00 00 00 00 00 00 00 00 00 00 52 A4 
2026/10/1 14:23:11.907 [RX] - 56 69 56 4F 74 65 63 68 32 00 2C 00 00 00 1C 9B 00 00 00 00 00 00 00 00 00 00 00 00 00 00 00 00 00 00 00 00 00 00 00 00 00 00 00 00 00 00 00 00 00 00 00 00 00 00 00 00 00 00 00 00 00 00 00  ----- Write Block #21 -----

2026/10/1 14:23:11.928 [TX] - 56 69 56 4F 74 65 63 68 32 00 2C 08 00 12 31 15 00 00 00 00 00 00 00 00 00 00 00 00 00 00 00 00 42 46 
2026/10/1 14:23:11.941 [RX] - 56 69 56 4F 74 65 63 68 32 00 2C 00 00 00 1C 9B 00 00 00 00 00 00 00 00 00 00 00 00 00 00 00 00 00 00 00 00 00 00 00 00 00 00 00 00 00 00 00 00 00 00 00 00 00 00 00 00 00 00 00 00 00 00 00  ----- Write Block #22 -----

2026/10/1 14:23:11.961 [TX] - 56 69 56 4F 74 65 63 68 32 00 2C 08 00 12 31 16 00 00 00 00 00 00 00 00 00 00 00 00 00 00 00 00 73 60 
2026/10/1 14:23:11.974 [RX] - 56 69 56 4F 74 65 63 68 32 00 2C 00 00 00 1C 9B 00 00 00 00 00 00 00 00 00 00 00 00 00 00 00 00 00 00 00 00 00 00 00 00 00 00 00 00 00 00 00 00 00 00 00 00 00 00 00 00 00 00 00 00 00 00 00  ----- #23 was SKIPPED -----
 
Mifare auth - Sector 6


2026/10/1 14:23:12.000 [TX] - 56 69 56 4F 74 65 63 68 32 00 2C 06 00 08 18 01 FF FF FF FF FF FF 2F 75 
2026/10/1 14:23:12.014 [RX] - 56 69 56 4F 74 65 63 68 32 00 2C 00 00 00 1C 9B 00 00 00 00 00 00 00 00 00 00 00 00 00 00 00 00 00 00 00 00 00 00 00 00 00 00 00 00 00 00 00 00 00 00 00 00 00 00 00 00 00 00 00 00 00 00 00  ----- Write Block #24 -----

2026/10/1 14:23:12.034 [TX] - 56 69 56 4F 74 65 63 68 32 00 2C 08 00 12 31 18 00 00 00 00 00 00 00 00 00 00 00 00 00 00 00 00 96 3C 
2026/10/1 14:23:12.047 [RX] - 56 69 56 4F 74 65 63 68 32 00 2C 00 00 00 1C 9B 00 00 00 00 00 00 00 00 00 00 00 00 00 00 00 00 00 00 00 00 00 00 00 00 00 00 00 00 00 00 00 00 00 00 00 00 00 00 00 00 00 00 00 00 00 00 00  ----- Write Block #25 -----

2026/10/1 14:23:12.070 [TX] - 56 69 56 4F 74 65 63 68 32 00 2C 08 00 12 31 19 00 00 00 00 00 00 00 00 00 00 00 00 00 00 00 00 86 DE 
2026/10/1 14:23:12.083 [RX] - 56 69 56 4F 74 65 63 68 32 00 2C 00 00 00 1C 9B 00 00 00 00 00 00 00 00 00 00 00 00 00 00 00 00 00 00 00 00 00 00 00 00 00 00 00 00 00 00 00 00 00 00 00 00 00 00 00 00 00 00 00 00 00 00 00  ----- Write Block #26 -----

2026/10/1 14:23:12.105 [TX] - 56 69 56 4F 74 65 63 68 32 00 2C 08 00 12 31 1A 00 00 00 00 00 00 00 00 00 00 00 00 00 00 00 00 B7 F8 
2026/10/1 14:23:12.118 [RX] - 56 69 56 4F 74 65 63 68 32 00 2C 00 00 00 1C 9B 00 00 00 00 00 00 00 00 00 00 00 00 00 00 00 00 00 00 00 00 00 00 00 00 00 00 00 00 00 00 00 00 00 00 00 00 00 00 00 00 00 00 00 00 00 00 00  ----- #27 was SKIPPED -----
 
Mifare auth - Sector 7


2026/10/1 14:23:12.144 [TX] - 56 69 56 4F 74 65 63 68 32 00 2C 06 00 08 1C 01 FF FF FF FF FF FF 20 18 
2026/10/1 14:23:12.156 [RX] - 56 69 56 4F 74 65 63 68 32 00 2C 00 00 00 1C 9B 00 00 00 00 00 00 00 00 00 00 00 00 00 00 00 00 00 00 00 00 00 00 00 00 00 00 00 00 00 00 00 00 00 00 00 00 00 00 00 00 00 00 00 00 00 00 00  ----- Write Block #28 -----

2026/10/1 14:23:12.180 [TX] - 56 69 56 4F 74 65 63 68 32 00 2C 08 00 12 31 1C 00 00 00 00 00 00 00 00 00 00 00 00 00 00 00 00 D5 B4 
2026/10/1 14:23:12.193 [RX] - 56 69 56 4F 74 65 63 68 32 00 2C 00 00 00 1C 9B 00 00 00 00 00 00 00 00 00 00 00 00 00 00 00 00 00 00 00 00 00 00 00 00 00 00 00 00 00 00 00 00 00 00 00 00 00 00 00 00 00 00 00 00 00 00 00  ----- Write Block #29 -----

2026/10/1 14:23:12.213 [TX] - 56 69 56 4F 74 65 63 68 32 00 2C 08 00 12 31 1D 00 00 00 00 00 00 00 00 00 00 00 00 00 00 00 00 C5 56 
2026/10/1 14:23:12.226 [RX] - 56 69 56 4F 74 65 63 68 32 00 2C 00 00 00 1C 9B 00 00 00 00 00 00 00 00 00 00 00 00 00 00 00 00 00 00 00 00 00 00 00 00 00 00 00 00 00 00 00 00 00 00 00 00 00 00 00 00 00 00 00 00 00 00 00  ----- Write Block #30 -----

2026/10/1 14:23:12.244 [TX] - 56 69 56 4F 74 65 63 68 32 00 2C 08 00 12 31 1E 00 00 00 00 00 00 00 00 00 00 00 00 00 00 00 00 F4 70 
2026/10/1 14:23:12.257 [RX] - 56 69 56 4F 74 65 63 68 32 00 2C 00 00 00 1C 9B 00 00 00 00 00 00 00 00 00 00 00 00 00 00 00 00 00 00 00 00 00 00 00 00 00 00 00 00 00 00 00 00 00 00 00 00 00 00 00 00 00 00 00 00 00 00 00  ----- #31 was SKIPPED -----
 
Mifare auth - Sector 8


2026/10/1 14:23:12.285 [TX] - 56 69 56 4F 74 65 63 68 32 00 2C 06 00 08 20 01 FF FF FF FF FF FF 77 73 
2026/10/1 14:23:12.297 [RX] - 56 69 56 4F 74 65 63 68 32 00 2C 00 00 00 1C 9B 00 00 00 00 00 00 00 00 00 00 00 00 00 00 00 00 00 00 00 00 00 00 00 00 00 00 00 00 00 00 00 00 00 00 00 00 00 00 00 00 00 00 00 00 00 00 00  ----- Write Block #32 -----

2026/10/1 14:23:12.339 [TX] - 56 69 56 4F 74 65 63 68 32 00 2C 08 00 12 31 20 00 00 00 00 00 00 00 00 00 00 00 00 00 00 00 00 33 2F 
2026/10/1 14:23:12.352 [RX] - 56 69 56 4F 74 65 63 68 32 00 2C 00 00 00 1C 9B 00 00 00 00 00 00 00 00 00 00 00 00 00 00 00 00 00 00 00 00 00 00 00 00 00 00 00 00 00 00 00 00 00 00 00 00 00 00 00 00 00 00 00 00 00 00 00  ----- Write Block #33 -----

2026/10/1 14:23:12.378 [TX] - 56 69 56 4F 74 65 63 68 32 00 2C 08 00 12 31 21 00 00 00 00 00 00 00 00 00 00 00 00 00 00 00 00 23 CD 
2026/10/1 14:23:12.391 [RX] - 56 69 56 4F 74 65 63 68 32 00 2C 00 00 00 1C 9B 00 00 00 00 00 00 00 00 00 00 00 00 00 00 00 00 00 00 00 00 00 00 00 00 00 00 00 00 00 00 00 00 00 00 00 00 00 00 00 00 00 00 00 00 00 00 00  ----- Write Block #34 -----

2026/10/1 14:23:12.411 [TX] - 56 69 56 4F 74 65 63 68 32 00 2C 08 00 12 31 22 00 00 00 00 00 00 00 00 00 00 00 00 00 00 00 00 12 EB 
2026/10/1 14:23:12.425 [RX] - 56 69 56 4F 74 65 63 68 32 00 2C 00 00 00 1C 9B 00 00 00 00 00 00 00 00 00 00 00 00 00 00 00 00 00 00 00 00 00 00 00 00 00 00 00 00 00 00 00 00 00 00 00 00 00 00 00 00 00 00 00 00 00 00 00  ----- #35 was SKIPPED -----
 
Mifare auth - Sector 9


2026/10/1 14:23:12.452 [TX] - 56 69 56 4F 74 65 63 68 32 00 2C 06 00 08 24 01 FF FF FF FF FF FF 78 1E 
2026/10/1 14:23:12.466 [RX] - 56 69 56 4F 74 65 63 68 32 00 2C 00 00 00 1C 9B 00 00 00 00 00 00 00 00 00 00 00 00 00 00 00 00 00 00 00 00 00 00 00 00 00 00 00 00 00 00 00 00 00 00 00 00 00 00 00 00 00 00 00 00 00 00 00  ----- Write Block #36 -----

2026/10/1 14:23:12.487 [TX] - 56 69 56 4F 74 65 63 68 32 00 2C 08 00 12 31 24 00 00 00 00 00 00 00 00 00 00 00 00 00 00 00 00 70 A7 
2026/10/1 14:23:12.500 [RX] - 56 69 56 4F 74 65 63 68 32 00 2C 00 00 00 1C 9B 00 00 00 00 00 00 00 00 00 00 00 00 00 00 00 00 00 00 00 00 00 00 00 00 00 00 00 00 00 00 00 00 00 00 00 00 00 00 00 00 00 00 00 00 00 00 00  ----- Write Block #37 -----

2026/10/1 14:23:12.530 [TX] - 56 69 56 4F 74 65 63 68 32 00 2C 08 00 12 31 25 00 00 00 00 00 00 00 00 00 00 00 00 00 00 00 00 60 45 
2026/10/1 14:23:12.544 [RX] - 56 69 56 4F 74 65 63 68 32 00 2C 00 00 00 1C 9B 00 00 00 00 00 00 00 00 00 00 00 00 00 00 00 00 00 00 00 00 00 00 00 00 00 00 00 00 00 00 00 00 00 00 00 00 00 00 00 00 00 00 00 00 00 00 00  ----- Write Block #38 -----

2026/10/1 14:23:12.578 [TX] - 56 69 56 4F 74 65 63 68 32 00 2C 08 00 12 31 26 00 00 00 00 00 00 00 00 00 00 00 00 00 00 00 00 51 63 
2026/10/1 14:23:12.591 [RX] - 56 69 56 4F 74 65 63 68 32 00 2C 00 00 00 1C 9B 00 00 00 00 00 00 00 00 00 00 00 00 00 00 00 00 00 00 00 00 00 00 00 00 00 00 00 00 00 00 00 00 00 00 00 00 00 00 00 00 00 00 00 00 00 00 00  ----- #39 was SKIPPED -----
 
Mifare auth - Sector 10


2026/10/1 14:23:12.618 [TX] - 56 69 56 4F 74 65 63 68 32 00 2C 06 00 08 28 01 FF FF FF FF FF FF 69 A9 
2026/10/1 14:23:12.630 [RX] - 56 69 56 4F 74 65 63 68 32 00 2C 00 00 00 1C 9B 00 00 00 00 00 00 00 00 00 00 00 00 00 00 00 00 00 00 00 00 00 00 00 00 00 00 00 00 00 00 00 00 00 00 00 00 00 00 00 00 00 00 00 00 00 00 00  ----- Write Block #40 -----

2026/10/1 14:23:12.661 [TX] - 56 69 56 4F 74 65 63 68 32 00 2C 08 00 12 31 28 00 00 00 00 00 00 00 00 00 00 00 00 00 00 00 00 B4 3F 
2026/10/1 14:23:12.675 [RX] - 56 69 56 4F 74 65 63 68 32 00 2C 00 00 00 1C 9B 00 00 00 00 00 00 00 00 00 00 00 00 00 00 00 00 00 00 00 00 00 00 00 00 00 00 00 00 00 00 00 00 00 00 00 00 00 00 00 00 00 00 00 00 00 00 00  ----- Write Block #41 -----

2026/10/1 14:23:12.694 [TX] - 56 69 56 4F 74 65 63 68 32 00 2C 08 00 12 31 29 00 00 00 00 00 00 00 00 00 00 00 00 00 00 00 00 A4 DD 
2026/10/1 14:23:12.707 [RX] - 56 69 56 4F 74 65 63 68 32 00 2C 00 00 00 1C 9B 00 00 00 00 00 00 00 00 00 00 00 00 00 00 00 00 00 00 00 00 00 00 00 00 00 00 00 00 00 00 00 00 00 00 00 00 00 00 00 00 00 00 00 00 00 00 00  ----- Write Block #42 -----

2026/10/1 14:23:12.727 [TX] - 56 69 56 4F 74 65 63 68 32 00 2C 08 00 12 31 2A 00 00 00 00 00 00 00 00 00 00 00 00 00 00 00 00 95 FB 
2026/10/1 14:23:12.740 [RX] - 56 69 56 4F 74 65 63 68 32 00 2C 00 00 00 1C 9B 00 00 00 00 00 00 00 00 00 00 00 00 00 00 00 00 00 00 00 00 00 00 00 00 00 00 00 00 00 00 00 00 00 00 00 00 00 00 00 00 00 00 00 00 00 00 00  ----- #43 was SKIPPED -----
 
Mifare auth - Sector 11


2026/10/1 14:23:12.763 [TX] - 56 69 56 4F 74 65 63 68 32 00 2C 06 00 08 2C 01 FF FF FF FF FF FF 66 C4 
2026/10/1 14:23:12.779 [RX] - 56 69 56 4F 74 65 63 68 32 00 2C 00 00 00 1C 9B 00 00 00 00 00 00 00 00 00 00 00 00 00 00 00 00 00 00 00 00 00 00 00 00 00 00 00 00 00 00 00 00 00 00 00 00 00 00 00 00 00 00 00 00 00 00 00  ----- Write Block #44 -----

2026/10/1 14:23:12.799 [TX] - 56 69 56 4F 74 65 63 68 32 00 2C 08 00 12 31 2C 00 00 00 00 00 00 00 00 00 00 00 00 00 00 00 00 F7 B7 
2026/10/1 14:23:12.812 [RX] - 56 69 56 4F 74 65 63 68 32 00 2C 00 00 00 1C 9B 00 00 00 00 00 00 00 00 00 00 00 00 00 00 00 00 00 00 00 00 00 00 00 00 00 00 00 00 00 00 00 00 00 00 00 00 00 00 00 00 00 00 00 00 00 00 00  ----- Write Block #45 -----

2026/10/1 14:23:12.830 [TX] - 56 69 56 4F 74 65 63 68 32 00 2C 08 00 12 31 2D 00 00 00 00 00 00 00 00 00 00 00 00 00 00 00 00 E7 55 
2026/10/1 14:23:12.843 [RX] - 56 69 56 4F 74 65 63 68 32 00 2C 00 00 00 1C 9B 00 00 00 00 00 00 00 00 00 00 00 00 00 00 00 00 00 00 00 00 00 00 00 00 00 00 00 00 00 00 00 00 00 00 00 00 00 00 00 00 00 00 00 00 00 00 00  ----- Write Block #46 -----

2026/10/1 14:23:12.862 [TX] - 56 69 56 4F 74 65 63 68 32 00 2C 08 00 12 31 2E 00 00 00 00 00 00 00 00 00 00 00 00 00 00 00 00 D6 73 
2026/10/1 14:23:12.875 [RX] - 56 69 56 4F 74 65 63 68 32 00 2C 00 00 00 1C 9B 00 00 00 00 00 00 00 00 00 00 00 00 00 00 00 00 00 00 00 00 00 00 00 00 00 00 00 00 00 00 00 00 00 00 00 00 00 00 00 00 00 00 00 00 00 00 00  ----- #47 was SKIPPED -----
 
Mifare auth - Sector 12


2026/10/1 14:23:12.901 [TX] - 56 69 56 4F 74 65 63 68 32 00 2C 06 00 08 30 01 FF FF FF FF FF FF 4A C7 
2026/10/1 14:23:12.913 [RX] - 56 69 56 4F 74 65 63 68 32 00 2C 00 00 00 1C 9B 00 00 00 00 00 00 00 00 00 00 00 00 00 00 00 00 00 00 00 00 00 00 00 00 00 00 00 00 00 00 00 00 00 00 00 00 00 00 00 00 00 00 00 00 00 00 00  ----- Write Block #48 -----

2026/10/1 14:23:12.948 [TX] - 56 69 56 4F 74 65 63 68 32 00 2C 08 00 12 31 30 00 00 00 00 00 00 00 00 00 00 00 00 00 00 00 00 2D 2E 
2026/10/1 14:23:12.961 [RX] - 56 69 56 4F 74 65 63 68 32 00 2C 00 00 00 1C 9B 00 00 00 00 00 00 00 00 00 00 00 00 00 00 00 00 00 00 00 00 00 00 00 00 00 00 00 00 00 00 00 00 00 00 00 00 00 00 00 00 00 00 00 00 00 00 00  ----- Write Block #49 -----

2026/10/1 14:23:12.978 [TX] - 56 69 56 4F 74 65 63 68 32 00 2C 08 00 12 31 31 00 00 00 00 00 00 00 00 00 00 00 00 00 00 00 00 3D CC 
2026/10/1 14:23:12.991 [RX] - 56 69 56 4F 74 65 63 68 32 00 2C 00 00 00 1C 9B 00 00 00 00 00 00 00 00 00 00 00 00 00 00 00 00 00 00 00 00 00 00 00 00 00 00 00 00 00 00 00 00 00 00 00 00 00 00 00 00 00 00 00 00 00 00 00  ----- Write Block #50 -----

2026/10/1 14:23:13.012 [TX] - 56 69 56 4F 74 65 63 68 32 00 2C 08 00 12 31 32 00 00 00 00 00 00 00 00 00 00 00 00 00 00 00 00 0C EA 
2026/10/1 14:23:13.028 [RX] - 56 69 56 4F 74 65 63 68 32 00 2C 00 00 00 1C 9B 00 00 00 00 00 00 00 00 00 00 00 00 00 00 00 00 00 00 00 00 00 00 00 00 00 00 00 00 00 00 00 00 00 00 00 00 00 00 00 00 00 00 00 00 00 00 00  ----- #51 was SKIPPED -----
 
Mifare auth - Sector 13


2026/10/1 14:23:13.068 [TX] - 56 69 56 4F 74 65 63 68 32 00 2C 06 00 08 34 01 FF FF FF FF FF FF 45 AA 
2026/10/1 14:23:13.080 [RX] - 56 69 56 4F 74 65 63 68 32 00 2C 00 00 00 1C 9B 00 00 00 00 00 00 00 00 00 00 00 00 00 00 00 00 00 00 00 00 00 00 00 00 00 00 00 00 00 00 00 00 00 00 00 00 00 00 00 00 00 00 00 00 00 00 00  ----- Write Block #52 -----

2026/10/1 14:23:13.111 [TX] - 56 69 56 4F 74 65 63 68 32 00 2C 08 00 12 31 34 00 00 00 00 00 00 00 00 00 00 00 00 00 00 00 00 6E A6 
2026/10/1 14:23:13.124 [RX] - 56 69 56 4F 74 65 63 68 32 00 2C 00 00 00 1C 9B 00 00 00 00 00 00 00 00 00 00 00 00 00 00 00 00 00 00 00 00 00 00 00 00 00 00 00 00 00 00 00 00 00 00 00 00 00 00 00 00 00 00 00 00 00 00 00  ----- Write Block #53 -----

2026/10/1 14:23:13.144 [TX] - 56 69 56 4F 74 65 63 68 32 00 2C 08 00 12 31 35 00 00 00 00 00 00 00 00 00 00 00 00 00 00 00 00 7E 44 
2026/10/1 14:23:13.157 [RX] - 56 69 56 4F 74 65 63 68 32 00 2C 00 00 00 1C 9B 00 00 00 00 00 00 00 00 00 00 00 00 00 00 00 00 00 00 00 00 00 00 00 00 00 00 00 00 00 00 00 00 00 00 00 00 00 00 00 00 00 00 00 00 00 00 00  ----- Write Block #54 -----

2026/10/1 14:23:13.174 [TX] - 56 69 56 4F 74 65 63 68 32 00 2C 08 00 12 31 36 00 00 00 00 00 00 00 00 00 00 00 00 00 00 00 00 4F 62 
2026/10/1 14:23:13.188 [RX] - 56 69 56 4F 74 65 63 68 32 00 2C 00 00 00 1C 9B 00 00 00 00 00 00 00 00 00 00 00 00 00 00 00 00 00 00 00 00 00 00 00 00 00 00 00 00 00 00 00 00 00 00 00 00 00 00 00 00 00 00 00 00 00 00 00  ----- #55 was SKIPPED -----
 
Mifare auth - Sector 14


2026/10/1 14:23:13.224 [TX] - 56 69 56 4F 74 65 63 68 32 00 2C 06 00 08 38 01 FF FF FF FF FF FF 54 1D 
2026/10/1 14:23:13.236 [RX] - 56 69 56 4F 74 65 63 68 32 00 2C 00 00 00 1C 9B 00 00 00 00 00 00 00 00 00 00 00 00 00 00 00 00 00 00 00 00 00 00 00 00 00 00 00 00 00 00 00 00 00 00 00 00 00 00 00 00 00 00 00 00 00 00 00  ----- Write Block #56 -----

2026/10/1 14:23:13.270 [TX] - 56 69 56 4F 74 65 63 68 32 00 2C 08 00 12 31 38 00 00 00 00 00 00 00 00 00 00 00 00 00 00 00 00 AA 3E 
2026/10/1 14:23:13.283 [RX] - 56 69 56 4F 74 65 63 68 32 00 2C 00 00 00 1C 9B 00 00 00 00 00 00 00 00 00 00 00 00 00 00 00 00 00 00 00 00 00 00 00 00 00 00 00 00 00 00 00 00 00 00 00 00 00 00 00 00 00 00 00 00 00 00 00  ----- Write Block #57 -----

2026/10/1 14:23:13.304 [TX] - 56 69 56 4F 74 65 63 68 32 00 2C 08 00 12 31 39 00 00 00 00 00 00 00 00 00 00 00 00 00 00 00 00 BA DC 
2026/10/1 14:23:13.317 [RX] - 56 69 56 4F 74 65 63 68 32 00 2C 00 00 00 1C 9B 00 00 00 00 00 00 00 00 00 00 00 00 00 00 00 00 00 00 00 00 00 00 00 00 00 00 00 00 00 00 00 00 00 00 00 00 00 00 00 00 00 00 00 00 00 00 00  ----- Write Block #58 -----

2026/10/1 14:23:13.345 [TX] - 56 69 56 4F 74 65 63 68 32 00 2C 08 00 12 31 3A 00 00 00 00 00 00 00 00 00 00 00 00 00 00 00 00 8B FA 
2026/10/1 14:23:13.358 [RX] - 56 69 56 4F 74 65 63 68 32 00 2C 00 00 00 1C 9B 00 00 00 00 00 00 00 00 00 00 00 00 00 00 00 00 00 00 00 00 00 00 00 00 00 00 00 00 00 00 00 00 00 00 00 00 00 00 00 00 00 00 00 00 00 00 00  ----- #59 was SKIPPED -----
 
Mifare auth - Sector 15


2026/10/1 14:23:13.385 [TX] - 56 69 56 4F 74 65 63 68 32 00 2C 06 00 08 3C 01 FF FF FF FF FF FF 5B 70 
2026/10/1 14:23:13.401 [RX] - 56 69 56 4F 74 65 63 68 32 00 2C 00 00 00 1C 9B 00 00 00 00 00 00 00 00 00 00 00 00 00 00 00 00 00 00 00 00 00 00 00 00 00 00 00 00 00 00 00 00 00 00 00 00 00 00 00 00 00 00 00 00 00 00 00  ----- Write Block #60 -----

2026/10/1 14:23:13.422 [TX] - 56 69 56 4F 74 65 63 68 32 00 2C 08 00 12 31 3C 00 00 00 00 00 00 00 00 00 00 00 00 00 00 00 00 E9 B6 
2026/10/1 14:23:13.435 [RX] - 56 69 56 4F 74 65 63 68 32 00 2C 00 00 00 1C 9B 00 00 00 00 00 00 00 00 00 00 00 00 00 00 00 00 00 00 00 00 00 00 00 00 00 00 00 00 00 00 00 00 00 00 00 00 00 00 00 00 00 00 00 00 00 00 00  ----- Write Block #61 -----

2026/10/1 14:23:13.453 [TX] - 56 69 56 4F 74 65 63 68 32 00 2C 08 00 12 31 3D 00 00 00 00 00 00 00 00 00 00 00 00 00 00 00 00 F9 54 
2026/10/1 14:23:13.466 [RX] - 56 69 56 4F 74 65 63 68 32 00 2C 00 00 00 1C 9B 00 00 00 00 00 00 00 00 00 00 00 00 00 00 00 00 00 00 00 00 00 00 00 00 00 00 00 00 00 00 00 00 00 00 00 00 00 00 00 00 00 00 00 00 00 00 00  ----- Write Block #62 -----

2026/10/1 14:23:13.482 [TX] - 56 69 56 4F 74 65 63 68 32 00 2C 08 00 12 31 3E 00 00 00 00 00 00 00 00 00 00 00 00 00 00 00 00 C8 72 
2026/10/1 14:23:13.495 [RX] - 56 69 56 4F 74 65 63 68 32 00 2C 00 00 00 1C 9B 00 00 00 00 00 00 00 00 00 00 00 00 00 00 00 00 00 00 00 00 00 00 00 00 00 00 00 00 00 00 00 00 00 00 00 00 00 00 00 00 00 00 00 00 00 00 00  ----- #63 was SKIPPED -----
 
Skipped = 16
Written = 47
 
PASSED = 47
FAILED = 0

2026/10/1 14:23:13.535 [TX] - 56 69 56 4F 74 65 63 68 32 00 2C 01 00 01 00 0D 38 
2026/10/1 14:23:13.548 [RX] - 56 69 56 4F 74 65 63 68 32 00 2C 00 00 00 1C 9B 00 00 00 00 00 00 00 00 00 00 00 00 00 00 00 00 00 00 00 00 00 00 00 00 00 00 00 00 00 00 00 00 00 00 00 00 00 00 00 00 00 00 00 00 00 00 00  Result = PASSED
 ---------- END OF TEST ----------

 

 MASTER RESULT = PASSED


Docklight Log File (HEX) - Stopped 2026/10/1 14:23:14.155 

