Docklight Log File (HEX) - Started 2026/10/6 14:52:50.802 
 TEST CASE: EC104

 --- Set POS COM PORT Settings
 Set POS COM PORT...
 POS operating on COM90 @ 115200 baud...
 Set POS COM PORT - COMPLETE

 --- Poll on Demand

2026/10/6 14:52:51.973 [TX] - 56 69 56 4F 74 65 63 68 32 00 01 01 00 01 01 D7 34 
2026/10/6 14:52:51.984 [RX] - 56 69 56 4F 74 65 63 68 32 00 01 00 00 00 12 53 00 00 00 00 00 00 00 00 00 00 00 00 00 00 00 00 00 00 00 00 00 00 00 00 00 00 00 00 00 00 00 00 00 00 00 00 00 00 00 00 00 00 00 00 00 00 00  

 --- Burst mode Off

2026/10/6 14:52:52.513 [TX] - 56 69 56 4F 74 65 63 68 32 00 04 00 00 05 DF EE 7E 01 00 60 1E 
2026/10/6 14:52:52.592 [RX] - 56 69 56 4F 74 65 63 68 32 00 04 00 00 00 AE 16 00 00 00 00 00 00 00 00 00 00 00 00 00 00 00 00 00 00 00 00 00 00 00 00 00 00 00 00 00 00 00 00 00 00 00 00 00 00 00 00 00 00 00 00 00 00 00  

 --- 02-40 Activate Transaction

2026/10/6 14:52:58.178 [TX] - 56 69 56 4F 74 65 63 68 32 00 02 40 00 15 3C 9F 02 06 00 00 00 00 10 00 9A 03 07 11 21 9F 21 03 10 15 20 5E 6B 
2026/10/6 14:53:04.924 [RX] - 56 69 56 4F 74 65 63 68 32 00 02  RX: 02-XX 23 02 86 61 DF EE 26 02 61 00 DF 81 16 0D 1E 04 00 00 00 00 00 00 00 00 00 00 00 DF 81 29 08 30 F0 F0 00 B0 F0 FF 00 FF 81 06 1E 9F 42 02 09 78 DF 81 0B 01 00 DF 81 15 06 00 00 00 00 00 FF DF 81 0E 01 00 DF 81 0F 01 00 FF 81 05 82 01 B8 4F 07 A0 00 00 00 04 10 10 50 0F 50 50 43 20 4D 43 44 20 30 31 20 20 76 32 30 56 3C 42 35 34 31 33 33 33 30 30 38 39 36 30 30 30 31 30 5E 45 54 45 43 2F 50 41 59 50 41 53 53 5E 31 34 31 32 32 30 31 30 30 30 30 30 30 30 30 30 30 30 30 30 30 30 30 30 30 30 30 30 30 57 11 54 13 33 00 89 60 00 10 D1 41 22 01 01 23 40 91 72 5A 08 54 13 33 00 89 60 00 10 82 02 59 80 84 07 A0 00 00 00 04 10 10 8E 0E 00 00 00 00 00 00 00 00 42 03 5E 03 1F 03 95 05 24 00 00 80 01 9A 03 07 11 21 9B 02 00 00 9C 01 00 5F 24 03 14 12 31 5F 25 03 04 01 01 5F 28 02 00 56 5F 2A 02 08 40 5F 34 01 01 9F 01 00 9F 02 06 00 00 00 00 10 00 9F 03 06 00 00 00 00 00 00 9F 06 07 A0 00 00 00 04 10 10 9F 07 02 FF 00 9F 09 02 00 02 9F 0D 05 00 00 00 00 00 9F 0E 05 00 00 00 00 00 9F 0F 05 00 00 00 00 00 9F 10 12 01 10 A0 00 09 22 00 00 00 00 00 00 00 00 00 00 00 FF 9F 15 02 11 11 9F 16 00 9F 1A 02 08 40 9F 1C 00 9F 1D 08 08 FF 80 00 00 00 00 00 9F 1E 08 33 5A 30 30 31 30 35 35 9F 21 03 10 15 20 9F 26 08 91 DA A1 89 E3 D3 93 E9 9F 27 01 80 9F 2A 01 02 9F 33 03 00 08 08 9F 34 03 1F 03 02 9F 35 01 25 9F 36 02 64 EE 9F 37 04 B7 C0 E1 29 9F 39 01 07 9F 40 05 00 00 00 00 00 9F 41 04 00 00 00 45 9F 42 02 09 78 9F 4E 00 9F 53 01 01 9F 66 02 0E 70 9F 6B 13 54 13 33 00 89 60 00 10 D1 41 22 01 90 00 99 00 00 00 0F 9F 6D 02 00 01 DF EE 76 05 24 00 00 80 01 DF 81 16 0D 1B 00 00 00 00 00 00 00 00 00 00 00 00 DF 81 0C 01 02 96 08 02 00 00 00 00 00 00 00 DF EE 4C 01 03 DF EC 1C 1E 08 03 00 03 FF 00 1B 00 00 00 00 00 81 0C 01 02 96 08 02 00 00 00 00 00 00 00 00 00 FF 00 DF EF 4C 06 00 24 00 00 00 00 DF EF 4D 24 3B 35 34 31 33 33 33 30 30 38 39 36 30 30 30 31 30 3D 31 34 31 32 32 30 31 30 31 32 33 34 30 39 31 37 32 3F FF EE 01 05 DF EE 30 01 00 37 D6 00 00 00 00 00 00 00 00 00 00 00 00 00 00 00 00 00 00 00 00 00 00 00 00 00 00 00 00 00 00 00  

 --- 04-03 set group 80 (MasterCard), DF8124 = 300

2026/10/6 14:53:13.798 [TX] - 56 69 56 4F 74 65 63 68 32 00 04 03 01 06 DF EE 2D 01 80 9F 01 00 9F 1A 02 08 40 9F 1C 00 9F 1D 08 6C FF 00 00 00 00 00 00 5F 57 00 DF 60 00 DF 62 00 DF 63 00 DF 81 08 00 DF 81 09 00 DF 81 0A 00 DF 81 0D 00 DF 81 17 01 00 DF 81 18 01 60 DF 81 19 01 08 DF 81 1A 03 9F 6A 04 DF 81 1B 01 20 DF 81 1C 02 00 00 DF 81 1D 01 00 DF 81 1E 01 10 DF 81 1F 01 08 DF 81 20 05 00 00 00 00 00 DF 81 22 05 00 00 00 00 00 DF 81 21 05 00 00 00 00 00 DF 81 23 06 00 00 00 01 00 00 DF 81 24 06 00 00 00 03 00 00 DF 81 25 06 00 00 00 05 00 00 DF 81 26 06 00 00 00 00 10 00 DF 81 2C 01 00 9F 09 02 00 02 9F 15 02 11 11 9F 16 00 9F 1E 08 30 30 30 30 30 30 30 30 9F 33 00 9F 35 01 22 9F 40 05 00 00 00 00 00 9F 4E 00 9F 6D 02 00 01 9F 7E 00 DF EE 0F 01 01 DF EE 37 01 03 DF EE 38 01 00 9F 53 01 00 DF EF 46 02 9F 41 DF EF 4F 02 9F 41 DF EF 4E 02 9F 41 03 E2 
2026/10/6 14:53:13.858 [RX] - 56 69 56 4F 74 65 63 68 32 00 04 00 00 00 AE 16 00 00 00 00 00 00 00 00 00 00 00 00 00 00 00 00 00 00 00 00 00 00 00 00 00 00 00 00 00 00 00 00 00 00 00 00 00 00 00 00 00 00 00 00 00 00 00  

 --- 04-03 set group 90 (VISA), DFEE34 = 100

2026/10/6 14:53:13.887 [TX] - 56 69 56 4F 74 65 63 68 32 00 04 03 00 59 DF EE 2D 01 90 9F 1A 02 08 40 5F 2A 02 08 40 5F 36 01 02 9F 35 01 15 9F 66 04 30 80 C0 00 DF EE 34 06 00 00 00 01 00 00 DF 81 26 06 00 00 00 00 60 00 9F 1B 04 00 00 1F 40 DF 5B 01 05 9F 33 03 E0 08 40 DF EC 2E 01 61 9F 40 05 80 00 00 00 00 9F 02 06 00 00 00 00 05 00 80 8D 
2026/10/6 14:53:13.938 [RX] - 56 69 56 4F 74 65 63 68 32 00 04 00 00 00 AE 16 00 00 00 00 00 00 00 00 00 00 00 00 00 00 00 00 00 00 00 00 00 00 00 00 00 00 00 00 00 00 00 00 00 00 00 00 00 00 00 00 00 00 00 00 00 00 00  

 --- 02-40 w/ amount 101>>>>> cycle 1

2026/10/6 14:53:16.731 [TX] - 56 69 56 4F 74 65 63 68 32 00 02 40 00 1A 3C 9F 02 06 00 00 00 01 01 00 9A 03 07 11 21 9F 21 03 10 15 20 DF EF 37 01 02 C8 6E 
2026/10/6 14:53:17.573 [RX] - 56 69 56 4F 74 65 63 68 32 00 02  RX: 02-XX 0A 00 6A 61 DF EE 26 02 61 00 DF EE 02 04 22 00 00 01 DF 81 29 08 40 F0 F0 F0 80 F0 FF 00 DF 81 16 16 1C 02 00 00 00 00 00 00 00 00 00 00 00 00 00 00 00 00 00 00 00 00 96 08 00 00 00 00 00 00 00 00 DF EC 1C 1E 08 07 00 04 FF 00 1C 02 00 00 00 FF 00 00 00 00 00 00 00 00 00 00 00 00 00 00 00 00 FF 00 FF EE 01 05 DF EE 30 01 00 24 C2 00 00 00 00  

 --- 02-40 w/ amount 101>>>>> cycle 2

2026/10/6 14:53:19.336 [TX] - 56 69 56 4F 74 65 63 68 32 00 02 40 00 1A 3C 9F 02 06 00 00 00 01 01 00 9A 03 07 11 21 9F 21 03 10 15 20 DF EF 37 01 02 C8 6E 
2026/10/6 14:53:22.384 [RX] - 56 69 56 4F 74 65 63 68 32 00 02  RX: 02-XX 0A 00 6A 61 DF EE 26 02 61 00 DF EE 02 04 22 00 00 01 DF 81 29 08 40 F0 F0 F0 80 F0 FF 00 DF 81 16 16 1C 02 00 00 00 00 00 00 00 00 00 00 00 00 00 00 00 00 00 00 00 00 96 08 00 00 00 00 00 00 00 00 DF EC 1C 1E 08 07 00 04 FF 00 1C 02 00 00 00 FF 00 00 00 00 00 00 00 00 00 00 00 00 00 00 00 00 FF 00 FF EE 01 05 DF EE 30 01 00 24 C2 00 00 00 00  

 --- 02-40 w/ amount 101>>>>> cycle 3

2026/10/6 14:53:23.703 [TX] - 56 69 56 4F 74 65 63 68 32 00 02 40 00 1A 3C 9F 02 06 00 00 00 01 01 00 9A 03 07 11 21 9F 21 03 10 15 20 DF EF 37 01 02 C8 6E 
2026/10/6 14:53:24.332 [RX] - 56 69 56 4F 74 65 63 68 32 00 02  RX: 02-XX 0A 00 6A 61 DF EE 26 02 61 00 DF EE 02 04 22 00 00 01 DF 81 29 08 40 F0 F0 F0 80 F0 FF 00 DF 81 16 16 1C 02 00 00 00 00 00 00 00 00 00 00 00 00 00 00 00 00 00 00 00 00 96 08 00 00 00 00 00 00 00 00 DF EC 1C 1E 08 07 00 04 FF 00 1C 02 00 00 00 FF 00 00 00 00 00 00 00 00 00 00 00 00 00 00 00 00 FF 00 FF EE 01 05 DF EE 30 01 00 24 C2 00 00 00 00  

 --- 02-40 w/ amount 101>>>>> cycle 4

2026/10/6 14:53:26.504 [TX] - 56 69 56 4F 74 65 63 68 32 00 02 40 00 1A 3C 9F 02 06 00 00 00 01 01 00 9A 03 07 11 21 9F 21 03 10 15 20 DF EF 37 01 02 C8 6E 
2026/10/6 14:53:27.671 [RX] - 56 69 56 4F 74 65 63 68 32 00 02  RX: 02-XX 0A 00 6A 61 DF EE 26 02 61 00 DF EE 02 04 22 00 00 01 DF 81 29 08 40 F0 F0 F0 80 F0 FF 00 DF 81 16 16 1C 02 00 00 00 00 00 00 00 00 00 00 00 00 00 00 00 00 00 00 00 00 96 08 00 00 00 00 00 00 00 00 DF EC 1C 1E 08 07 00 04 FF 00 1C 02 00 00 00 FF 00 00 00 00 00 00 00 00 00 00 00 00 00 00 00 00 FF 00 FF EE 01 05 DF EE 30 01 00 24 C2 00 00 00 00  

 --- 02-40 w/ amount 101>>>>> cycle 5

2026/10/6 14:53:29.463 [TX] - 56 69 56 4F 74 65 63 68 32 00 02 40 00 1A 3C 9F 02 06 00 00 00 01 01 00 9A 03 07 11 21 9F 21 03 10 15 20 DF EF 37 01 02 C8 6E 
2026/10/6 14:53:31.008 [RX] - 56 69 56 4F 74 65 63 68 32 00 02  RX: 02-XX 0A 00 6A 61 DF EE 26 02 61 00 DF EE 02 04 22 00 00 01 DF 81 29 08 40 F0 F0 F0 80 F0 FF 00 DF 81 16 16 1C 02 00 00 00 00 00 00 00 00 00 00 00 00 00 00 00 00 00 00 00 00 96 08 00 00 00 00 00 00 00 00 DF EC 1C 1E 08 07 00 04 FF 00 1C 02 00 00 00 FF 00 00 00 00 00 00 00 00 00 00 00 00 00 00 00 00 FF 00 FF EE 01 05 DF EE 30 01 00 24 C2 00 00 00 00  

 --- 02-40 w/ amount 301>>>>> cycle 1

2026/10/6 14:53:35.351 [TX] - 56 69 56 4F 74 65 63 68 32 00 02 40 00 15 3C 9F 02 06 00 00 00 03 01 00 9A 03 07 11 21 9F 21 03 10 15 20 2A B5 
2026/10/6 14:53:36.450 [RX] - 56 69 56 4F 74 65 63 68 32 00 02  RX: 02-XX 0A 00 98 61 DF EE 26 02 61 00 DF EE 02 04 27 90 00 04 DF 81 29 08 50 20 F0 F0 10 F0 FF 00 FF 81 06 1E 9F 42 02 09 78 DF 81 0B 01 00 DF 81 15 06 00 05 00 00 00 FF DF 81 0E 01 00 DF 81 0F 01 00 DF 81 29 08 40 F0 F0 F0 90 F0 FF 00 FF 81 06 0A DF 81 15 06 00 0A 00 00 00 1C DF 81 16 0D 1C 00 00 00 13 00 00 00 00 00 00 00 00 DF EE 4C 01 03 DF EC 1C 1E 08 07 00 04 FF 00 1C 00 00 00 13 00 EE 4C 01 03 16 0D 1C 00 00 00 00 00 00 00 00 00 FF 00 FF EE 01 05 DF EE 30 01 00 BA CC 00 00 00 00 00 00 00 00 00 00 00 00 00 00 00 00 00 00 00 00 00  

 --- 02-40 w/ amount 301>>>>> cycle 2

2026/10/6 14:53:38.395 [TX] - 56 69 56 4F 74 65 63 68 32 00 02 40 00 15 3C 9F 02 06 00 00 00 03 01 00 9A 03 07 11 21 9F 21 03 10 15 20 2A B5 
2026/10/6 14:53:40.434 [RX] - 56 69 56 4F 74 65 63 68 32 00 02  RX: 02-XX 0A 00 98 61 DF EE 26 02 61 00 DF EE 02 04 27 90 00 04 DF 81 29 08 50 20 F0 F0 10 F0 FF 00 FF 81 06 1E 9F 42 02 09 78 DF 81 0B 01 00 DF 81 15 06 00 05 00 00 00 FF DF 81 0E 01 00 DF 81 0F 01 00 DF 81 29 08 40 F0 F0 F0 90 F0 FF 00 FF 81 06 0A DF 81 15 06 00 0A 00 00 00 1C DF 81 16 0D 1C 00 00 00 13 00 00 00 00 00 00 00 00 DF EE 4C 01 03 DF EC 1C 1E 08 07 00 04 FF 00 1C 00 00 00 13 00 EE 4C 01 03 16 0D 1C 00 00 00 00 00 00 00 00 00 FF 00 FF EE 01 05 DF EE 30 01 00 BA CC 00 00 00 00 00 00 00 00 00 00 00 00 00 00 00 00 00 00 00 00 00  

 --- 02-40 w/ amount 301>>>>> cycle 3

2026/10/6 14:53:41.639 [TX] - 56 69 56 4F 74 65 63 68 32 00 02 40 00 15 3C 9F 02 06 00 00 00 03 01 00 9A 03 07 11 21 9F 21 03 10 15 20 2A B5 
2026/10/6 14:53:43.672 [RX] - 56 69 56 4F 74 65 63 68 32 00 02  RX: 02-XX 0A 00 98 61 DF EE 26 02 61 00 DF EE 02 04 27 90 00 04 DF 81 29 08 50 20 F0 F0 10 F0 FF 00 FF 81 06 1E 9F 42 02 09 78 DF 81 0B 01 00 DF 81 15 06 00 05 00 00 00 FF DF 81 0E 01 00 DF 81 0F 01 00 DF 81 29 08 40 F0 F0 F0 90 F0 FF 00 FF 81 06 0A DF 81 15 06 00 0A 00 00 00 1C DF 81 16 0D 1C 00 00 00 13 00 00 00 00 00 00 00 00 DF EE 4C 01 03 DF EC 1C 1E 08 07 00 04 FF 00 1C 00 00 00 13 00 EE 4C 01 03 16 0D 1C 00 00 00 00 00 00 00 00 00 FF 00 FF EE 01 05 DF EE 30 01 00 BA CC 00 00 00 00 00 00 00 00 00 00 00 00 00 00 00 00 00 00 00 00 00  

 --- 02-40 w/ amount 301>>>>> cycle 4

2026/10/6 14:53:45.192 [TX] - 56 69 56 4F 74 65 63 68 32 00 02 40 00 15 3C 9F 02 06 00 00 00 03 01 00 9A 03 07 11 21 9F 21 03 10 15 20 2A B5 
2026/10/6 14:53:46.459 [RX] - 56 69 56 4F 74 65 63 68 32 00 02  RX: 02-XX 0A 00 98 61 DF EE 26 02 61 00 DF EE 02 04 27 90 00 04 DF 81 29 08 50 20 F0 F0 10 F0 FF 00 FF 81 06 1E 9F 42 02 09 78 DF 81 0B 01 00 DF 81 15 06 00 05 00 00 00 FF DF 81 0E 01 00 DF 81 0F 01 00 DF 81 29 08 40 F0 F0 F0 90 F0 FF 00 FF 81 06 0A DF 81 15 06 00 0A 00 00 00 1C DF 81 16 0D 1C 00 00 00 13 00 00 00 00 00 00 00 00 DF EE 4C 01 03 DF EC 1C 1E 08 07 00 04 FF 00 1C 00 00 00 13 00 EE 4C 01 03 16 0D 1C 00 00 00 00 00 00 00 00 00 FF 00 FF EE 01 05 DF EE 30 01 00 BA CC 00 00 00 00 00 00 00 00 00 00 00 00 00 00 00 00 00 00 00 00 00  

 --- 02-40 w/ amount 301>>>>> cycle 5

2026/10/6 14:53:47.689 [TX] - 56 69 56 4F 74 65 63 68 32 00 02 40 00 15 3C 9F 02 06 00 00 00 03 01 00 9A 03 07 11 21 9F 21 03 10 15 20 2A B5 
2026/10/6 14:53:49.666 [RX] - 56 69 56 4F 74 65 63 68 32 00 02  RX: 02-XX 0A 00 98 61 DF EE 26 02 61 00 DF EE 02 04 27 90 00 04 DF 81 29 08 50 20 F0 F0 10 F0 FF 00 FF 81 06 1E 9F 42 02 09 78 DF 81 0B 01 00 DF 81 15 06 00 05 00 00 00 FF DF 81 0E 01 00 DF 81 0F 01 00 DF 81 29 08 40 F0 F0 F0 90 F0 FF 00 FF 81 06 0A DF 81 15 06 00 0A 00 00 00 1C DF 81 16 0D 1C 00 00 00 13 00 00 00 00 00 00 00 00 DF EE 4C 01 03 DF EC 1C 1E 08 07 00 04 FF 00 1C 00 00 00 13 00 EE 4C 01 03 16 0D 1C 00 00 00 00 00 00 00 00 00 FF 00 FF EE 01 05 DF EE 30 01 00 BA CC 00 00 00 00 00 00 00 00 00 00 00 00 00 00 00 00 00 00 00 00 00  

 --- 02-40 w/ amount 101>>>>> cycle 1

2026/10/6 14:53:54.696 [TX] - 56 69 56 4F 74 65 63 68 32 00 02 40 00 1A 3C 9F 02 06 00 00 00 01 01 00 9A 03 07 11 21 9F 21 03 10 15 20 DF EF 37 01 02 C8 6E 
2026/10/6 14:53:56.022 [RX] - 56 69 56 4F 74 65 63 68 32 00 02  RX: 02-XX 0A 00 6A 61 DF EE 26 02 61 00 DF EE 02 04 22 00 00 01 DF 81 29 08 40 F0 F0 F0 80 F0 FF 00 DF 81 16 16 1C 02 00 00 00 00 00 00 00 00 00 00 00 00 00 00 00 00 00 00 00 00 96 08 00 00 00 00 00 00 00 00 DF EC 1C 1E 08 07 00 04 FF 00 1C 02 00 00 00 FF 00 00 00 00 00 00 00 00 00 00 00 00 00 00 00 00 FF 00 FF EE 01 05 DF EE 30 01 00 24 C2 00 00 00 00  

 --- 02-40 w/ amount 101>>>>> cycle 2

2026/10/6 14:53:58.488 [TX] - 56 69 56 4F 74 65 63 68 32 00 02 40 00 1A 3C 9F 02 06 00 00 00 01 01 00 9A 03 07 11 21 9F 21 03 10 15 20 DF EF 37 01 02 C8 6E 
2026/10/6 14:53:59.692 [RX] - 56 69 56 4F 74 65 63 68 32 00 02  RX: 02-XX 0A 00 6A 61 DF EE 26 02 61 00 DF EE 02 04 27 00 00 01 DF 81 29 08 40 F0 F0 F0 80 F0 FF 00 DF 81 16 16 1C 02 00 00 00 00 00 00 00 00 00 00 00 00 00 00 00 00 00 00 00 00 96 08 00 00 00 00 00 00 00 00 DF EC 1C 1E 08 07 00 04 FF 00 1C 02 00 00 00 FF 00 00 00 00 00 00 00 00 00 00 00 00 00 00 00 00 FF 00 FF EE 01 05 DF EE 30 01 00 75 11 00 00 00 00  

 --- 02-40 w/ amount 301>>>>> cycle 1

2026/10/6 14:54:05.835 [TX] - 56 69 56 4F 74 65 63 68 32 00 02 40 00 15 3C 9F 02 06 00 00 00 03 01 00 9A 03 07 11 21 9F 21 03 10 15 20 2A B5 
2026/10/6 14:54:07.005 [RX] - 56 69 56 4F 74 65 63 68 32 00 02  RX: 02-XX 0A 00 6A 61 DF EE 26 02 61 00 DF EE 02 04 27 00 00 01 DF 81 29 08 40 F0 F0 F0 80 F0 FF 00 DF 81 16 16 1C 02 00 00 00 00 00 00 00 00 00 00 00 00 00 00 00 00 00 00 00 00 96 08 00 00 00 00 00 00 00 00 DF EC 1C 1E 08 07 00 04 FF 00 1C 02 00 00 00 FF 00 00 00 00 00 00 00 00 00 00 00 00 00 00 00 00 FF 00 FF EE 01 05 DF EE 30 01 00 75 11 00 00 00 00  

 --- 02-40 w/ amount 301>>>>> cycle 2

2026/10/6 14:54:09.240 [TX] - 56 69 56 4F 74 65 63 68 32 00 02 40 00 15 3C 9F 02 06 00 00 00 03 01 00 9A 03 07 11 21 9F 21 03 10 15 20 2A B5 
2026/10/6 14:54:19.976 [RX] - 56 69 56 4F 74 65 63 68 32 00 02  RX: 02-XX 0A 00 98 61 DF EE 26 02 61 00 DF EE 02 04 27 90 00 04 DF 81 29 08 50 20 F0 F0 10 F0 FF 00 FF 81 06 1E 9F 42 02 09 78 DF 81 0B 01 00 DF 81 15 06 00 05 00 00 00 FF DF 81 0E 01 00 DF 81 0F 01 00 DF 81 29 08 40 F0 F0 F0 90 F0 FF 00 FF 81 06 0A DF 81 15 06 00 0A 00 00 00 1C DF 81 16 0D 1C 00 00 00 13 00 00 00 00 00 00 00 00 DF EE 4C 01 03 DF EC 1C 1E 08 07 00 04 FF 00 1C 00 00 00 13 00 EE 4C 01 03 16 0D 1C 00 00 00 00 00 00 00 00 00 FF 00 FF EE 01 05 DF EE 30 01 00 BA CC 00 00 00 00 00 00 00 00 00 00 00 00 00 00 00 00 00 00 00 00 00  

 --- 77-05

2026/10/6 14:54:25.640 [TX] - 56 69 56 4F 74 65 63 68 32 00 77 05 00 00 4F 9C 
2026/10/6 14:54:25.650 [RX] - 56 69 56 4F 74 65 63 68 32 00 77 00 00 00 77 BF 00 00 00 00 00 00 00 00 00 00 00 00 00 00 00 00 00 00 00 00 00 00 00 00 00 00 00 00 00 00 00 00 00 00 00 00 00 00 00 00 00 00 00 00 00 00 00  

 --- 02-40 w/ amount 101>>>>> cycle 1

2026/10/6 14:54:48.603 [TX] - 56 69 56 4F 74 65 63 68 32 00 02 40 00 1A 3C 9F 02 06 00 00 00 01 01 00 9A 03 07 11 21 9F 21 03 10 15 20 DF EF 37 01 02 C8 6E 
2026/10/6 14:54:49.497 [RX] - 56 69 56 4F 74 65 63 68 32 00 02  RX: 02-XX 0A 00 6A 61 DF EE 26 02 61 00 DF EE 02 04 22 00 00 01 DF 81 29 08 40 F0 F0 F0 80 F0 FF 00 DF 81 16 16 1C 02 00 00 00 00 00 00 00 00 00 00 00 00 00 00 00 00 00 00 00 00 96 08 00 00 00 00 00 00 00 00 DF EC 1C 1E 08 07 00 04 FF 00 1C 02 00 00 00 FF 00 00 00 00 00 00 00 00 00 00 00 00 00 00 00 00 FF 00 FF EE 01 05 DF EE 30 01 00 24 C2 00 00 00 00  

 --- 02-40 w/ amount 101>>>>> cycle 2

2026/10/6 14:54:50.954 [TX] - 56 69 56 4F 74 65 63 68 32 00 02 40 00 1A 3C 9F 02 06 00 00 00 01 01 00 9A 03 07 11 21 9F 21 03 10 15 20 DF EF 37 01 02 C8 6E 
2026/10/6 14:54:51.723 [RX] - 56 69 56 4F 74 65 63 68 32 00 02  RX: 02-XX 0A 00 6A 61 DF EE 26 02 61 00 DF EE 02 04 22 00 00 01 DF 81 29 08 40 F0 F0 F0 80 F0 FF 00 DF 81 16 16 1C 02 00 00 00 00 00 00 00 00 00 00 00 00 00 00 00 00 00 00 00 00 96 08 00 00 00 00 00 00 00 00 DF EC 1C 1E 08 07 00 04 FF 00 1C 02 00 00 00 FF 00 00 00 00 00 00 00 00 00 00 00 00 00 00 00 00 FF 00 FF EE 01 05 DF EE 30 01 00 24 C2 00 00 00 00  

 --- 02-40 w/ amount 101>>>>> cycle 3

2026/10/6 14:54:53.257 [TX] - 56 69 56 4F 74 65 63 68 32 00 02 40 00 1A 3C 9F 02 06 00 00 00 01 01 00 9A 03 07 11 21 9F 21 03 10 15 20 DF EF 37 01 02 C8 6E 
2026/10/6 14:54:54.116 [RX] - 56 69 56 4F 74 65 63 68 32 00 02  RX: 02-XX 0A 00 6A 61 DF EE 26 02 61 00 DF EE 02 04 22 00 00 01 DF 81 29 08 40 F0 F0 F0 80 F0 FF 00 DF 81 16 16 1C 02 00 00 00 00 00 00 00 00 00 00 00 00 00 00 00 00 00 00 00 00 96 08 00 00 00 00 00 00 00 00 DF EC 1C 1E 08 07 00 04 FF 00 1C 02 00 00 00 FF 00 00 00 00 00 00 00 00 00 00 00 00 00 00 00 00 FF 00 FF EE 01 05 DF EE 30 01 00 24 C2 00 00 00 00  

 --- 02-40 w/ amount 101>>>>> cycle 4

2026/10/6 14:54:55.896 [TX] - 56 69 56 4F 74 65 63 68 32 00 02 40 00 1A 3C 9F 02 06 00 00 00 01 01 00 9A 03 07 11 21 9F 21 03 10 15 20 DF EF 37 01 02 C8 6E 
2026/10/6 14:54:56.856 [RX] - 56 69 56 4F 74 65 63 68 32 00 02  RX: 02-XX 0A 00 6A 61 DF EE 26 02 61 00 DF EE 02 04 22 00 00 01 DF 81 29 08 40 F0 F0 F0 80 F0 FF 00 DF 81 16 16 1C 02 00 00 00 00 00 00 00 00 00 00 00 00 00 00 00 00 00 00 00 00 96 08 00 00 00 00 00 00 00 00 DF EC 1C 1E 08 07 00 04 FF 00 1C 02 00 00 00 FF 00 00 00 00 00 00 00 00 00 00 00 00 00 00 00 00 FF 00 FF EE 01 05 DF EE 30 01 00 24 C2 00 00 00 00  

 --- 02-40 w/ amount 101>>>>> cycle 5

2026/10/6 14:54:58.312 [TX] - 56 69 56 4F 74 65 63 68 32 00 02 40 00 1A 3C 9F 02 06 00 00 00 01 01 00 9A 03 07 11 21 9F 21 03 10 15 20 DF EF 37 01 02 C8 6E 
2026/10/6 14:54:59.080 [RX] - 56 69 56 4F 74 65 63 68 32 00 02  RX: 02-XX 0A 00 6A 61 DF EE 26 02 61 00 DF EE 02 04 22 00 00 01 DF 81 29 08 40 F0 F0 F0 80 F0 FF 00 DF 81 16 16 1C 02 00 00 00 00 00 00 00 00 00 00 00 00 00 00 00 00 00 00 00 00 96 08 00 00 00 00 00 00 00 00 DF EC 1C 1E 08 07 00 04 FF 00 1C 02 00 00 00 FF 00 00 00 00 00 00 00 00 00 00 00 00 00 00 00 00 FF 00 FF EE 01 05 DF EE 30 01 00 24 C2 00 00 00 00  

 --- 02-40 w/ amount 301>>>>> cycle 1

2026/10/6 14:55:03.752 [TX] - 56 69 56 4F 74 65 63 68 32 00 02 40 00 15 3C 9F 02 06 00 00 00 03 01 00 9A 03 07 11 21 9F 21 03 10 15 20 2A B5 
2026/10/6 14:55:04.769 [RX] - 56 69 56 4F 74 65 63 68 32 00 02  RX: 02-XX 0A 00 98 61 DF EE 26 02 61 00 DF EE 02 04 27 90 00 04 DF 81 29 08 50 20 F0 F0 10 F0 FF 00 FF 81 06 1E 9F 42 02 09 78 DF 81 0B 01 00 DF 81 15 06 00 05 00 00 00 FF DF 81 0E 01 00 DF 81 0F 01 00 DF 81 29 08 40 F0 F0 F0 90 F0 FF 00 FF 81 06 0A DF 81 15 06 00 0A 00 00 00 1C DF 81 16 0D 1C 00 00 00 13 00 00 00 00 00 00 00 00 DF EE 4C 01 03 DF EC 1C 1E 08 07 00 04 FF 00 1C 00 00 00 13 00 EE 4C 01 03 16 0D 1C 00 00 00 00 00 00 00 00 00 FF 00 FF EE 01 05 DF EE 30 01 00 BA CC 00 00 00 00 00 00 00 00 00 00 00 00 00 00 00 00 00 00 00 00 00  

 --- 02-40 w/ amount 301>>>>> cycle 2

2026/10/6 14:55:06.264 [TX] - 56 69 56 4F 74 65 63 68 32 00 02 40 00 15 3C 9F 02 06 00 00 00 03 01 00 9A 03 07 11 21 9F 21 03 10 15 20 2A B5 
2026/10/6 14:55:07.361 [RX] - 56 69 56 4F 74 65 63 68 32 00 02  RX: 02-XX 0A 00 98 61 DF EE 26 02 61 00 DF EE 02 04 27 90 00 04 DF 81 29 08 50 20 F0 F0 10 F0 FF 00 FF 81 06 1E 9F 42 02 09 78 DF 81 0B 01 00 DF 81 15 06 00 05 00 00 00 FF DF 81 0E 01 00 DF 81 0F 01 00 DF 81 29 08 40 F0 F0 F0 90 F0 FF 00 FF 81 06 0A DF 81 15 06 00 0A 00 00 00 1C DF 81 16 0D 1C 00 00 00 13 00 00 00 00 00 00 00 00 DF EE 4C 01 03 DF EC 1C 1E 08 07 00 04 FF 00 1C 00 00 00 13 00 EE 4C 01 03 16 0D 1C 00 00 00 00 00 00 00 00 00 FF 00 FF EE 01 05 DF EE 30 01 00 BA CC 00 00 00 00 00 00 00 00 00 00 00 00 00 00 00 00 00 00 00 00 00  

 --- 02-40 w/ amount 301>>>>> cycle 3

2026/10/6 14:55:08.519 [TX] - 56 69 56 4F 74 65 63 68 32 00 02 40 00 15 3C 9F 02 06 00 00 00 03 01 00 9A 03 07 11 21 9F 21 03 10 15 20 2A B5 
2026/10/6 14:55:09.544 [RX] - 56 69 56 4F 74 65 63 68 32 00 02  RX: 02-XX 0A 00 98 61 DF EE 26 02 61 00 DF EE 02 04 27 90 00 04 DF 81 29 08 50 20 F0 F0 10 F0 FF 00 FF 81 06 1E 9F 42 02 09 78 DF 81 0B 01 00 DF 81 15 06 00 05 00 00 00 FF DF 81 0E 01 00 DF 81 0F 01 00 DF 81 29 08 40 F0 F0 F0 90 F0 FF 00 FF 81 06 0A DF 81 15 06 00 0A 00 00 00 1C DF 81 16 0D 1C 00 00 00 13 00 00 00 00 00 00 00 00 DF EE 4C 01 03 DF EC 1C 1E 08 07 00 04 FF 00 1C 00 00 00 13 00 EE 4C 01 03 16 0D 1C 00 00 00 00 00 00 00 00 00 FF 00 FF EE 01 05 DF EE 30 01 00 BA CC 00 00 00 00 00 00 00 00 00 00 00 00 00 00 00 00 00 00 00 00 00  

 --- 02-40 w/ amount 301>>>>> cycle 4

2026/10/6 14:55:11.065 [TX] - 56 69 56 4F 74 65 63 68 32 00 02 40 00 15 3C 9F 02 06 00 00 00 03 01 00 9A 03 07 11 21 9F 21 03 10 15 20 2A B5 
2026/10/6 14:55:12.463 [RX] - 56 69 56 4F 74 65 63 68 32 00 02  RX: 02-XX 0A 00 98 61 DF EE 26 02 61 00 DF EE 02 04 27 90 00 04 DF 81 29 08 50 20 F0 F0 10 F0 FF 00 FF 81 06 1E 9F 42 02 09 78 DF 81 0B 01 00 DF 81 15 06 00 05 00 00 00 FF DF 81 0E 01 00 DF 81 0F 01 00 DF 81 29 08 40 F0 F0 F0 90 F0 FF 00 FF 81 06 0A DF 81 15 06 00 0A 00 00 00 1C DF 81 16 0D 1C 00 00 00 13 00 00 00 00 00 00 00 00 DF EE 4C 01 03 DF EC 1C 1E 08 07 00 04 FF 00 1C 00 00 00 13 00 EE 4C 01 03 16 0D 1C 00 00 00 00 00 00 00 00 00 FF 00 FF EE 01 05 DF EE 30 01 00 BA CC 00 00 00 00 00 00 00 00 00 00 00 00 00 00 00 00 00 00 00 00 00  

 --- 02-40 w/ amount 301>>>>> cycle 5

2026/10/6 14:55:13.787 [TX] - 56 69 56 4F 74 65 63 68 32 00 02 40 00 15 3C 9F 02 06 00 00 00 03 01 00 9A 03 07 11 21 9F 21 03 10 15 20 2A B5 
2026/10/6 14:55:15.254 [RX] - 56 69 56 4F 74 65 63 68 32 00 02  RX: 02-XX 0A 00 98 61 DF EE 26 02 61 00 DF EE 02 04 27 90 00 04 DF 81 29 08 50 20 F0 F0 10 F0 FF 00 FF 81 06 1E 9F 42 02 09 78 DF 81 0B 01 00 DF 81 15 06 00 05 00 00 00 FF DF 81 0E 01 00 DF 81 0F 01 00 DF 81 29 08 40 F0 F0 F0 90 F0 FF 00 FF 81 06 0A DF 81 15 06 00 0A 00 00 00 1C DF 81 16 0D 1C 00 00 00 13 00 00 00 00 00 00 00 00 DF EE 4C 01 03 DF EC 1C 1E 08 07 00 04 FF 00 1C 00 00 00 13 00 EE 4C 01 03 16 0D 1C 00 00 00 00 00 00 00 00 00 FF 00 FF EE 01 05 DF EE 30 01 00 BA CC 00 00 00 00 00 00 00 00 00 00 00 00 00 00 00 00 00 00 00 00 00  

 --- 02-40 w/ amount 101>>>>> cycle 1

2026/10/6 14:55:19.576 [TX] - 56 69 56 4F 74 65 63 68 32 00 02 40 00 1A 3C 9F 02 06 00 00 00 01 01 00 9A 03 07 11 21 9F 21 03 10 15 20 DF EF 37 01 02 C8 6E 
2026/10/6 14:55:21.415 [RX] - 56 69 56 4F 74 65 63 68 32 00 02  RX: 02-XX 0A 00 6A 61 DF EE 26 02 61 00 DF EE 02 04 22 00 00 01 DF 81 29 08 40 F0 F0 F0 80 F0 FF 00 DF 81 16 16 1C 02 00 00 00 00 00 00 00 00 00 00 00 00 00 00 00 00 00 00 00 00 96 08 00 00 00 00 00 00 00 00 DF EC 1C 1E 08 07 00 04 FF 00 1C 02 00 00 00 FF 00 00 00 00 00 00 00 00 00 00 00 00 00 00 00 00 FF 00 FF EE 01 05 DF EE 30 01 00 24 C2 00 00 00 00  

 --- 02-40 w/ amount 101>>>>> cycle 2

2026/10/6 14:55:23.261 [TX] - 56 69 56 4F 74 65 63 68 32 00 02 40 00 1A 3C 9F 02 06 00 00 00 01 01 00 9A 03 07 11 21 9F 21 03 10 15 20 DF EF 37 01 02 C8 6E 
2026/10/6 14:55:25.072 [RX] - 56 69 56 4F 74 65 63 68 32 00 02  RX: 02-XX 0A 00 6A 61 DF EE 26 02 61 00 DF EE 02 04 27 00 00 01 DF 81 29 08 40 F0 F0 F0 80 F0 FF 00 DF 81 16 16 1C 02 00 00 00 00 00 00 00 00 00 00 00 00 00 00 00 00 00 00 00 00 96 08 00 00 00 00 00 00 00 00 DF EC 1C 1E 08 07 00 04 FF 00 1C 02 00 00 00 FF 00 00 00 00 00 00 00 00 00 00 00 00 00 00 00 00 FF 00 FF EE 01 05 DF EE 30 01 00 75 11 00 00 00 00  

 --- 02-40 w/ amount 301>>>>> cycle 1

2026/10/6 14:55:30.457 [TX] - 56 69 56 4F 74 65 63 68 32 00 02 40 00 15 3C 9F 02 06 00 00 00 03 01 00 9A 03 07 11 21 9F 21 03 10 15 20 2A B5 
2026/10/6 14:55:32.296 [RX] - 56 69 56 4F 74 65 63 68 32 00 02  RX: 02-XX 0A 00 6A 61 DF EE 26 02 61 00 DF EE 02 04 27 00 00 01 DF 81 29 08 40 F0 F0 F0 80 F0 FF 00 DF 81 16 16 1C 02 00 00 00 00 00 00 00 00 00 00 00 00 00 00 00 00 00 00 00 00 96 08 00 00 00 00 00 00 00 00 DF EC 1C 1E 08 07 00 04 FF 00 1C 02 00 00 00 FF 00 00 00 00 00 00 00 00 00 00 00 00 00 00 00 00 FF 00 FF EE 01 05 DF EE 30 01 00 75 11 00 00 00 00  

 --- 02-40 w/ amount 301>>>>> cycle 2

2026/10/6 14:55:34.137 [TX] - 56 69 56 4F 74 65 63 68 32 00 02 40 00 15 3C 9F 02 06 00 00 00 03 01 00 9A 03 07 11 21 9F 21 03 10 15 20 2A B5 
2026/10/6 14:55:39.739 [RX] - 56 69 56 4F 74 65 63 68 32 00 02  RX: 02-XX 0A 00 98 61 DF EE 26 02 61 00 DF EE 02 04 27 90 00 04 DF 81 29 08 50 20 F0 F0 10 F0 FF 00 FF 81 06 1E 9F 42 02 09 78 DF 81 0B 01 00 DF 81 15 06 00 05 00 00 00 FF DF 81 0E 01 00 DF 81 0F 01 00 DF 81 29 08 40 F0 F0 F0 90 F0 FF 00 FF 81 06 0A DF 81 15 06 00 0A 00 00 00 1C DF 81 16 0D 1C 00 00 00 13 00 00 00 00 00 00 00 00 DF EE 4C 01 03 DF EC 1C 1E 08 07 00 04 FF 00 1C 00 00 00 13 00 EE 4C 01 03 16 0D 1C 00 00 00 00 00 00 00 00 00 FF 00 FF EE 01 05 DF EE 30 01 00 BA CC 00 00 00 00 00 00 00 00 00 00 00 00 00 00 00 00 00 00 00 00 00  


2026/10/6 14:55:42.785 [TX] - 56 69 56 4F 74 65 63 68 32 00 04 09 00 00 87 30 
2026/10/6 14:55:43.622 [RX] - 56 69 56 4F 74 65 63 68 32 00 04 00 00 00 AE 16 00 00 00 00 00 00 00 00 00 00 00 00 00 00 00 00 00 00 00 00 00 00 00 00 00 00 00 00 00 00 00 00 00 00 00 00 00 00 00 00 00 00 00 00 00 00 00  
---------- END OF TEST ----------

 Result = PASSED


Docklight Log File (HEX) - Stopped 2026/10/6 14:55:45.893 

