Docklight Log File (HEX) - Started 2026/8/7 15:09:31.205 
 TEST CASE: VAS400-1

 --- Set POS COM PORT Settings
 Set POS COM PORT...
 POS operating on COM14 @ 115200 baud...
 Set POS COM PORT - COMPLETE

 

 --- Poll on Demand

2026/8/7 15:09:32.916 [TX] - 56 69 56 4F 74 65 63 68 32 00 01 01 00 01 01 D7 34 
2026/8/7 15:09:32.929 [RX] - 56 69 56 4F 74 65 63 68 32 00 01 00 00 00 12 53  

 --- Burst mode Off

2026/8/7 15:09:33.461 [TX] - 56 69 56 4F 74 65 63 68 32 00 04 00 00 05 DF EE 7E 01 00 60 1E 
2026/8/7 15:09:33.510 [RX] - 56 69 56 4F 74 65 63 68 32 00 04 00 00 00 AE 16  

 --- 02-40 VAS_AND_PAY

2026/8/7 15:09:48.566 [TX] - 56 69 56 4F 74 65 63 68 32 00 02 40 00 32 FA 9F 02 06 00 00 00 00 02 00 9C 01 00 9A 03 17 12 19 9F 21 03 09 58 08 FF EE 06 11 9F 26 04 00 00 00 01 9F 22 02 01 00 DF EE 01 01 03 DF EF 7A 01 01 55 7F 
2026/8/7 15:09:51.073 [RX] - 56 69 56 4F 74 65 63 68 32 00 02 23 01 C6 21 DF EE 26 02 21 00 DF 81 16 16 17 04 00 00 0D 00 00 00 00 00 00 00 00 00 00 00 00 00 00 00 00 00 DF 81 29 08 30 F0 F0 F0 B0 F0 FF 00 FF 81 06 09 9F 5D 06 00 00 00 01 00 00 FF 81 05 82 01 1F 4F 07 A0 00 00 00 03 10 10 50 0C 56 49 53 41 20 54 45 53 54 20 30 31 57 13 47 61 73 90 01 01 00 10 D2 01 21 20 00 12 33 99 00 03 1F 5A 08 47 61 73 90 01 01 00 10 82 02 20 20 84 07 A0 00 00 00 03 10 10 8F 01 51 95 05 00 00 00 00 00 9A 03 17 12 19 9C 01 00 5F 24 03 20 12 31 5F 2A 02 08 40 5F 2D 04 65 73 65 6E 5F 34 01 01 5F 36 01 02 9F 02 06 00 00 00 00 02 00 9F 06 07 A0 00 00 00 03 10 10 9F 10 07 06 01 11 03 90 00 00 9F 11 01 01 9F 12 0C 50 72 65 66 20 4E 61 6D 65 20 30 31 9F 1A 02 08 40 9F 1B 04 00 00 1F 40 9F 1E 08 56 50 36 33 32 38 30 31 9F 21 03 09 58 08 9F 26 08 AA BB CC DD EE FF 11 22 9F 27 01 40 9F 33 03 E0 08 40 9F 34 03 3F 00 00 9F 35 01 15 9F 36 02 00 03 9F 37 04 ED 78 38 64 9F 39 01 07 9F 40 05 80 00 00 00 00 9F 41 04 00 00 00 01 9F 66 04 30 00 C0 00 9F 69 07 01 11 22 33 44 20 00 9F 6C 02 20 00 DF 81 26 06 00 00 00 00 60 00 DF EE 5B 01 05 DF 81 16 16 1B FF 00 00 13 65 73 65 6E 00 00 00 00 20 00 00 00 01 00 00 08 40 96 08 03 00 00 00 00 00 00 00 DF EE 4C 01 06 DF EC 1C 1E 08 03 00 04 FF 00 1B 00 00 00 13 01 00 00 00 01 00 00 08 40 65 73 65 6E 00 00 00 00 FF 00 FF EE 06  << Tag FFEE06 13 9A 03 17 12 19 9F 21 03 09 58 08 DF EE 02 04 20 6A 82 02 DF EF 7B 01 00  << Tag DFEF7B 71 C3  
Tag FFEE01...FAIL!
 

 --- 02-40 VAS_OR_PAY

2026/8/7 15:09:54.090 [TX] - 56 69 56 4F 74 65 63 68 32 00 02 40 00 31 FA 9F 02 06 00 00 00 00 02 00 9C 01 00 9A 03 17 12 19 9F 21 03 09 58 08 FF EE 06 10 9F 26 04 00 00 00 00 9F 22 02 01 00 DF 01 01 03 DF EF 7A 01 01 7E FB 
2026/8/7 15:09:56.327 [RX] - 56 69 56 4F 74 65 63 68 32 00 02 23 01 C6 21 DF EE 26 02 21 00 DF 81 16 16 17 04 00 00 0D 00 00 00 00 00 00 00 00 00 00 00 00 00 00 00 00 00 DF 81 29 08 30 F0 F0 F0 B0 F0 FF 00 FF 81 06 09 9F 5D 06 00 00 00 01 00 00 FF 81 05 82 01 1F 4F 07 A0 00 00 00 03 10 10 50 0C 56 49 53 41 20 54 45 53 54 20 30 31 57 13 47 61 73 90 01 01 00 10 D2 01 21 20 00 12 33 99 00 03 1F 5A 08 47 61 73 90 01 01 00 10 82 02 20 20 84 07 A0 00 00 00 03 10 10 8F 01 51 95 05 00 00 00 00 00 9A 03 17 12 19 9C 01 00 5F 24 03 20 12 31 5F 2A 02 08 40 5F 2D 04 65 73 65 6E 5F 34 01 01 5F 36 01 02 9F 02 06 00 00 00 00 02 00 9F 06 07 A0 00 00 00 03 10 10 9F 10 07 06 01 11 03 90 00 00 9F 11 01 01 9F 12 0C 50 72 65 66 20 4E 61 6D 65 20 30 31 9F 1A 02 08 40 9F 1B 04 00 00 1F 40 9F 1E 08 56 50 36 33 32 38 30 31 9F 21 03 09 58 08 9F 26 08 AA BB CC DD EE FF 11 22 9F 27 01 40 9F 33 03 E0 08 40 9F 34 03 3F 00 00 9F 35 01 15 9F 36 02 00 03 9F 37 04 F4 28 0E 7F 9F 39 01 07 9F 40 05 80 00 00 00 00 9F 41 04 00 00 00 02 9F 66 04 30 00 C0 00 9F 69 07 01 11 22 33 44 20 00 9F 6C 02 20 00 DF 81 26 06 00 00 00 00 60 00 DF EE 5B 01 05 DF 81 16 16 1B FF 00 00 13 65 73 65 6E 00 00 00 00 20 00 00 00 01 00 00 08 40 96 08 03 00 00 00 00 00 00 00 DF EE 4C 01 06 DF EC 1C 1E 08 03 00 04 FF 00 1B 00 00 00 13 01 00 00 00 01 00 00 08 40 65 73 65 6E 00 00 00 00 FF 00 FF EE 06  << Tag FFEE06 13 9A 03 17 12 19 9F 21 03 09 58 08 DF EE 02 04 20 6A 82 02 DF EF 7B 01 00  << Tag DFEF7B 81 61  
Tag FFEE01...FAIL!
 

 ==============
 FAIL items: 2
 ==============
 
---------- END OF TEST ----------

 Result = FAILED
 

 MASTER RESULT = FAILED


Docklight Log File (HEX) - Stopped 2026/8/7 15:09:58.029 

