Docklight Log File (HEX) - Started 2026/9/29 09:43:25.304 
 TEST CASE: EP000701

 --- Set POS COM PORT Settings
 Set POS COM PORT...
 POS operating on COM90 @ 115200 baud...
 Set POS COM PORT - COMPLETE

 
--- Turn On Antenna

2026/9/29 09:43:27.250 [TX] - 56 69 56 4F 74 65 63 68 32 00 28 01 00 01 01 94 1F 
2026/9/29 09:43:27.260 [RX] - 56 69 56 4F 74 65 63 68 32 00 28 00 00 00 D6 6A  Turn On Antenna (OK)

2026/9/29 09:43:27.260 [RX] - 00 00 00 00 00 00 00 00 00 00 00 00 00 00 00 00 00 00 00 00 00 00 00 00 00 00 00 00 00 00 00 00 00 00 00 00 00 00 00 00 00 00 00 00 00 00 00  
--- Start PT Mode

2026/9/29 09:43:27.283 [TX] - 56 69 56 4F 74 65 63 68 32 00 2C 01 00 01 01 1D 19 
2026/9/29 09:43:27.290 [RX] - 56 69 56 4F 74 65 63 68 32 00 2C 00 00 00 1C 9B  PT Command (OK)

2026/9/29 09:43:27.290 [RX] - 00 00 00 00 00 00 00 00 00 00 00 00 00 00 00 00 00 00 00 00 00 00 00 00 00 00 00 00 00 00 00 00 00 00 00 00 00 00 00 00 00 00 00 00 00 00 00  
--- Poll for Token

2026/9/29 09:43:27.302 [TX] - 56 69 56 4F 74 65 63 68 32 00 2C 02 00 02 0A 00 B1 E4 
2026/9/29 09:43:27.442 [RX] - 56 69 56 4F 74 65 63 68 32 00 2C 00 00 05 03 7E BD BA E5 FA EE 00 00 00 00 00 00 00 00 00 00 00 00 00 00 00 00 00 00 00 00 00 00 00 00 00 00 00 00 00 00 00 00 00 00 00 00 00 00 00 00 00 00  
--- 2C-06

2026/9/29 09:43:27.643 [TX] - 56 69 56 4F 74 65 63 68 32 00 2C 06 00 08 10 01 FF FF FF FF FF FF 31 AF 
2026/9/29 09:43:27.655 [RX] - 56 69 56 4F 74 65 63 68 32 00 2C 00 00 00 1C 9B  PT Command (OK)

2026/9/29 09:43:27.655 [RX] - 00 00 00 00 00 00 00 00 00 00 00 00 00 00 00 00 00 00 00 00 00 00 00 00 00 00 00 00 00 00 00 00 00 00 00 00 00 00 00 00 00 00 00 00 00 00 00  
--- Get PCD&PICC Parameters

2026/9/29 09:43:27.863 [TX] - 56 69 56 4F 74 65 63 68 32 00 2C 05 00 00 F7 6B 
2026/9/29 09:43:27.873 [RX] - 56 69 56 4F 74 65 63 68 32 00 2C 00 00 0F 00 10 00 20 00 00 00 00 02 11 B0 00 00 31 A8 C7 CE 00 00 00 00 00 00 00 00 00 00 00 00 00 00 00 00 00 00 00 00 00 00 00 00 00 00 00 00 00 00 00 00  
--- Initialize Blocks

2026/9/29 09:43:28.088 [TX] - 56 69 56 4F 74 65 63 68 32 00 2C 08 00 32 33 10 87 19 00 00 78 E6 FF FF 87 19 00 00 00 FF 00 FF B7 1A 00 00 48 E5 FF FF B7 1A 00 00 00 FF 00 FF 88 19 00 00 77 E6 FF FF 88 19 00 00 00 FF 00 FF E5 79 
2026/9/29 09:43:28.114 [RX] - 56 69 56 4F 74 65 63 68 32 00 2C 00 00 00 1C 9B  PT Command (OK)

2026/9/29 09:43:28.114 [RX] - 00 00 00 00 00 00 00 00 00 00 00 00 00 00 00 00 00 00 00 00 00 00 00 00 00 00 00 00 00 00 00 00 00 00 00 00 00 00 00 00 00 00 00 00 00 00 00  
--- Read 3 Initialized Blocks

2026/9/29 09:43:28.142 [TX] - 56 69 56 4F 74 65 63 68 32 00 2C 07 00 02 33 10 3F 8F 
2026/9/29 09:43:28.157 [RX] - 56 69 56 4F 74 65 63 68 32 00 2C 00 00 30 87 19 00 00 78 E6 FF FF 87 19 00 00 00 FF 00 FF B7 1A 00 00 48 E5 FF FF B7 1A 00 00 00 FF 00 FF 88 19 00 00 77 E6 FF FF 88 19 00 00 00 FF 00 FF 4C D2  Read Initialized Blocks (OK)

2026/9/29 09:43:28.157 [RX] - 00 00 00 00 00 00 00 00 00 00 00 00 00 00 00 00 00 00 00 00 00 00 00 00 00 00 00 00 00 00 00 00 00 00 00 00 00 00 00 00 00 00 00 00 00 00 00 00 00 00 00 00 00 00 00 00 00 00 00 00 00 00  
--- 2C-06 0x20

2026/9/29 09:43:28.174 [TX] - 56 69 56 4F 74 65 63 68 32 00 2C 06 00 08 20 01 FF FF FF FF FF FF 77 73 
2026/9/29 09:43:28.189 [RX] - 56 69 56 4F 74 65 63 68 32 00 2C 00 00 00 1C 9B  PT Command (OK)

2026/9/29 09:43:28.189 [RX] - 00 00 00 00 00 00 00 00 00 00 00 00 00 00 00 00 00 00 00 00 00 00 00 00 00 00 00 00 00 00 00 00 00 00 00 00 00 00 00 00 00 00 00 00 00 00 00  --- 32 to 34: Initialize to default

2026/9/29 09:43:28.388 [TX] - 56 69 56 4F 74 65 63 68 32 00 2C 08 00 32 33 20 32 32 32 32 32 32 32 32 32 32 32 32 32 32 32 32 33 33 33 33 33 33 33 33 33 33 33 33 33 33 33 33 34 34 34 34 34 34 34 34 34 34 34 34 34 34 34 34 6A 83  Result = PASSED

2026/9/29 09:43:28.414 [RX] - 56 69 56 4F 74 65 63 68 32 00 2C 00 00 00 1C 9B  PT Command (OK)

2026/9/29 09:43:28.414 [RX] - 00 00 00 00 00 00 00 00 00 00 00 00 00 00 00 00 00 00 00 00 00 00 00 00 00 00 00 00 00 00 00 00 00 00 00 00 00 00 00 00 00 00 00 00 00 00 00  --- 32 to 34: Read Blocks

2026/9/29 09:43:28.623 [TX] - 56 69 56 4F 74 65 63 68 32 00 2C 07 00 02 33 20 09 DC 
2026/9/29 09:43:28.637 [RX] - 56 69 56 4F 74 65 63 68 32 00 2C 00 00 30 32 32 32 32 32 32 32 32 32 32 32 32 32 32 32 32 33 33 33 33 33 33 33 33 33 33 33 33 33 33 33 33 34 34 34 34 34 34 34 34 34 34 34 34 34 34 34 34 6A 55  32 to 34: Read Blocks - Initialize to default (OK)

2026/9/29 09:43:28.638 [RX] - 00 00 00 00 00 00 00 00 00 00 00 00 00 00 00 00 00 00 00 00 00 00 00 00 00 00 00 00 00 00 00 00 00 00 00 00 00 00 00 00 00 00 00 00 00 00 00 00 00 00 00 00 00 00 00 00 00 00 00 00 00 00  Result = PASSED
 --- 32 to 34: Initialize Blocks

2026/9/29 09:43:28.676 [TX] - 56 69 56 4F 74 65 63 68 32 00 2C 08 00 32 33 20 87 19 00 00 78 E6 FF FF 87 19 00 00 00 FF 00 FF B7 1A 00 00 48 E5 FF FF B7 1A 00 00 00 FF 00 FF 88 19 00 00 77 E6 FF FF 88 19 00 00 00 FF 00 FF 4C 04 
2026/9/29 09:43:28.702 [RX] - 56 69 56 4F 74 65 63 68 32 00 2C 00 00 00 1C 9B  PT Command (OK)

2026/9/29 09:43:28.702 [RX] - 00 00 00 00 00 00 00 00 00 00 00 00 00 00 00 00 00 00 00 00 00 00 00 00 00 00 00 00 00 00 00 00 00 00 00 00 00 00 00 00 00 00 00 00 00 00 00  Result = PASSED
 --- 32 to 34: Read Blocks

2026/9/29 09:43:28.934 [TX] - 56 69 56 4F 74 65 63 68 32 00 2C 07 00 02 33 20 09 DC 
2026/9/29 09:43:28.948 [RX] - 56 69 56 4F 74 65 63 68 32 00 2C 00 00 30 87 19 00 00 78 E6 FF FF 87 19 00 00 00 FF 00 FF B7 1A 00 00 48 E5 FF FF B7 1A 00 00 00 FF 00 FF 88 19 00 00 77 E6 FF FF 88 19 00 00 00 FF 00 FF 4C D2  Read Initialized Blocks (OK)

2026/9/29 09:43:28.949 [RX] - 00 00 00 00 00 00 00 00 00 00 00 00 00 00 00 00 00 00 00 00 00 00 00 00 00 00 00 00 00 00 00 00 00 00 00 00 00 00 00 00 00 00 00 00 00 00 00 00 00 00 00 00 00 00 00 00 00 00 00 00 00 00  Result = PASSED
 --- 32: Subtract 2000 from 20H

2026/9/29 09:43:28.981 [TX] - 56 69 56 4F 74 65 63 68 32 00 2C 0A 00 07 31 20 04 D0 07 00 00 4B BE 
2026/9/29 09:43:29.009 [RX] - 56 69 56 4F 74 65 63 68 32 00 2C 00 00 00 1C 9B  PT Command (OK)

2026/9/29 09:43:29.009 [RX] - 00 00 00 00 00 00 00 00 00 00 00 00 00 00 00 00 00 00 00 00 00 00 00 00 00 00 00 00 00 00 00 00 00 00 00 00 00 00 00 00 00 00 00 00 00 00 00  Result = PASSED
 --- 32 to 34: Read Blocks

2026/9/29 09:43:29.249 [TX] - 56 69 56 4F 74 65 63 68 32 00 2C 07 00 02 33 20 09 DC 
2026/9/29 09:43:29.263 [RX] - 56 69 56 4F 74 65 63 68 32 00 2C 00 00 30 B7 11 00 00 48 EE FF FF B7 11 00 00 00 FF 00 FF B7 1A 00 00 48 E5 FF FF B7 1A 00 00 00 FF 00 FF 88 19 00 00 77 E6 FF FF 88 19 00 00 00 FF 00 FF 8C 7A  32: Read Block - Subtract 2000 from 20H (OK)

2026/9/29 09:43:29.264 [RX] - 00 00 00 00 00 00 00 00 00 00 00 00 00 00 00 00 00 00 00 00 00 00 00 00 00 00 00 00 00 00 00 00 00 00 00 00 00 00 00 00 00 00 00 00 00 00 00 00 00 00 00 00 00 00 00 00 00 00 00 00 00 00  Result = PASSED
 --- 32 to 34: Initialize to default

2026/9/29 09:43:29.297 [TX] - 56 69 56 4F 74 65 63 68 32 00 2C 08 00 32 33 20 32 32 32 32 32 32 32 32 32 32 32 32 32 32 32 32 33 33 33 33 33 33 33 33 33 33 33 33 33 33 33 33 34 34 34 34 34 34 34 34 34 34 34 34 34 34 34 34 6A 83 
2026/9/29 09:43:29.323 [RX] - 56 69 56 4F 74 65 63 68 32 00 2C 00 00 00 1C 9B  PT Command (OK)

2026/9/29 09:43:29.323 [RX] - 00 00 00 00 00 00 00 00 00 00 00 00 00 00 00 00 00 00 00 00 00 00 00 00 00 00 00 00 00 00 00 00 00 00 00 00 00 00 00 00 00 00 00 00 00 00 00  Result = PASSED
 --- 32 to 34: Read Blocks

2026/9/29 09:43:29.552 [TX] - 56 69 56 4F 74 65 63 68 32 00 2C 07 00 02 33 20 09 DC 
2026/9/29 09:43:29.566 [RX] - 56 69 56 4F 74 65 63 68 32 00 2C 00 00 30 32 32 32 32 32 32 32 32 32 32 32 32 32 32 32 32 33 33 33 33 33 33 33 33 33 33 33 33 33 33 33 33 34 34 34 34 34 34 34 34 34 34 34 34 34 34 34 34 6A 55  32 to 34: Read Blocks - Initialize to default (OK)

2026/9/29 09:43:29.567 [RX] - 00 00 00 00 00 00 00 00 00 00 00 00 00 00 00 00 00 00 00 00 00 00 00 00 00 00 00 00 00 00 00 00 00 00 00 00 00 00 00 00 00 00 00 00 00 00 00 00 00 00 00 00 00 00 00 00 00 00 00 00 00 00  Result = PASSED
 --- 32 to 34: Initialize Blocks

2026/9/29 09:43:29.599 [TX] - 56 69 56 4F 74 65 63 68 32 00 2C 08 00 32 33 20 87 19 00 00 78 E6 FF FF 87 19 00 00 00 FF 00 FF B7 1A 00 00 48 E5 FF FF B7 1A 00 00 00 FF 00 FF 88 19 00 00 77 E6 FF FF 88 19 00 00 00 FF 00 FF 4C 04 
2026/9/29 09:43:29.625 [RX] - 56 69 56 4F 74 65 63 68 32 00 2C 00 00 00 1C 9B  PT Command (OK)

2026/9/29 09:43:29.625 [RX] - 00 00 00 00 00 00 00 00 00 00 00 00 00 00 00 00 00 00 00 00 00 00 00 00 00 00 00 00 00 00 00 00 00 00 00 00 00 00 00 00 00 00 00 00 00 00 00  Result = PASSED
 --- 32 to 34: Read Blocks

2026/9/29 09:43:29.849 [TX] - 56 69 56 4F 74 65 63 68 32 00 2C 07 00 02 33 20 09 DC 
2026/9/29 09:43:29.863 [RX] - 56 69 56 4F 74 65 63 68 32 00 2C 00 00 30 87 19 00 00 78 E6 FF FF 87 19 00 00 00 FF 00 FF B7 1A 00 00 48 E5 FF FF B7 1A 00 00 00 FF 00 FF 88 19 00 00 77 E6 FF FF 88 19 00 00 00 FF 00 FF 4C D2  Read Initialized Blocks (OK)

2026/9/29 09:43:29.864 [RX] - 00 00 00 00 00 00 00 00 00 00 00 00 00 00 00 00 00 00 00 00 00 00 00 00 00 00 00 00 00 00 00 00 00 00 00 00 00 00 00 00 00 00 00 00 00 00 00 00 00 00 00 00 00 00 00 00 00 00 00 00 00 00  Result = PASSED
 --- 32: Decrement with specified Key A and BACKUP

2026/9/29 09:43:29.899 [TX] - 56 69 56 4F 74 65 63 68 32 00 2C 0A 00 11 32 20 0B 2C 01 00 00 01 FF FF FF FF FF FF 21 01 20 A2 BA 
2026/9/29 09:43:29.948 [RX] - 56 69 56 4F 74 65 63 68 32 00 2C 00 00 00 1C 9B  PT Command (OK)

2026/9/29 09:43:29.948 [RX] - 00 00 00 00 00 00 00 00 00 00 00 00 00 00 00 00 00 00 00 00 00 00 00 00 00 00 00 00 00 00 00 00 00 00 00 00 00 00 00 00 00 00 00 00 00 00 00  Result = PASSED
 --- 32 to 34: Read Blocks

2026/9/29 09:43:30.179 [TX] - 56 69 56 4F 74 65 63 68 32 00 2C 07 00 02 33 20 09 DC 
2026/9/29 09:43:30.193 [RX] - 56 69 56 4F 74 65 63 68 32 00 2C 00 00 30 5B 18 00 00 A4 E7 FF FF 5B 18 00 00 00 FF 00 FF 5B 18 00 00 A4 E7 FF FF 5B 18 00 00 00 FF 00 FF 88 19 00 00 77 E6 FF FF 88 19 00 00 00 FF 00 FF 7C 42  32: Decrement with specified Key A and BACKUP (OK)

2026/9/29 09:43:30.194 [RX] - 00 00 00 00 00 00 00 00 00 00 00 00 00 00 00 00 00 00 00 00 00 00 00 00 00 00 00 00 00 00 00 00 00 00 00 00 00 00 00 00 00 00 00 00 00 00 00 00 00 00 00 00 00 00 00 00 00 00 00 00 00 00  Result = PASSED
 --- 32 to 34: Initialize to default

2026/9/29 09:43:30.230 [TX] - 56 69 56 4F 74 65 63 68 32 00 2C 08 00 32 33 20 32 32 32 32 32 32 32 32 32 32 32 32 32 32 32 32 33 33 33 33 33 33 33 33 33 33 33 33 33 33 33 33 34 34 34 34 34 34 34 34 34 34 34 34 34 34 34 34 6A 83 
2026/9/29 09:43:30.256 [RX] - 56 69 56 4F 74 65 63 68 32 00 2C 00 00 00 1C 9B  PT Command (OK)

2026/9/29 09:43:30.256 [RX] - 00 00 00 00 00 00 00 00 00 00 00 00 00 00 00 00 00 00 00 00 00 00 00 00 00 00 00 00 00 00 00 00 00 00 00 00 00 00 00 00 00 00 00 00 00 00 00  Result = PASSED
 --- 32 to 34: Read Blocks

2026/9/29 09:43:30.507 [TX] - 56 69 56 4F 74 65 63 68 32 00 2C 07 00 02 33 20 09 DC 
2026/9/29 09:43:30.521 [RX] - 56 69 56 4F 74 65 63 68 32 00 2C 00 00 30 32 32 32 32 32 32 32 32 32 32 32 32 32 32 32 32 33 33 33 33 33 33 33 33 33 33 33 33 33 33 33 33 34 34 34 34 34 34 34 34 34 34 34 34 34 34 34 34 6A 55  32 to 34: Read Blocks - Initialize to default (OK)

2026/9/29 09:43:30.522 [RX] - 00 00 00 00 00 00 00 00 00 00 00 00 00 00 00 00 00 00 00 00 00 00 00 00 00 00 00 00 00 00 00 00 00 00 00 00 00 00 00 00 00 00 00 00 00 00 00 00 00 00 00 00 00 00 00 00 00 00 00 00 00 00  Result = PASSED
 --- 32 to 34: Initialize Blocks

2026/9/29 09:43:30.554 [TX] - 56 69 56 4F 74 65 63 68 32 00 2C 08 00 32 33 20 87 19 00 00 78 E6 FF FF 87 19 00 00 00 FF 00 FF B7 1A 00 00 48 E5 FF FF B7 1A 00 00 00 FF 00 FF 88 19 00 00 77 E6 FF FF 88 19 00 00 00 FF 00 FF 4C 04 
2026/9/29 09:43:30.580 [RX] - 56 69 56 4F 74 65 63 68 32 00 2C 00 00 00 1C 9B  PT Command (OK)

2026/9/29 09:43:30.580 [RX] - 00 00 00 00 00 00 00 00 00 00 00 00 00 00 00 00 00 00 00 00 00 00 00 00 00 00 00 00 00 00 00 00 00 00 00 00 00 00 00 00 00 00 00 00 00 00 00  Result = PASSED
 --- 32 to 34: Read Blocks

2026/9/29 09:43:30.808 [TX] - 56 69 56 4F 74 65 63 68 32 00 2C 07 00 02 33 20 09 DC 
2026/9/29 09:43:30.822 [RX] - 56 69 56 4F 74 65 63 68 32 00 2C 00 00 30 87 19 00 00 78 E6 FF FF 87 19 00 00 00 FF 00 FF B7 1A 00 00 48 E5 FF FF B7 1A 00 00 00 FF 00 FF 88 19 00 00 77 E6 FF FF 88 19 00 00 00 FF 00 FF 4C D2  Read Initialized Blocks (OK)

2026/9/29 09:43:30.823 [RX] - 00 00 00 00 00 00 00 00 00 00 00 00 00 00 00 00 00 00 00 00 00 00 00 00 00 00 00 00 00 00 00 00 00 00 00 00 00 00 00 00 00 00 00 00 00 00 00 00 00 00 00 00 00 00 00 00 00 00 00 00 00 00 
2026/9/29 09:43:30.842 [TX] - 56 69 56 4F 74 65 63 68 32 00 2C 01 00 01 00 0D 38 
2026/9/29 09:43:30.855 [RX] - 56 69 56 4F 74 65 63 68 32 00 2C 00 00 00 1C 9B  PT Command (OK)

2026/9/29 09:43:30.855 [RX] - 00 00 00 00 00 00 00 00 00 00 00 00 00 00 00 00 00 00 00 00 00 00 00 00 00 00 00 00 00 00 00 00 00 00 00 00 00 00 00 00 00 00 00 00 00 00 00  

 ---------- END OF TEST ----------

 Result = PASSED


Docklight Log File (HEX) - Stopped 2026/9/29 09:43:31.149 

