Docklight Log File (HEX) - Started 2026/8/10 14:41:25.017 
 TEST CASE: VAS001-1

 --- Set POS COM PORT Settings
 Set POS COM PORT...
 POS operating on COM90 @ 115200 baud...
 Set POS COM PORT - COMPLETE

 

 --- Clear Merchant 1

2026/8/10 14:41:26.373 [TX] - 56 69 56 4F 74 65 63 68 32 00 04 11 00 63 01 00 00 00 00 00 00 00 00 00 00 00 00 00 00 00 00 00 00 00 00 00 00 00 00 00 00 00 00 00 00 00 00 00 00 00 00 00 00 00 00 00 00 00 00 00 00 00 00 00 00 00 00 00 00 00 00 00 00 00 00 00 00 00 00 00 00 00 00 00 00 00 00 00 00 00 00 00 00 00 00 00 00 00 00 00 00 00 00 00 00 00 00 00 00 00 00 00 00 4D EC 
2026/8/10 14:41:26.418 [RX] - 56 69 56 4F 74 65 63 68 32 00 04 00 00 00 AE 16 00 00 00 00 00 00 00 00 00 00 00 00 00 00 00 00 00 00 00 00 00 00 00 00 00 00 00 00 00 00 00 00 00 00 00 00 00 00 00 00 00 00 00 00 00 00 00  

 --- Clear Merchant 2

2026/8/10 14:41:26.440 [TX] - 56 69 56 4F 74 65 63 68 32 00 04 11 00 63 02 00 00 00 00 00 00 00 00 00 00 00 00 00 00 00 00 00 00 00 00 00 00 00 00 00 00 00 00 00 00 00 00 00 00 00 00 00 00 00 00 00 00 00 00 00 00 00 00 00 00 00 00 00 00 00 00 00 00 00 00 00 00 00 00 00 00 00 00 00 00 00 00 00 00 00 00 00 00 00 00 00 00 00 00 00 00 00 00 00 00 00 00 00 00 00 00 00 00 6B 09 
2026/8/10 14:41:26.471 [RX] - 56 69 56 4F 74 65 63 68 32 00 04 00 00 00 AE 16 00 00 00 00 00 00 00 00 00 00 00 00 00 00 00 00 00 00 00 00 00 00 00 00 00 00 00 00 00 00 00 00 00 00 00 00 00 00 00 00 00 00 00 00 00 00 00  

 --- Clear Merchant 3

2026/8/10 14:41:26.487 [TX] - 56 69 56 4F 74 65 63 68 32 00 04 11 00 63 03 00 00 00 00 00 00 00 00 00 00 00 00 00 00 00 00 00 00 00 00 00 00 00 00 00 00 00 00 00 00 00 00 00 00 00 00 00 00 00 00 00 00 00 00 00 00 00 00 00 00 00 00 00 00 00 00 00 00 00 00 00 00 00 00 00 00 00 00 00 00 00 00 00 00 00 00 00 00 00 00 00 00 00 00 00 00 00 00 00 00 00 00 00 00 00 00 00 00 96 A5 
2026/8/10 14:41:26.518 [RX] - 56 69 56 4F 74 65 63 68 32 00 04 00 00 00 AE 16 00 00 00 00 00 00 00 00 00 00 00 00 00 00 00 00 00 00 00 00 00 00 00 00 00 00 00 00 00 00 00 00 00 00 00 00 00 00 00 00 00 00 00 00 00 00 00  

 --- Clear Merchant 4

2026/8/10 14:41:26.535 [TX] - 56 69 56 4F 74 65 63 68 32 00 04 11 00 63 04 00 00 00 00 00 00 00 00 00 00 00 00 00 00 00 00 00 00 00 00 00 00 00 00 00 00 00 00 00 00 00 00 00 00 00 00 00 00 00 00 00 00 00 00 00 00 00 00 00 00 00 00 00 00 00 00 00 00 00 00 00 00 00 00 00 00 00 00 00 00 00 00 00 00 00 00 00 00 00 00 00 00 00 00 00 00 00 00 00 00 00 00 00 00 00 00 00 00 06 D3 
2026/8/10 14:41:26.566 [RX] - 56 69 56 4F 74 65 63 68 32 00 04 00 00 00 AE 16 00 00 00 00 00 00 00 00 00 00 00 00 00 00 00 00 00 00 00 00 00 00 00 00 00 00 00 00 00 00 00 00 00 00 00 00 00 00 00 00 00 00 00 00 00 00 00  

 --- Clear Merchant 5

2026/8/10 14:41:26.586 [TX] - 56 69 56 4F 74 65 63 68 32 00 04 11 00 63 05 00 00 00 00 00 00 00 00 00 00 00 00 00 00 00 00 00 00 00 00 00 00 00 00 00 00 00 00 00 00 00 00 00 00 00 00 00 00 00 00 00 00 00 00 00 00 00 00 00 00 00 00 00 00 00 00 00 00 00 00 00 00 00 00 00 00 00 00 00 00 00 00 00 00 00 00 00 00 00 00 00 00 00 00 00 00 00 00 00 00 00 00 00 00 00 00 00 00 FB 7F 
2026/8/10 14:41:26.646 [RX] - 56 69 56 4F 74 65 63 68 32 00 04 00 00 00 AE 16 00 00 00 00 00 00 00 00 00 00 00 00 00 00 00 00 00 00 00 00 00 00 00 00 00 00 00 00 00 00 00 00 00 00 00 00 00 00 00 00 00 00 00 00 00 00 00  

 --- Clear Merchant 6

2026/8/10 14:41:26.668 [TX] - 56 69 56 4F 74 65 63 68 32 00 04 11 00 63 06 00 00 00 00 00 00 00 00 00 00 00 00 00 00 00 00 00 00 00 00 00 00 00 00 00 00 00 00 00 00 00 00 00 00 00 00 00 00 00 00 00 00 00 00 00 00 00 00 00 00 00 00 00 00 00 00 00 00 00 00 00 00 00 00 00 00 00 00 00 00 00 00 00 00 00 00 00 00 00 00 00 00 00 00 00 00 00 00 00 00 00 00 00 00 00 00 00 00 DD 9A 
2026/8/10 14:41:26.698 [RX] - 56 69 56 4F 74 65 63 68 32 00 04 00 00 00 AE 16 00 00 00 00 00 00 00 00 00 00 00 00 00 00 00 00 00 00 00 00 00 00 00 00 00 00 00 00 00 00 00 00 00 00 00 00 00 00 00 00 00 00 00 00 00 00 00  

 --- Set Merchant 3 - pass.com.apple.wallet.vas.test_Starbucks 

2026/8/10 14:41:26.728 [TX] - 56 69 56 4F 74 65 63 68 32 00 04 11 00 63 03 01 3D F3 E8 AF 26 98 2A 42 79 72 88 66 4D 56 42 AB 48 C8 0F 99 91 90 A5 1B E0 97 C1 CF 86 E4 CF DF 00 00 00 00 00 00 00 00 00 00 00 00 00 00 00 00 00 00 00 00 00 00 00 00 00 00 00 00 00 00 00 00 00 00 00 00 00 00 00 00 00 00 00 00 00 00 00 00 00 00 00 00 00 00 00 00 00 00 00 00 00 00 00 00 00 06 00 
2026/8/10 14:41:26.759 [RX] - 56 69 56 4F 74 65 63 68 32 00 04 00 00 00 AE 16 00 00 00 00 00 00 00 00 00 00 00 00 00 00 00 00 00 00 00 00 00 00 00 00 00 00 00 00 00 00 00 00 00 00 00 00 00 00 00 00 00 00 00 00 00 00 00  

 --- Set Merchant 4 - pass.com.apple.wallet.panera w/URL 

2026/8/10 14:41:26.796 [TX] - 56 69 56 4F 74 65 63 68 32 00 04 11 00 63 04 01 06 41 3B 95 7A 52 59 98 3B 60 8C FC 89 CF B1 DA B9 0C E7 05 AD 8E FF 78 E9 DE 12 2C CF 8D 2C BF 0E 77 77 77 2E 70 61 6E 65 72 61 2E 63 6F 6D 00 00 00 00 00 00 00 00 00 00 00 00 00 00 00 00 00 00 00 00 00 00 00 00 00 00 00 00 00 00 00 00 00 00 00 00 00 00 00 00 00 00 00 00 00 00 00 00 00 00 BD 5C 
2026/8/10 14:41:26.827 [RX] - 56 69 56 4F 74 65 63 68 32 00 04 00 00 00 AE 16 00 00 00 00 00 00 00 00 00 00 00 00 00 00 00 00 00 00 00 00 00 00 00 00 00 00 00 00 00 00 00 00 00 00 00 00 00 00 00 00 00 00 00 00 00 00 00  

 --- Get Merchant 3  

2026/8/10 14:41:26.856 [TX] - 56 69 56 4F 74 65 63 68 32 00 03 11 00 01 03 B1 4B 
2026/8/10 14:41:26.868 [RX] - 56 69 56 4F 74 65 63 68 32 00 03 00 00 63 03 01 3D F3 E8 AF 26 98 2A 42 79 72 88 66 4D 56 42 AB 48 C8 0F 99 91 90 A5 1B E0 97 C1 CF 86 E4 CF DF 00 00 00 00 00 00 00 00 00 00 00 00 00 00 00 00 00 00 00 00 00 00 00 00 00 00 00 00 00 00 00 00 00 00 00 00 00 00 00 00 00 00 00 00 00 00 00 00 00 00 00 00 00 00 00 00 00 00 00 00 00 00 00 00 00 C7 F9 00 00 00 00 00 00 00 00 00 00 00  

 --- Get Merchant 4  

2026/8/10 14:41:26.897 [TX] - 56 69 56 4F 74 65 63 68 32 00 03 11 00 01 04 56 3B 
2026/8/10 14:41:26.901 [RX] - 56 69 56 4F 74 65 63 68 32 00 03 00 00 63 04 01 06 41 3B 95 7A 52 59 98 3B 60 8C FC 89 CF B1 DA B9 0C E7 05 AD 8E FF 78 E9 DE 12 2C CF 8D 2C BF 0E 77 77 77 2E 70 61 6E 65 72 61 2E 63 6F 6D 00 00 00 00 00 00 00 00 00 00 00 00 00 00 00 00 00 00 00 00 00 00 00 00 00 00 00 00 00 00 00 00 00 00 00 00 00 00 00 00 00 00 00 00 00 00 00 00 00 00 9B 42 00 00 00 00 00 00 00 00 00 00 00  

 --- ACT - VAS Only

2026/8/10 14:41:27.661 [TX] - 56 69 56 4F 74 65 63 68 32 00 02 40 00 2A 30 9F 02 06 00 00 00 00 00 01 9C 01 00 FF EE 06 19 9F 22 02 01 00 9F 26 04 00 00 00 02 9F 2B 05 01 00 00 00 00 DF EE 01 01 01 0B 6E 
2026/8/10 14:41:27.692 [RX] - 56 69 56 4F 74 65 63 68 32 00 02 63 00 00 4B B4 00 00 00 00 00 00 00 00 00 00 00 00 00 00 00 00 00 00 00 00 00 00 00 00 00 00 00 00 00 00 00 00 00 00 00 00 00 00 00 00 00 00 00 00 00 00 00 56 69 56 4F 74 65 63 68 32 00 02 57 00 8D 21 DF EE 26 02 21 00 FF EE 06 75 9A 03 26 08 10 9F 21 03 06 41 25 9F 25 20 06 41 3B 95 7A 52 59 98 3B 60 8C FC 89 CF B1 DA B9 0C E7 05 AD 8E FF 78 E9 DE 12 2C CF 8D 2C BF 9F 2A 00 9F 27 41 44 8D EC 4C A6 F8 B6 09 09 AA 30 AB 92 CA 32 3E D9 20 B1 09 2D 04 97 D4 E3 B9 C8 DE 80 72 3A 06 A4 86 6B D8 68 49 E6 8C 09 A4 D0 D7 6D 5E 59 88 7C E9 A1 8D EA 80 59 48 41 C5 44 7F DB DE 07 4F E4 9F 39 01 07 FF EE 01 05 DF EE 30 01 00 C1 A8 00 00 00 00 00 00 00 00 00 00 00 00 00 00 00 00 00 00 00 00 00 00 00 00 00 00 00 00 00 00 00 00  

 ---------- END OF TEST ----------

 Result = PASSED


Docklight Log File (HEX) - Stopped 2026/8/10 14:41:33.640 

