Docklight Log File (HEX) - Started 2026/7/28 10:31:06.220 
 TEST CASE: EVT002

 --- Set POS COM PORT Settings
 Set POS COM PORT...
 POS operating on COM90 @ 115200 baud...
 Set POS COM PORT - COMPLETE

 --- 90-07_UMFG Start Secure Task

2026/7/28 10:31:08.452 [TX] - 56 69 56 4F 74 65 63 68 32 00 90 07 00 01 00 8F B4 
2026/7/28 10:31:08.459 [RX] - 56 69 56 4F 74 65 63 68 32 00 90 00  OK 00 00 A2 78 00 00 00 00 00 00 00 00 00 00 00 00 00 00 00 00 00 00 00 00 00 00 00 00 00 00 00 00 00 00 00 00 00 00 00 00 00 00 00 00 00 00 00 00 00 00 00  

 --- LCD ON

2026/7/28 10:31:08.981 [TX] - 56 69 56 4F 74 65 63 68 32 00 90 13 00 02 01 01 23 7B 
2026/7/28 10:31:08.991 [RX] - 56 69 56 4F 74 65 63 68 32 00 90 00  OK 00 00 A2 78 00 00 00 00 00 00 00 00 00 00 00 00 00 00 00 00 00 00 00 00 00 00 00 00 00 00 00 00 00 00 00 00 00 00 00 00 00 00 00 00 00 00 00 00 00 00 00  

 --- LCD OFF

2026/7/28 10:31:11.464 [TX] - 56 69 56 4F 74 65 63 68 32 00 90 13 00 02 01 00 33 5A 
2026/7/28 10:31:11.472 [RX] - 56 69 56 4F 74 65 63 68 32 00 90 00  OK 00 00 A2 78 00 00 00 00 00 00 00 00 00 00 00 00 00 00 00 00 00 00 00 00 00 00 00 00 00 00 00 00 00 00 00 00 00 00 00 00 00 00 00 00 00 00 00 00 00 00 00  

 --- Transaction msg ID 14 (TRY AGAIN)

2026/7/28 10:31:12.923 [TX] - 56 69 56 4F 74 65 63 68 32 00 90 13 00 04 0D 45 4E 14 A3 E5 
2026/7/28 10:31:12.936 [RX] - 56 69 56 4F 74 65 63 68 32 00 90 00  OK 00 00 A2 78 00 00 00 00 00 00 00 00 00 00 00 00 00 00 00 00 00 00 00 00 00 00 00 00 00 00 00 00 00 00 00 00 00 00 00 00 00 00 00 00 00 00 00 00 00 00 00  

 --- 90-07_UMFG Start Secure Task

2026/7/28 10:31:14.282 [TX] - 56 69 56 4F 74 65 63 68 32 00 90 07 00 01 01 9F 95 
2026/7/28 10:31:14.297 [RX] - 56 69 56 4F 74 65 63 68 32 00 90 00  OK 00 00 A2 78 00 00 00 00 00 00 00 00 00 00 00 00 00 00 00 00 00 00 00 00 00 00 00 00 00 00 00 00 00 00 00 00 00 00 00 00 00 00 00 00 00 00 00 00 00 00 00  

 ---------- END OF TEST ----------

 Result = PASSED


Docklight Log File (HEX) - Stopped 2026/7/28 10:31:14.425 

