Docklight Log File (HEX) - Started 2026/9/2 10:45:37.094 
 TEST CASE: EVT109

 --- Set POS COM PORT Settings
 Set POS COM PORT...
 POS operating on COM90 @ 115200 baud...
 Set POS COM PORT - COMPLETE

 

 --- Tamper Enable

2026/9/2 10:45:38.456 [TX] - 56 69 56 4F 74 65 63 68 32 00 01 0B 00 03 16 00 0F BD 2E 
2026/9/2 10:45:38.467 [RX] - 56 69 56 4F 74 65 63 68 32 00 01 23 00 00 CD C5 00 00 00 00 00 00 00 00 00 00 00 00 00 00 00 00 00 00 00 00 00 00 00 00 00 00 00 00 00 00 00 00 00 00 00 00 00 00 00 00 00 00 00 00 00 00 00  

 --- Tamper Check

2026/9/2 10:45:38.477 [TX] - 56 69 56 4F 74 65 63 68 32 00 01 0B 00 02 16 01 EC 34 
2026/9/2 10:45:38.482 [RX] - 56 69 56 4F 74 65 63 68 32 00 01 23 00 00 CD C5 00 00 00 00 00 00 00 00 00 00 00 00 00 00 00 00 00 00 00 00 00 00 00 00 00 00 00 00 00 00 00 00 00 00 00 00 00 00 00 00 00 00 00 00 00 00 00  

 --- C7-3A

2026/9/2 10:45:38.494 [TX] - 56 69 56 4F 74 65 63 68 32 00 C7 3A 00 00 0A 84 
2026/9/2 10:45:38.504 [RX] - 56 69 56 4F 74 65 63 68 32 00 C7 00 00 15 00 01 00 10 01 00 11 01 00 12 01 00 13 01 00 17 01 00 1F 01 FF 50 B9 00 00 00 00 00 00 00 00 00 00 00 00 00 00 00 00 00 00 00 00 00 00 00 00 00 00  

 --- C7-3A w/ 01

2026/9/2 10:45:38.528 [TX] - 56 69 56 4F 74 65 63 68 32 00 C7 3A 00 01 01 1C F8 
2026/9/2 10:45:38.544 [RX] - 56 69 56 4F 74 65 63 68 32 00 C7 00 00 87 00 01 00 10 01 00 11 01 00 12 01 00 13 01 00 17 01 00 18 04 00 00 00 00 1A 04 00 04 F0 FF 1F 01 FF 22 06 26 09 02 02 45 37 28 24 00 00 00 AA 00 00 00 AA 00 00 00 AA 00 00 00 AA 00 00 00 AA 00 00 00 AA 00 00 00 AA 00 00 00 AA 80 00 00 AA 29 08 00 00 00 AA 00 00 00 AA 2A 08 00 00 00 AA 00 00 00 AA 2B 04 00 C4 B0 00 2C 08 53 51 05 52 00 00 00 24 2D 04 00 00 00 02 2E 0C 00 00 00 55 80 00 00 55 00 00 00 AA 09 A0 00 00 00 00 00 00 00 00 00 00 00 00 00 00 00 00 00 00 00 00 00 00 00 00 00 00 00 00 00 00 00 00 00 00 00 00 00 00  

 ---------- END OF TEST ----------

 Result = PASSED


Docklight Log File (HEX) - Stopped 2026/9/2 10:45:38.641 

