Docklight Log File (HEX) - Started 2026/9/14 10:24:39.620 
 TEST CASE: CR007

 --- Set POS COM PORT Settings
 Set POS COM PORT...
 POS operating on COM90 @ 115200 baud...
 Set POS COM PORT - COMPLETE

 --- 60-02 Contact Remove Application Data (**ALL**)

2026/9/14 10:24:40.952 [TX] - 56 69 56 4F 74 65 63 68 32 00 60 02 00 00 55 53 
2026/9/14 10:24:40.994 [RX] - 56 69 56 4F 74 65 63 68 32 00 60 00 00 00 3D 35  PASS 00 00 00 00 00 00 00 00 00 00 00 00 00 00 00 00 00 00 00 00 00 00 00 00 00 00 00 00 00 00 00 00 00 00 00 00 00 00 00 00 00 00 00 00 00 00 00  

 --- 60-01 length error

2026/9/14 10:24:41.006 [TX] - 56 69 56 4F 74 65 63 68 32 00 60 01 00 06 A0 00 00 00 03 10 10 99 BD 
2026/9/14 10:24:41.014 [RX] - 56 69 56 4F 74 65 63 68 32 00 60 04 00 00 E1 F5 00 00 00 00 00 00 00 00 00 00 00 00 00 00 00 00 00 00 00 00 00 00 00 00 00 00 00 00 00 00 00 00 00 00 00 00 00 00 00 00 00 00 00 00 00 00 00  

 --- 60-01 data error

2026/9/14 10:24:41.028 [TX] - 56 69 56 4F 74 65 63 68 32 00 60 01 00 04 A0 00 00 00 2B E0 
2026/9/14 10:24:41.047 [RX] - 56 69 56 4F 74 65 63 68 32 00 60 05 00 00 D6 C5 00 00 00 00 00 00 00 00 00 00 00 00 00 00 00 00 00 00 00 00 00 00 00 00 00 00 00 00 00 00 00 00 00 00 00 00 00 00 00 00 00 00 00 00 00 00 00  

 --- 60-01 crc error

2026/9/14 10:24:41.061 [TX] - 56 69 56 4F 74 65 63 68 32 00 60 01 00 07 A0 00 00 00 03 10 10 00 00 
2026/9/14 10:24:41.076 [RX] - 56 69 56 4F 74 65 63 68 32 00 60 04 00 00 E1 F5 00 00 00 00 00 00 00 00 00 00 00 00 00 00 00 00 00 00 00 00 00 00 00 00 00 00 00 00 00 00 00 00 00 00 00 00 00 00 00 00 00 00 00 00 00 00 00  

 --- 60-01 Contact Retrieve Application Data (VISA)

2026/9/14 10:24:41.094 [TX] - 56 69 56 4F 74 65 63 68 32 00 60 01 00 07 A0 00 00 00 03 10 10 4A FA 
2026/9/14 10:24:41.114 [RX] - 56 69 56 4F 74 65 63 68 32 00 60 60 00 00 A6 5E 00 00 00 00 00 00 00 00 00 00 00 00 00 00 00 00 00 00 00 00 00 00 00 00 00 00 00 00 00 00 00 00 00 00 00 00 00 00 00 00 00 00 00 00 00 00 00  

 Result = PASSED
 ---------- END OF TEST ----------

 Result = PASSED
 

 MASTER RESULT = PASSED


Docklight Log File (HEX) - Stopped 2026/9/14 10:24:42.242 

