Docklight Log File (HEX) - Started 2026/8/12 13:58:22.451 
 TEST CASE: USAT017

 --- Set POS COM PORT Settings
 Set POS COM PORT...
 POS operating on COM90 @ 115200 baud...
 Set POS COM PORT - COMPLETE

 

 --- 04-00 w/ DFEF7A = 00

2026/8/12 13:58:28.322 [TX] - 56 69 56 4F 74 65 63 68 32 00 04 00 00 05 DF EF 7A 01 00 14 B4 
2026/8/12 13:58:28.383 [RX] - 56 69 56 4F 74 65 63 68 32 00 04 00 00 00 AE 16 00 00 00 00 00 00 00 00 00 00 00 00 00 00 00 00 00 00 00 00 00 00 00 00 00 00 00 00 00 00 00 00 00 00 00 00 00 00 00 00 00 00 00 00 00 00 00  

 --- 02-01

2026/8/12 13:58:28.910 [TX] - 56 69 56 4F 74 65 63 68 32 00 02 01 00 1A 0A 9F 02 06 00 00 00 00 10 00 9A 03 07 11 21 9F 21 03 10 15 20 DF EF 7A 01 01 F4 93 
2026/8/12 13:58:39.063 [RX] - 56 69 56 4F 74 65 63 68 32 00 02 08 00 00 20 2E 00 00 00 00 00 00 00 00 00 00 00 00 00 00 00 00 00 00 00 00 00 00 00 00 00 00 00 00 00 00 00 00 00 00 00 00 00 00 00 00 00 00 00 00 00 00 00  

 --- 02-40

2026/8/12 13:58:39.596 [TX] - 56 69 56 4F 74 65 63 68 32 00 02 40 00 1A 0A 9F 02 06 00 00 00 00 10 00 9A 03 07 11 21 9F 21 03 10 15 20 DF EF 7A 01 01 4D AD 
2026/8/12 13:58:39.632 [RX] - 56 69 56 4F 74 65 63 68 32 00 02 63 00 00 4B B4 00 00 00 00 00 00 00 00 00 00 00 00 00 00 00 00 00 00 00 00 00 00 00 00 00 00 00 00 00 00 00 00 00 00 00 00 00 00 00 00 00 00 00 00 00 00 00 56 69 56 4F 74 65 63 68 32 00 02 08 00 00 20 2E 00 00 00 00 00 00 00 00 00 00 00 00 00 00 00 00 00 00 00 00 00 00 00 00 00 00 00 00 00 00 00 00 00 00 00 00 00 00 00 00 00 00 00 00 00 00 00  

 --- 03-02

2026/8/12 13:58:50.325 [TX] - 56 69 56 4F 74 65 63 68 32 00 03 02 00 00 5B 91 
2026/8/12 13:58:50.342 [RX] - 56 69 56 4F 74 65 63 68 32 00 03 00 01 54 DF EE 2D 01 00 DF EF 7A  --> DFEF7A 01 00 DF EE 7E 01 00 DF EE 44 02 9D FF 9C 01 00 5F 2A 02 08 40 5F 36 01 02 9F 02 06 00 00 00 00 00 01 9F 03 06 00 00 00 00 00 00 DF EF 59 06 00 00 00 00 04 44 9F 09 02 00 02 9F 15 02 00 00 9F 1A 02 08 40 9F 40 05 60 00 00 30 00 9F 53 01 00 9F 66 04 30 00 40 00 9F 6D 02 00 01 9F 7C 14 00 00 00 00 00 00 00 00 00 00 00 00 00 00 00 00 00 00 00 00 DF EE 28 03 00 08 E8 DF EE 29 03 00 68 E8 DF EE 34 06 00 00 00 01 00 00 DF EE 35 03 00 06 01 DF EE 36 06 00 00 00 00 80 00 DF EE 37 01 03 DF EE 38 01 00 DF 81 22 05 F8 50 AC F8 00 DF 81 20 05 F8 50 AC A0 00 DF 81 21 05 00 00 00 00 00 DF EC 1B 04 FF FF FF FF DF ED 4A 02 00 06 DF ED 5A 08 00 00 80 00 00 00 00 00 DF EE 5C 04 01 50 00 00 DF EE 6B 08 00 00 00 00 00 00 00 00 DF EE 70 01 00 DF EE 71 02 00 00 DF EE 72 02 00 00 DF EE 73 02 00 00 DF EE 74 01 00 DF ED 18 01 01 DF EE 1C 01 03 DF EF 29 02 00 00 9F 4E 1E 00 00 00 00 00 00 00 00 00 00 00 00 00 00 00 00 00 00 00 00 00 00 00 00 00 00 00 00 00 00 DF EE 7D 01 02 9A 03 00 01 01 9F 21 03 10 16 33 E6 12 00 00 00 00 00 00 00 00 00 00 00 00 00 00 00 00 00 00 00 00 00 00  
------------------------------------------------------------Enc OFF, DFEF7A = 00/ 01
 

 --- Set Merchant 4 - pass.com.apple.wallet.dev_Panera

2026/8/12 13:58:51.377 [TX] - 56 69 56 4F 74 65 63 68 32 00 04 11 00 63 04 01 06 41 3B 95 7A 52 59 98 3B 60 8C FC 89 CF B1 DA B9 0C E7 05 AD 8E FF 78 E9 DE 12 2C CF 8D 2C BF 00 00 00 00 00 00 00 00 00 00 00 00 00 00 00 00 00 00 00 00 00 00 00 00 00 00 00 00 00 00 00 00 00 00 00 00 00 00 00 00 00 00 00 00 00 00 00 00 00 00 00 00 00 00 00 00 00 00 00 00 00 00 00 00 00 E7 6F 
2026/8/12 13:58:51.429 [RX] - 56 69 56 4F 74 65 63 68 32 00 04 00 00 00 AE 16 00 00 00 00 00 00 00 00 00 00 00 00 00 00 00 00 00 00 00 00 00 00 00 00 00 00 00 00 00 00 00 00 00 00 00 00 00 00 00 00 00 00 00 00 00 00 00  

 --- Burst OFF mode

2026/8/12 13:58:51.954 [TX] - 56 69 56 4F 74 65 63 68 32 00 04 00 00 05 DF EE 7E 01 00 60 1E 
2026/8/12 13:58:52.014 [RX] - 56 69 56 4F 74 65 63 68 32 00 04 00 00 00 AE 16 00 00 00 00 00 00 00 00 00 00 00 00 00 00 00 00 00 00 00 00 00 00 00 00 00 00 00 00 00 00 00 00 00 00 00 00 00 00 00 00 00 00 00 00 00 00 00  

 --- Poll on demand

2026/8/12 13:58:52.035 [TX] - 56 69 56 4F 74 65 63 68 32 00 01 01 00 01 01 D7 34 
2026/8/12 13:58:52.100 [RX] - 56 69 56 4F 74 65 63 68 32 00 01 00 00 00 12 53 00 00 00 00 00 00 00 00 00 00 00 00 00 00 00 00 00 00 00 00 00 00 00 00 00 00 00 00 00 00 00 00 00 00 00 00 00 00 00 00 00 00 00 00 00 00 00  

 --- 04-00 w/ DFEF7A = 00 >>>>>>>>>>>>>>>>>>>>>>>>>>>>>>>>>>>>>>>>>>>>>>>>

2026/8/12 13:58:52.627 [TX] - 56 69 56 4F 74 65 63 68 32 00 04 00 00 05 DF EF 7A 01 00 14 B4 
2026/8/12 13:58:52.689 [RX] - 56 69 56 4F 74 65 63 68 32 00 04 00 00 00 AE 16 00 00 00 00 00 00 00 00 00 00 00 00 00 00 00 00 00 00 00 00 00 00 00 00 00 00 00 00 00 00 00 00 00 00 00 00 00 00 00 00 00 00 00 00 00 00 00  

 --- 02-01 (tap iPhone (ApplePay))

2026/8/12 13:59:03.010 [TX] - 56 69 56 4F 74 65 63 68 32 00 02 01 00 1A 0A 9F 02 06 00 00 00 00 10 00 9A 03 07 11 21 9F 21 03 10 15 20 DF EF 7A 01 01 F4 93 
2026/8/12 13:59:04.123 [RX] - 56 69 56 4F 74 65 63 68 32 00 02 23 01 BA 00 00 00 21 DF EE 26 02 21 00 DF 81 16 16 17 04 00 00 0D 00 00 00 00 00 00 00 00 00 00 00 00 00 00 00 00 00 DF 81 29 08 30 F0 F0 30 A0 F0 FF 00 FF 81 05 82 01 34 4F 07 A0 00 00 00 03 10 10 50 04 56 49 53 41 57 13 48 31 96 12 50 17 59 73 D2 81 22 01 00 00 04 22 99 99 3F 5A 08 48 31 96 12 50 17 59 73 82 02 00 60 84 07 A0 00 00 00 03 10 10 95 05 00 00 00 00 00 9A 03 07 11 21 5F 28 02 07 02 5F 2A 02 08 40 5F 34 01 00 5F 36 01 02 9F 02 06 00 00 00 00 10 00 9F 06 07 A0 00 00 00 03 10 10 9F 10 20 1F 42 03 32 A0 00 00 00 00 10 03 02 73 00 00 00 00 40 00 00 00 00 00 00 00 00 00 00 00 00 00 00 9F 1A 02 08 40 9F 1B 04 00 00 1F 40 9F 1E 08 33 5A 30 30 30 33 37 34 9F 21 03 10 15 20 9F 24 1D 56 30 30 31 30 30 31 33 30 31 36 31 38 33 31 31 33 34 38 39 37 31 33 35 33 36 32 34 32 9F 26 08 8F A5 C5 55 97 DF D5 51 9F 27 01 80 9F 33 03 E0 08 40 9F 34 03 24 03 02 9F 35 01 15 9F 36 02 07 77 9F 37 04 E1 30 E0 5D 9F 39 01 07 9F 40 05 80 00 00 00 00 9F 41 04 00 00 00 13 9F 5A 05 40 07 02 07 02 9F 66 04 30 00 C0 00 9F 6C 02 00 80 9F 6E 04 23 88 00 00 DF 81 26 06 00 00 00 00 60 00 DF EE 5B 01 05 DF 81 16 16 1B FF 00 00 13 00 00 00 00 00 00 00 00 00 00 00 00 00 00 00 00 00 96 08 03 00 00 00 00 00 00 00 DF EE 4C 01 06 DF EC 1C 1E 08 08 00 01 FF 00 1B 00 00 00 13 FF 00 00 00 00 00 00 00 00 00 00 00 00 00 00 00 00 FF 00 DF EF 7B  --> DFEF7B 01 01 B7 42 00 00 00 00 00 00 00 00 00 00 00 00 00 00 00 00 00 00 00 00 00 00 00 00 00 00 00 00 00 00 00 00 00 00 00 00 00 00 00 00 00 00 00 00 00 00  

 --- 02-01 (tap MChip card)

2026/8/12 13:59:08.824 [TX] - 56 69 56 4F 74 65 63 68 32 00 02 01 00 1A 0A 9F 02 06 00 00 00 00 10 00 9A 03 07 11 21 9F 21 03 10 15 20 DF EF 7A 01 01 F4 93 
2026/8/12 13:59:09.897 [RX] - 56 69 56 4F 74 65 63 68 32 00 02 23 01 F5 00 00 00 21 DF EE 26 02 21 00 DF 81 16 0D 1E 04 00 00 00 00 00 00 00 00 00 00 00 DF 81 29 08 30 F0 F0 00 B0 F0 FF 00 FF 81 06 1E 9F 42 02 09 78 DF 81 0B 01 00 DF 81 15 06 00 00 00 00 00 FF DF 81 0E 01 00 DF 81 0F 01 00 FF 81 05 82 01 5A 4F 07 A0 00 00 00 04 10 10 50 0F 50 50 43 20 4D 43 44 20 30 31 20 20 76 32 30 57 11 54 13 33 00 89 60 00 10 D1 41 22 01 01 23 40 91 72 5A 08 54 13 33 00 89 60 00 10 82 02 59 80 84 07 A0 00 00 00 04 10 10 8E 0E 00 00 00 00 00 00 00 00 42 03 5E 03 1F 03 95 05 24 00 00 00 01 9A 03 07 11 21 9B 02 00 00 9C 01 00 5F 24 03 14 12 31 5F 25 03 04 01 01 5F 28 02 00 56 5F 34 01 01 9F 01 00 9F 02 06 00 00 00 00 10 00 9F 03 06 00 00 00 00 00 00 9F 06 07 A0 00 00 00 04 10 10 9F 07 02 FF 00 9F 09 02 00 02 9F 0D 05 00 00 00 00 00 9F 0E 05 00 00 00 00 00 9F 0F 05 00 00 00 00 00 9F 10 12 01 10 A0 00 09 22 80 00 00 00 00 00 00 00 00 00 00 FF 9F 15 02 11 11 9F 16 00 9F 1A 02 08 40 9F 1C 00 9F 1D 08 6C FF 00 00 00 00 00 00 9F 1E 08 33 5A 30 30 30 33 37 34 9F 21 03 10 15 20 9F 26 08 0B A5 8F 01 30 9B 36 8B 9F 27 01 80 9F 2A 01 02 9F 33 03 00 08 08 9F 34 03 1F 03 02 9F 35 01 22 9F 36 02 5F 6B 9F 37 04 DD 04 CC 48 9F 39 01 07 9F 40 05 00 00 00 00 00 9F 41 04 00 00 00 14 9F 42 02 09 78 9F 4E 00 9F 53 01 00 9F 6D 02 00 01 DF EE 76 05 24 00 00 00 01 DF 81 16 0D 1B 00 00 00 00 00 00 00 00 00 00 00 00 DF 81 0C 01 02 96 08 02 00 00 00 00 00 00 00 DF EE 4C 01 03 DF EC 1C 1E 08 03 00 03 FF 00 1B 00 00 00 00 00 81 0C 01 02 96 08 02 00 00 00 00 00 00 00 00 00 FF 00 DF EF 7B  --> DFEF7B 01 00 D2 DF 00 00 00 00 00 00 00 00 00 00 00 00 00 00 00 00 00 00 00 00 00 00 00 00 00 00 00 00 00 00 00 00 00 00 00 00 00 00 00 00 00 00 00 00 00 00 00 00 00 00  

 --- 02-40 (tap iPhone (ApplePay))

2026/8/12 13:59:12.822 [TX] - 56 69 56 4F 74 65 63 68 32 00 02 40 00 1A 0A 9F 02 06 00 00 00 00 10 00 9A 03 07 11 21 9F 21 03 10 15 20 DF EF 7A 01 01 4D AD 
2026/8/12 13:59:12.858 [RX] - 56 69 56 4F 74 65 63 68 32 00 02 63 00 00 4B B4 00 00 00 00 00 00 00 00 00 00 00 00 00 00 00 00 00 00 00 00 00 00 00 00 00 00 00 00 00 00 00 00 00 00 00 00 00 00 00 00 00 00 00 00 00 00 00 56 69 56 4F 74 65 63 68 32 00 02 23 01 B7 21 DF EE 26 02 21 00 DF 81 16 16 17 04 00 00 0D 00 00 00 00 00 00 00 00 00 00 00 00 00 00 00 00 00 DF 81 29 08 30 F0 F0 30 A0 F0 FF 00 FF 81 05 82 01 34 4F 07 A0 00 00 00 03 10 10 50 04 56 49 53 41 57 13 48 31 96 12 50 17 59 73 D2 81 22 01 00 00 04 22 99 99 3F 5A 08 48 31 96 12 50 17 59 73 82 02 00 60 84 07 A0 00 00 00 03 10 10 95 05 00 00 00 00 00 9A 03 07 11 21 5F 28 02 07 02 5F 2A 02 08 40 5F 34 01 00 5F 36 01 02 9F 02 06 00 00 00 00 10 00 9F 06 07 A0 00 00 00 03 10 10 9F 10 20 1F 42 03 32 A0 00 00 00 00 10 03 02 73 00 00 00 00 40 00 00 00 00 00 00 00 00 00 00 00 00 00 00 9F 1A 02 08 40 9F 1B 04 00 00 1F 40 9F 1E 08 33 5A 30 30 30 33 37 34 9F 21 03 10 15 20 9F 24 1D 56 30 30 31 30 30 31 33 30 31 36 31 38 33 31 31 33 34 38 39 37 31 33 35 33 36 32 34 32 9F 26 08 B4 26 6E 13 A3 D2 BD 01 9F 27 01 80 9F 33 03 E0 08 40 9F 34 03 24 03 02 9F 35 01 15 9F 36 02 07 78 9F 37 04 AA A9 0B AA 9F 39 01 07 9F 40 05 80 00 00 00 00 9F 41 04 00 00 00 15 9F 5A 05 40 07 02 07 02 9F 66 04 30 00 C0 00 9F 6C 02 00 80 9F 6E 04 23 88 00 00 DF 81 26 06 00 00 00 00 60 00 DF EE 5B 01 05 DF 81 16 16 1B FF 00 00 13 00 00 00 00 00 00 00 00 00 00 00 00 00 00 00 00 00 96 08 03 00 00 00 00 00 00 00 DF EE 4C 01 06 DF EC 1C 1E 08 08 00 01 FF 00 1B 00 00 00 13 FF 00 00 00 00 00 00 00 00 00 00 00 00 00 00 00 00 FF 00 DF EF 7B  --> DFEF7B 01 01 B1 76 00 00 00 00 00 00 00 00 00 00 00 00 00 00 00 00 00 00 00 00 00 00 00 00 00 00 00 00 00 00 00 00 00 00 00 00 00 00 00 00 00 00 00 00 00 00 00 00 00  

 --- 02-40 (tap MChip card)

2026/8/12 13:59:18.584 [TX] - 56 69 56 4F 74 65 63 68 32 00 02 40 00 1A 0A 9F 02 06 00 00 00 00 10 00 9A 03 07 11 21 9F 21 03 10 15 20 DF EF 7A 01 01 4D AD 
2026/8/12 13:59:18.620 [RX] - 56 69 56 4F 74 65 63 68 32 00 02 63 00 00 4B B4 00 00 00 00 00 00 00 00 00 00 00 00 00 00 00 00 00 00 00 00 00 00 00 00 00 00 00 00 00 00 00 00 00 00 00 00 00 00 00 00 00 00 00 00 00 00 00 56 69 56 4F 74 65 63 68 32 00 02 23 01 F2 21 DF EE 26 02 21 00 DF 81 16 0D 1E 04 00 00 00 00 00 00 00 00 00 00 00 DF 81 29 08 30 F0 F0 00 B0 F0 FF 00 FF 81 06 1E 9F 42 02 09 78 DF 81 0B 01 00 DF 81 15 06 00 00 00 00 00 FF DF 81 0E 01 00 DF 81 0F 01 00 FF 81 05 82 01 5A 4F 07 A0 00 00 00 04 10 10 50 0F 50 50 43 20 4D 43 44 20 30 31 20 20 76 32 30 57 11 54 13 33 00 89 60 00 10 D1 41 22 01 01 23 40 91 72 5A 08 54 13 33 00 89 60 00 10 82 02 59 80 84 07 A0 00 00 00 04 10 10 8E 0E 00 00 00 00 00 00 00 00 42 03 5E 03 1F 03 95 05 24 00 00 00 01 9A 03 07 11 21 9B 02 00 00 9C 01 00 5F 24 03 14 12 31 5F 25 03 04 01 01 5F 28 02 00 56 5F 34 01 01 9F 01 00 9F 02 06 00 00 00 00 10 00 9F 03 06 00 00 00 00 00 00 9F 06 07 A0 00 00 00 04 10 10 9F 07 02 FF 00 9F 09 02 00 02 9F 0D 05 00 00 00 00 00 9F 0E 05 00 00 00 00 00 9F 0F 05 00 00 00 00 00 9F 10 12 01 10 A0 00 09 22 80 00 00 00 00 00 00 00 00 00 00 FF 9F 15 02 11 11 9F 16 00 9F 1A 02 08 40 9F 1C 00 9F 1D 08 6C FF 00 00 00 00 00 00 9F 1E 08 33 5A 30 30 30 33 37 34 9F 21 03 10 15 20 9F 26 08 0B A5 8F 01 30 9B 36 8B 9F 27 01 80 9F 2A 01 02 9F 33 03 00 08 08 9F 34 03 1F 03 02 9F 35 01 22 9F 36 02 5F 6B 9F 37 04 BA 09 61 F0 9F 39 01 07 9F 40 05 00 00 00 00 00 9F 41 04 00 00 00 16 9F 42 02 09 78 9F 4E 00 9F 53 01 00 9F 6D 02 00 01 DF EE 76 05 24 00 00 00 01 DF 81 16 0D 1B 00 00 00 00 00 00 00 00 00 00 00 00 DF 81 0C 01 02 96 08 02 00 00 00 00 00 00 00 DF EE 4C 01 03 DF EC 1C 1E 08 03 00 03 FF 00 1B 00 00 00 00 00 81 0C 01 02 96 08 02 00 00 00 00 00 00 00 00 00 FF 00 DF EF 7B  --> DFEF7B 01 00 F0 EE 00 00 00 00 00 00 00 00 00 00 00 00 00 00 00 00 00 00 00 00 00 00 00 00 00 00 00 00 00 00 00 00 00 00 00 00 00 00 00 00 00 00 00 00 00 00 00 00 00 00 00 00 00  

 --- 02-01 VAS Only (tap iPhone (AppleVAS -- Panera Bread card))

2026/8/12 13:59:22.486 [TX] - 56 69 56 4F 74 65 63 68 32 00 02 01 00 2E 30 9F 02 06 00 00 00 00 00 01 9C 01 00 FF EE 06 18 9F 22 02 01 00 9F 26 04 00 00 00 02 9F 2B 05 01 00 00 00 00 DF 01 01 01 DF EF 7A 01 01 08 09 
2026/8/12 13:59:23.217 [RX] - 56 69 56 4F 74 65 63 68 32 00 02 57 00 96 00 00 00 00 21 DF EE 26 02 21 00 FF EE 06 75 9A 03 00 01 01 9F 21 03 10 17 06 9F 25 20 06 41 3B 95 7A 52 59 98 3B 60 8C FC 89 CF B1 DA B9 0C E7 05 AD 8E FF 78 E9 DE 12 2C CF 8D 2C BF 9F 2A 00 9F 27 41 44 8D EC 4C 67 EE 27 BA 6E A7 A7 43 D7 D4 F5 29 09 83 A7 F2 49 AD F0 40 F1 38 8C 04 80 3E 6F AD 96 60 A0 C7 B6 A3 76 08 41 B2 21 2D B9 F3 93 9D 8D 80 7C 05 40 29 BF BC D6 48 36 EA 8A 3A 39 A1 C6 9F 39 01 07 FF EE 01 05 DF EE 30 01 00 DF EF 7B  --> DFEF7B 01 01 DA 16 00 00 00 00 00 00 00 00 00 00 00 00 00 00 00 00 00 00 00 00 00 00 00  

 --- 02-40 VAS Only (tap iPhone (AppleVAS -- Panera Bread card))

2026/8/12 13:59:25.510 [TX] - 56 69 56 4F 74 65 63 68 32 00 02 40 00 2E 30 9F 02 06 00 00 00 00 00 01 9C 01 00 FF EE 06 18 9F 22 02 01 00 9F 26 04 00 00 00 02 9F 2B 05 01 00 00 00 00 DF 01 01 01 DF EF 7A 01 01 E1 38 
2026/8/12 13:59:25.546 [RX] - 56 69 56 4F 74 65 63 68 32 00 02 63 00 00 4B B4 00 00 00 00 00 00 00 00 00 00 00 00 00 00 00 00 00 00 00 00 00 00 00 00 00 00 00 00 00 00 00 00 00 00 00 00 00 00 00 00 00 00 00 00 00 00 00 56 69 56 4F 74 65 63 68 32 00 02 57 00 92 21 DF EE 26 02 21 00 FF EE 06 75 9A 03 00 01 01 9F 21 03 10 17 08 9F 25 20 06 41 3B 95 7A 52 59 98 3B 60 8C FC 89 CF B1 DA B9 0C E7 05 AD 8E FF 78 E9 DE 12 2C CF 8D 2C BF 9F 2A 00 9F 27 41 44 8D EC 4C AE 97 79 7C 02 DE 76 FE 57 32 24 D1 33 59 C1 DA A4 D9 57 A1 96 9D AA 4E 6A 71 B2 75 8E C6 E9 5D 14 9E ED 04 98 49 58 AD B2 B5 32 46 2D E6 4C 09 67 2D 68 46 09 D1 01 32 5C 43 EE CC 94 9F 39 01 07 FF EE 01 05 DF EE 30 01 00 DF EF 7B  --> DFEF7B 01 01 86 DB 00 00 00 00 00 00 00 00 00 00 00 00 00 00 00 00 00 00 00 00 00 00 00 00 00 00 00  

 --- 04-00 w/ DFEF7A = 01 >>>>>>>>>>>>>>>>>>>>>>>>>>>>>>>>>>>>>>>>>>>>>>>>

2026/8/12 13:59:27.537 [TX] - 56 69 56 4F 74 65 63 68 32 00 04 00 00 05 DF EF 7A 01 01 35 A4 
2026/8/12 13:59:27.597 [RX] - 56 69 56 4F 74 65 63 68 32 00 04 00 00 00 AE 16 00 00 00 00 00 00 00 00 00 00 00 00 00 00 00 00 00 00 00 00 00 00 00 00 00 00 00 00 00 00 00 00 00 00 00 00 00 00 00 00 00 00 00 00 00 00 00  

 --- 02-01 (tap iPhone (ApplePay))

2026/8/12 13:59:31.338 [TX] - 56 69 56 4F 74 65 63 68 32 00 02 01 00 1A 0A 9F 02 06 00 00 00 00 10 00 9A 03 07 11 21 9F 21 03 10 15 20 DF EF 7A 01 01 F4 93 
2026/8/12 13:59:32.302 [RX] - 56 69 56 4F 74 65 63 68 32 00 02 23 01 BA 00 00 00 21 DF EE 26 02 21 00 DF 81 16 16 17 04 00 00 0D 00 00 00 00 00 00 00 00 00 00 00 00 00 00 00 00 00 DF 81 29 08 30 F0 F0 30 A0 F0 FF 00 FF 81 05 82 01 34 4F 07 A0 00 00 00 03 10 10 50 04 56 49 53 41 57 13 48 31 96 12 50 17 59 73 D2 81 22 01 00 00 04 22 99 99 3F 5A 08 48 31 96 12 50 17 59 73 82 02 00 60 84 07 A0 00 00 00 03 10 10 95 05 00 00 00 00 00 9A 03 07 11 21 5F 28 02 07 02 5F 2A 02 08 40 5F 34 01 00 5F 36 01 02 9F 02 06 00 00 00 00 10 00 9F 06 07 A0 00 00 00 03 10 10 9F 10 20 1F 42 03 32 A0 00 00 00 00 10 03 02 73 00 00 00 00 40 00 00 00 00 00 00 00 00 00 00 00 00 00 00 9F 1A 02 08 40 9F 1B 04 00 00 1F 40 9F 1E 08 33 5A 30 30 30 33 37 34 9F 21 03 10 15 20 9F 24 1D 56 30 30 31 30 30 31 33 30 31 36 31 38 33 31 31 33 34 38 39 37 31 33 35 33 36 32 34 32 9F 26 08 DE 1A CB 3C C6 33 55 68 9F 27 01 80 9F 33 03 E0 08 40 9F 34 03 24 03 02 9F 35 01 15 9F 36 02 07 79 9F 37 04 B8 73 9F B0 9F 39 01 07 9F 40 05 80 00 00 00 00 9F 41 04 00 00 00 17 9F 5A 05 40 07 02 07 02 9F 66 04 30 00 C0 00 9F 6C 02 00 80 9F 6E 04 23 88 00 00 DF 81 26 06 00 00 00 00 60 00 DF EE 5B 01 05 DF 81 16 16 1B FF 00 00 13 00 00 00 00 00 00 00 00 00 00 00 00 00 00 00 00 00 96 08 03 00 00 00 00 00 00 00 DF EE 4C 01 06 DF EC 1C 1E 08 08 00 01 FF 00 1B 00 00 00 13 FF 00 00 00 00 00 00 00 00 00 00 00 00 00 00 00 00 FF 00 DF EF 7B  --> DFEF7B 01 01 76 73 00 00 00 00 00 00 00 00 00 00 00 00 00 00 00 00 00 00 00 00 00 00 00 00 00 00 00 00 00 00 00 00 00 00 00 00 00 00 00 00 00 00 00 00 00 00  

 --- 02-01 (tap MChip card)

2026/8/12 13:59:34.508 [TX] - 56 69 56 4F 74 65 63 68 32 00 02 01 00 1A 0A 9F 02 06 00 00 00 00 10 00 9A 03 07 11 21 9F 21 03 10 15 20 DF EF 7A 01 01 F4 93 
2026/8/12 13:59:35.598 [RX] - 56 69 56 4F 74 65 63 68 32 00 02 23 01 F5 00 00 00 21 DF EE 26 02 21 00 DF 81 16 0D 1E 04 00 00 00 00 00 00 00 00 00 00 00 DF 81 29 08 30 F0 F0 00 B0 F0 FF 00 FF 81 06 1E 9F 42 02 09 78 DF 81 0B 01 00 DF 81 15 06 00 00 00 00 00 FF DF 81 0E 01 00 DF 81 0F 01 00 FF 81 05 82 01 5A 4F 07 A0 00 00 00 04 10 10 50 0F 50 50 43 20 4D 43 44 20 30 31 20 20 76 32 30 57 11 54 13 33 00 89 60 00 10 D1 41 22 01 01 23 40 91 72 5A 08 54 13 33 00 89 60 00 10 82 02 59 80 84 07 A0 00 00 00 04 10 10 8E 0E 00 00 00 00 00 00 00 00 42 03 5E 03 1F 03 95 05 24 00 00 00 01 9A 03 07 11 21 9B 02 00 00 9C 01 00 5F 24 03 14 12 31 5F 25 03 04 01 01 5F 28 02 00 56 5F 34 01 01 9F 01 00 9F 02 06 00 00 00 00 10 00 9F 03 06 00 00 00 00 00 00 9F 06 07 A0 00 00 00 04 10 10 9F 07 02 FF 00 9F 09 02 00 02 9F 0D 05 00 00 00 00 00 9F 0E 05 00 00 00 00 00 9F 0F 05 00 00 00 00 00 9F 10 12 01 10 A0 00 09 22 80 00 00 00 00 00 00 00 00 00 00 FF 9F 15 02 11 11 9F 16 00 9F 1A 02 08 40 9F 1C 00 9F 1D 08 6C FF 00 00 00 00 00 00 9F 1E 08 33 5A 30 30 30 33 37 34 9F 21 03 10 15 20 9F 26 08 0B A5 8F 01 30 9B 36 8B 9F 27 01 80 9F 2A 01 02 9F 33 03 00 08 08 9F 34 03 1F 03 02 9F 35 01 22 9F 36 02 5F 6B 9F 37 04 3C A1 1E 90 9F 39 01 07 9F 40 05 00 00 00 00 00 9F 41 04 00 00 00 18 9F 42 02 09 78 9F 4E 00 9F 53 01 00 9F 6D 02 00 01 DF EE 76 05 24 00 00 00 01 DF 81 16 0D 1B 00 00 00 00 00 00 00 00 00 00 00 00 DF 81 0C 01 02 96 08 02 00 00 00 00 00 00 00 DF EE 4C 01 03 DF EC 1C 1E 08 03 00 03 FF 00 1B 00 00 00 00 00 81 0C 01 02 96 08 02 00 00 00 00 00 00 00 00 00 FF 00 DF EF 7B  --> DFEF7B 01 00 C5 F4 00 00 00 00 00 00 00 00 00 00 00 00 00 00 00 00 00 00 00 00 00 00 00 00 00 00 00 00 00 00 00 00 00 00 00 00 00 00 00 00 00 00 00 00 00 00 00 00 00 00  

 --- 02-40 (tap iPhone (ApplePay))

2026/8/12 13:59:39.880 [TX] - 56 69 56 4F 74 65 63 68 32 00 02 40 00 1A 0A 9F 02 06 00 00 00 00 10 00 9A 03 07 11 21 9F 21 03 10 15 20 DF EF 7A 01 01 4D AD 
2026/8/12 13:59:39.917 [RX] - 56 69 56 4F 74 65 63 68 32 00 02 63 00 00 4B B4 00 00 00 00 00 00 00 00 00 00 00 00 00 00 00 00 00 00 00 00 00 00 00 00 00 00 00 00 00 00 00 00 00 00 00 00 00 00 00 00 00 00 00 00 00 00 00 56 69 56 4F 74 65 63 68 32 00 02 23 01 B7 21 DF EE 26 02 21 00 DF 81 16 16 17 04 00 00 0D 00 00 00 00 00 00 00 00 00 00 00 00 00 00 00 00 00 DF 81 29 08 30 F0 F0 30 A0 F0 FF 00 FF 81 05 82 01 34 4F 07 A0 00 00 00 03 10 10 50 04 56 49 53 41 57 13 48 31 96 12 50 17 59 73 D2 81 22 01 00 00 04 22 99 99 3F 5A 08 48 31 96 12 50 17 59 73 82 02 00 60 84 07 A0 00 00 00 03 10 10 95 05 00 00 00 00 00 9A 03 07 11 21 5F 28 02 07 02 5F 2A 02 08 40 5F 34 01 00 5F 36 01 02 9F 02 06 00 00 00 00 10 00 9F 06 07 A0 00 00 00 03 10 10 9F 10 20 1F 42 03 32 A0 00 00 00 00 10 03 02 73 00 00 00 00 40 00 00 00 00 00 00 00 00 00 00 00 00 00 00 9F 1A 02 08 40 9F 1B 04 00 00 1F 40 9F 1E 08 33 5A 30 30 30 33 37 34 9F 21 03 10 15 20 9F 24 1D 56 30 30 31 30 30 31 33 30 31 36 31 38 33 31 31 33 34 38 39 37 31 33 35 33 36 32 34 32 9F 26 08 70 8B 07 BB DB 02 BE 5D 9F 27 01 80 9F 33 03 E0 08 40 9F 34 03 24 03 02 9F 35 01 15 9F 36 02 07 7A 9F 37 04 C5 71 77 4F 9F 39 01 07 9F 40 05 80 00 00 00 00 9F 41 04 00 00 00 19 9F 5A 05 40 07 02 07 02 9F 66 04 30 00 C0 00 9F 6C 02 00 80 9F 6E 04 23 88 00 00 DF 81 26 06 00 00 00 00 60 00 DF EE 5B 01 05 DF 81 16 16 1B FF 00 00 13 00 00 00 00 00 00 00 00 00 00 00 00 00 00 00 00 00 96 08 03 00 00 00 00 00 00 00 DF EE 4C 01 06 DF EC 1C 1E 08 08 00 01 FF 00 1B 00 00 00 13 FF 00 00 00 00 00 00 00 00 00 00 00 00 00 00 00 00 FF 00 DF EF 7B  --> DFEF7B 01 01 11 18 00 00 00 00 00 00 00 00 00 00 00 00 00 00 00 00 00 00 00 00 00 00 00 00 00 00 00 00 00 00 00 00 00 00 00 00 00 00 00 00 00 00 00 00 00 00 00 00 00  

 --- 02-40 (tap MChip card)

2026/8/12 13:59:43.434 [TX] - 56 69 56 4F 74 65 63 68 32 00 02 40 00 1A 0A 9F 02 06 00 00 00 00 10 00 9A 03 07 11 21 9F 21 03 10 15 20 DF EF 7A 01 01 4D AD 
2026/8/12 13:59:43.471 [RX] - 56 69 56 4F 74 65 63 68 32 00 02 63 00 00 4B B4 00 00 00 00 00 00 00 00 00 00 00 00 00 00 00 00 00 00 00 00 00 00 00 00 00 00 00 00 00 00 00 00 00 00 00 00 00 00 00 00 00 00 00 00 00 00 00 56 69 56 4F 74 65 63 68 32 00 02 23 01 F2 21 DF EE 26 02 21 00 DF 81 16 0D 1E 04 00 00 00 00 00 00 00 00 00 00 00 DF 81 29 08 30 F0 F0 00 B0 F0 FF 00 FF 81 06 1E 9F 42 02 09 78 DF 81 0B 01 00 DF 81 15 06 00 00 00 00 00 FF DF 81 0E 01 00 DF 81 0F 01 00 FF 81 05 82 01 5A 4F 07 A0 00 00 00 04 10 10 50 0F 50 50 43 20 4D 43 44 20 30 31 20 20 76 32 30 57 11 54 13 33 00 89 60 00 10 D1 41 22 01 01 23 40 91 72 5A 08 54 13 33 00 89 60 00 10 82 02 59 80 84 07 A0 00 00 00 04 10 10 8E 0E 00 00 00 00 00 00 00 00 42 03 5E 03 1F 03 95 05 24 00 00 00 01 9A 03 07 11 21 9B 02 00 00 9C 01 00 5F 24 03 14 12 31 5F 25 03 04 01 01 5F 28 02 00 56 5F 34 01 01 9F 01 00 9F 02 06 00 00 00 00 10 00 9F 03 06 00 00 00 00 00 00 9F 06 07 A0 00 00 00 04 10 10 9F 07 02 FF 00 9F 09 02 00 02 9F 0D 05 00 00 00 00 00 9F 0E 05 00 00 00 00 00 9F 0F 05 00 00 00 00 00 9F 10 12 01 10 A0 00 09 22 80 00 00 00 00 00 00 00 00 00 00 FF 9F 15 02 11 11 9F 16 00 9F 1A 02 08 40 9F 1C 00 9F 1D 08 6C FF 00 00 00 00 00 00 9F 1E 08 33 5A 30 30 30 33 37 34 9F 21 03 10 15 20 9F 26 08 0B A5 8F 01 30 9B 36 8B 9F 27 01 80 9F 2A 01 02 9F 33 03 00 08 08 9F 34 03 1F 03 02 9F 35 01 22 9F 36 02 5F 6B 9F 37 04 DE CB EB CF 9F 39 01 07 9F 40 05 00 00 00 00 00 9F 41 04 00 00 00 20 9F 42 02 09 78 9F 4E 00 9F 53 01 00 9F 6D 02 00 01 DF EE 76 05 24 00 00 00 01 DF 81 16 0D 1B 00 00 00 00 00 00 00 00 00 00 00 00 DF 81 0C 01 02 96 08 02 00 00 00 00 00 00 00 DF EE 4C 01 03 DF EC 1C 1E 08 03 00 03 FF 00 1B 00 00 00 00 00 81 0C 01 02 96 08 02 00 00 00 00 00 00 00 00 00 FF 00 DF EF 7B  --> DFEF7B 01 00 E2 76 00 00 00 00 00 00 00 00 00 00 00 00 00 00 00 00 00 00 00 00 00 00 00 00 00 00 00 00 00 00 00 00 00 00 00 00 00 00 00 00 00 00 00 00 00 00 00 00 00 00 00 00 00  

 --- 02-01 VAS Only (tap iPhone (AppleVAS -- Panera Bread card))

2026/8/12 13:59:46.266 [TX] - 56 69 56 4F 74 65 63 68 32 00 02 01 00 2E 30 9F 02 06 00 00 00 00 00 01 9C 01 00 FF EE 06 18 9F 22 02 01 00 9F 26 04 00 00 00 02 9F 2B 05 01 00 00 00 00 DF 01 01 01 DF EF 7A 01 01 08 09 
2026/8/12 13:59:46.883 [RX] - 56 69 56 4F 74 65 63 68 32 00 02 57 00 96 00 00 00 00 21 DF EE 26 02 21 00 FF EE 06 75 9A 03 00 01 01 9F 21 03 10 17 29 9F 25 20 06 41 3B 95 7A 52 59 98 3B 60 8C FC 89 CF B1 DA B9 0C E7 05 AD 8E FF 78 E9 DE 12 2C CF 8D 2C BF 9F 2A 00 9F 27 41 44 8D EC 4C 4A 48 EA 0F D9 F1 A0 5D 96 11 5C 12 E7 36 DF A7 FD AD 3A B1 E6 8D 08 14 46 75 4E 65 8C D4 DA 80 A6 69 65 F9 57 86 2A C9 6C E3 CD 13 3E C9 80 58 82 8F FB 4A 44 DF F3 53 CC 4F E4 AC 09 9F 39 01 07 FF EE 01 05 DF EE 30 01 00 DF EF 7B  --> DFEF7B 01 01 62 FA 00 00 00 00 00 00 00 00 00 00 00 00 00 00 00 00 00 00 00 00 00 00 00  

 --- 02-40 VAS Only (tap iPhone (AppleVAS -- Panera Bread card))

2026/8/12 13:59:48.902 [TX] - 56 69 56 4F 74 65 63 68 32 00 02 40 00 2E 30 9F 02 06 00 00 00 00 00 01 9C 01 00 FF EE 06 18 9F 22 02 01 00 9F 26 04 00 00 00 02 9F 2B 05 01 00 00 00 00 DF 01 01 01 DF EF 7A 01 01 E1 38 
2026/8/12 13:59:48.939 [RX] - 56 69 56 4F 74 65 63 68 32 00 02 63 00 00 4B B4 00 00 00 00 00 00 00 00 00 00 00 00 00 00 00 00 00 00 00 00 00 00 00 00 00 00 00 00 00 00 00 00 00 00 00 00 00 00 00 00 00 00 00 00 00 00 00 56 69 56 4F 74 65 63 68 32 00 02 57 00 92 21 DF EE 26 02 21 00 FF EE 06 75 9A 03 00 01 01 9F 21 03 10 17 32 9F 25 20 06 41 3B 95 7A 52 59 98 3B 60 8C FC 89 CF B1 DA B9 0C E7 05 AD 8E FF 78 E9 DE 12 2C CF 8D 2C BF 9F 2A 00 9F 27 41 44 8D EC 4C F6 3D D5 FD 51 60 4E F4 41 63 C7 C7 E9 36 6A F1 9E 72 8A E5 2E 7D 09 B9 24 D4 C3 8B 12 A1 CF 68 8E 47 5E 99 D7 FA F5 05 6F D4 3A 55 4C 8E CF 95 98 93 BA 09 E8 8B E7 95 31 71 5E F0 87 9F 39 01 07 FF EE 01 05 DF EE 30 01 00 DF EF 7B  --> DFEF7B 01 01 B6 B4 00 00 00 00 00 00 00 00 00 00 00 00 00 00 00 00 00 00 00 00 00 00 00 00 00 00 00  

 Result = PASSED
 ---------- END OF TEST ----------

 Result = PASSED


Docklight Log File (HEX) - Stopped 2026/8/12 13:59:51.032 

