Docklight Log File (HEX) - Started 2026/8/27 11:27:14.529 
 TEST CASE: CR802

 --- Set POS COM PORT Settings
 Set POS COM PORT...
 POS operating on COM90 @ 115200 baud...
 Set POS COM PORT - COMPLETE

 --- Set default config

2026/8/27 11:27:15.872 [TX] - 56 69 56 4F 74 65 63 68 32 00 04 09 00 00 87 30 
2026/8/27 11:27:16.858 [RX] - 56 69 56 4F 74 65 63 68 32 00 04 00 00 00 AE 16 00 00 00 00 00 00 00 00 00 00 00 00 00 00 00 00 00 00 00 00 00 00 00 00 00 00 00 00 00 00 00 00 00 00 00 00 00 00 00 00 00 00 00 00 00 00 00  

 --- Poll on Demand

2026/8/27 11:27:17.376 [TX] - 56 69 56 4F 74 65 63 68 32 00 01 01 00 01 01 D7 34 
2026/8/27 11:27:17.386 [RX] - 56 69 56 4F 74 65 63 68 32 00 01 00 00 00 12 53 00 00 00 00 00 00 00 00 00 00 00 00 00 00 00 00 00 00 00 00 00 00 00 00 00 00 00 00 00 00 00 00 00 00 00 00 00 00 00 00 00 00 00 00 00 00 00  

 --- Burst Off

2026/8/27 11:27:17.911 [TX] - 56 69 56 4F 74 65 63 68 32 00 04 00 00 05 DF EE 7E 01 00 60 1E 
2026/8/27 11:27:17.973 [RX] - 56 69 56 4F 74 65 63 68 32 00 04 00 00 00 AE 16 00 00 00 00 00 00 00 00 00 00 00 00 00 00 00 00 00 00 00 00 00 00 00 00 00 00 00 00 00 00 00 00 00 00 00 00 00 00 00 00 00 00 00 00 00 00 00  

 --- 60-16 Contact Set ICS Identification (04)

2026/8/27 11:27:18.495 [TX] - 56 69 56 4F 74 65 63 68 32 00 60 16 00 01 04 75 9D 
2026/8/27 11:27:18.503 [RX] - 56 69 56 4F 74 65 63 68 32 00 60 00 00 00 3D 35 00 00 00 00 00 00 00 00 00 00 00 00 00 00 00 00 00 00 00 00 00 00 00 00 00 00 00 00 00 00 00 00 00 00 00 00 00 00 00 00 00 00 00 00 00 00 00  

 --- 60-03 default

2026/8/27 11:27:19.045 [TX] - 56 69 56 4F 74 65 63 68 32 00 60 03 00 65 07 00 A0 00 00 00 03 10 10 0F 00 9F 01 06 56 49 53 41 30 30 5F 57 01 00 5F 2A 02 08 40 9F 09 02 00 96 5F 36 01 02 9F 1B 04 00 00 3A 98 DF 25 03 9F 37 04 DF 28 03 9F 08 02 DF EE 15 01 01 DF 13 05 00 00 00 00 00 DF 14 05 00 00 00 00 00 DF 15 05 00 00 00 00 00 DF 18 01 00 DF 17 04 00 00 27 10 DF 19 01 00 F3 97 
2026/8/27 11:27:19.069 [RX] - 56 69 56 4F 74 65 63 68 32 00 60 00 00 00 3D 35 00 00 00 00 00 00 00 00 00 00 00 00 00 00 00 00 00 00 00 00 00 00 00 00 00 00 00 00 00 00 00 00 00 00 00 00 00 00 00 00 00 00 00 00 00 00 00  

 --- 60-02 Remove Application Data

2026/8/27 11:27:19.614 [TX] - 56 69 56 4F 74 65 63 68 32 00 60 02 00 00 55 53 
2026/8/27 11:27:19.680 [RX] - 56 69 56 4F 74 65 63 68 32 00 60 00 00 00 3D 35 00 00 00 00 00 00 00 00 00 00 00 00 00 00 00 00 00 00 00 00 00 00 00 00 00 00 00 00 00 00 00 00 00 00 00 00 00 00 00 00 00 00 00 00 00 00 00  

 --- 60-06 default

2026/8/27 11:27:20.223 [TX] - 56 69 56 4F 74 65 63 68 32 00 60 06 00 C8 18 00 5F 36 01 02 9F 1A 02 08 40 9F 35 01 25 9F 33 03 60 08 C8 9F 40 05 60 00 F0 50 01 9F 1E 08 54 65 72 6D 69 6E 61 6C 9F 15 02 12 34 9F 16 0F 30 30 30 30 30 30 30 30 30 30 30 30 30 30 30 9F 1C 08 38 37 36 35 34 33 32 31 9F 4E 22 31 30 37 32 31 20 57 61 6C 6B 65 72 20 53 74 2E 20 43 79 70 72 65 73 73 2C 20 43 41 20 2C 55 53 41 2E DF 26 01 01 DF 10 08 65 6E 66 72 65 73 7A 68 DF 11 01 01 DF 27 01 00 DF EE 15 01 01 DF EE 16 01 00 DF EE 17 01 05 DF EE 18 01 80 DF EE 1E 08 50 9C 20 F0 C2 0E 14 00 DF EE 1F 01 80 DF EE 1B 08 30 30 30 31 30 35 30 30 DF EE 20 01 3C DF EE 21 01 0A DF EE 22 03 32 3C 3C 91 1D 
2026/8/27 11:27:20.248 [RX] - 56 69 56 4F 74 65 63 68 32 00 60 00 00 00 3D 35 00 00 00 00 00 00 00 00 00 00 00 00 00 00 00 00 00 00 00 00 00 00 00 00 00 00 00 00 00 00 00 00 00 00 00 00 00 00 00 00 00 00 00 00 00 00 00  

 --- 60-0A default

2026/8/27 11:27:20.792 [TX] - 56 69 56 4F 74 65 63 68 32 00 60 0A 00 92 A0 00 00 99 99 E1 01 01 F8 70 7B 9B ED F0 31 E5 8A 9F 84 36 31 B9 0C 90 D8 0E D6 95 00 00 00 03 70 00 99 C5 B7 0A A6 1B 4F 4C 51 B6 F9 0B 0E 3B FB 7A 3E E0 E7 DB 41 BC 46 68 88 B3 EC 8E 99 77 C7 62 40 7E F1 D7 9E 0A FB 28 23 10 0A 02 0C 3E 80 20 59 3D B5 0E 90 DB EA C1 8B 78 D1 3F 96 BB 2F 57 EE DD C3 0F 25 65 92 41 7C DF 73 9C A6 80 4A 10 A2 9D 28 06 E7 74 BF A7 51 F2 2C F3 B6 5B 38 F3 7F 91 B4 DA F8 AE C9 B8 03 F7 61 0E 06 AC 9E 6B 8C E0 
2026/8/27 11:27:20.876 [RX] - 56 69 56 4F 74 65 63 68 32 00 60 00 00 00 3D 35 00 00 00 00 00 00 00 00 00 00 00 00 00 00 00 00 00 00 00 00 00 00 00 00 00 00 00 00 00 00 00 00 00 00 00 00 00 00 00 00 00 00 00 00 00 00 00  

 --- 60-03 Load A0000001523010

2026/8/27 11:27:21.402 [TX] - 56 69 56 4F 74 65 63 68 32 00 60 03 00 65 07 00 A0 00 00 01 52 30 10 0F 00 9F 01 06 56 49 53 41 30 30 5F 57 01 00 5F 2A 02 08 40 9F 09 02 00 8C 5F 36 01 02 9F 1B 04 00 00 3A 98 DF 25 03 9F 37 04 DF 28 03 9F 08 02 DF EE 15 01 01 DF 13 05 00 00 00 00 00 DF 14 05 00 00 00 00 00 DF 15 05 40 00 00 00 00 DF 18 01 00 DF 17 04 00 00 27 10 DF 19 01 00 20 CB 
2026/8/27 11:27:21.474 [RX] - 56 69 56 4F 74 65 63 68 32 00 60 00 00 00 3D 35 00 00 00 00 00 00 00 00 00 00 00 00 00 00 00 00 00 00 00 00 00 00 00 00 00 00 00 00 00 00 00 00 00 00 00 00 00 00 00 00 00 00 00 00 00 00 00  

 --- 60-10

2026/8/27 11:27:22.673 [TX] - 56 69 56 4F 74 65 63 68 32 00 60 10 00 1A 01 00 0A 00 0A 9C 01 00 9F 02 06 00 00 00 00 15 00 9F 03 06 00 00 00 00 00 00 93 0E 
2026/8/27 11:27:22.700 [RX] - 56 69 56 4F 74 65 63 68 32 00 60 63 00 00 FF 0E 00 00 00 00 00 00 00 00 00 00 00 00 00 00 00 00 00 00 00 00 00 00 00 00 00 00 00 00 00 00 00 00 00 00 00 00 00 00 00 00 00 00 00 00 00 00 00 56 69 56 4F 74 65 63 68 32 00 60 00 00 CB E0 DF EE 26 02 E0 00 DF EE 12 0A FF FF FF 02 00 1B AD A0 00 38 DF EE 25 02 00 10 57 A1 13 60 11 CC CC CC CC 00 05 D2 31 2C CC CC CC CC CC CC CC CC 57 C1 18 9C A3 D2 E8 94 BC E7 0B 50 47 0B 59 0B AC BA 33 F4 42 21 38 94 88 0C 8E 5A A1 08 60 11 CC CC CC CC 00 05 5A C1 10 70 72 5C 65 1C 1A 6B 87 75 E5 EB AC 94 7F E6 2E 5F 34 01 01 5F 20 0E 44 45 42 49 54 2F 49 4D 41 47 45 20 30 31 5F 24 03 23 12 31 9F 1E 08 33 5A 30 30 30 33 36 39 9F 1F 00 9F 20 00 5F 25 03 12 01 01 5F 2D 00 50 08 44 49 53 43 4F 56 45 52 4F 00 84 07 A0 00 00 01 52 30 10  Tag 84 DF EE 23 00 9F 39 01 05 9F 53 00 DF 4F 00 FF EE 01 05 DF EE 30 01 01 B8 AB 00 00 00 00 00 00 00 00 00 00 00 00 00 00 00 00 00 00 00 00 00 00 00 00 00 00 00 00 00 00 00 00 00 
2026/8/27 11:27:26.312 [TX] - 56 69 56 4F 74 65 63 68 32 00 05 01 00 00 92 EF 
2026/8/27 11:27:26.351 [RX] - 56 69 56 4F 74 65 63 68 32 00 05 00 00 00 D8 A2 00 00 00 00 00 00 00 00 00 00 00 00 00 00 00 00 00 00 00 00 00 00 00 00 00 00 00 00 00 00 00 00 00 00 00 00 00 00 00 00 00 00 00 00 00 00 00  

 --- 60-16 =1C

2026/8/27 11:27:29.845 [TX] - 56 69 56 4F 74 65 63 68 32 00 60 16 00 01 01 D0 CD 
2026/8/27 11:27:29.866 [RX] - 56 69 56 4F 74 65 63 68 32 00 60 00 00 00 3D 35 00 00 00 00 00 00 00 00 00 00 00 00 00 00 00 00 00 00 00 00 00 00 00 00 00 00 00 00 00 00 00 00 00 00 00 00 00 00 00 00 00 00 00 00 00 00 00  

 --- 60-06 =1C, DFED48=04

2026/8/27 11:27:30.408 [TX] - 56 69 56 4F 74 65 63 68 32 00 60 06 00 C7 19 00 5F 36 01 02 9F 1A 02 08 40 9F 35 01 22 9F 33 03 60 F8 C8 9F 40 05 F0 00 F0 A0 01 9F 1E 08 54 65 72 6D 69 6E 61 6C 9F 15 02 12 34 9F 16 0F 30 30 30 30 30 30 30 30 30 30 30 30 30 30 30 9F 1C 08 38 37 36 35 34 33 32 31 9F 4E 22 31 30 37 32 31 20 57 61 6C 6B 65 72 20 53 74 2E 20 43 79 70 72 65 73 73 2C 20 43 41 20 2C 55 53 41 2E DF 26 01 01 DF 10 02 65 6E DF 11 01 01 DF 27 01 00 DF EE 15 01 01 DF EE 16 01 00 DF EE 17 01 05 DF EE 18 01 80 DF EE 1E 08 50 DC 3C F0 C2 9E 96 00 DF EE 1F 01 FF DF EE 1B 08 30 30 FF 30 31 FF 35 31 DF EE 20 01 0A DF EE 21 01 0A DF EE 22 03 03 3C 3C DF ED 48 01 04 37 CE 
2026/8/27 11:27:30.430 [RX] - 56 69 56 4F 74 65 63 68 32 00 60 00 00 00 3D 35 00 00 00 00 00 00 00 00 00 00 00 00 00 00 00 00 00 00 00 00 00 00 00 00 00 00 00 00 00 00 00 00 00 00 00 00 00 00 00 00 00 00 00 00 00 00 00  

 --- 60-02 Remove Application Data

2026/8/27 11:27:30.971 [TX] - 56 69 56 4F 74 65 63 68 32 00 60 02 00 00 55 53 
2026/8/27 11:27:31.002 [RX] - 56 69 56 4F 74 65 63 68 32 00 60 00 00 00 3D 35 00 00 00 00 00 00 00 00 00 00 00 00 00 00 00 00 00 00 00 00 00 00 00 00 00 00 00 00 00 00 00 00 00 00 00 00 00 00 00 00 00 00 00 00 00 00 00  

 --- 60-03 Load A0000001523010

2026/8/27 11:27:31.547 [TX] - 56 69 56 4F 74 65 63 68 32 00 60 03 00 65 07 00 A0 00 00 01 52 30 10 0F 00 9F 01 06 56 49 53 41 30 30 5F 57 01 00 5F 2A 02 08 40 9F 09 02 00 8C 5F 36 01 02 9F 1B 04 00 00 3A 98 DF 25 03 9F 37 04 DF 28 03 9F 08 02 DF EE 15 01 01 DF 13 05 00 00 00 00 00 DF 14 05 00 00 00 00 00 DF 15 05 40 00 00 00 00 DF 18 01 00 DF 17 04 00 00 27 10 DF 19 01 00 20 CB 
2026/8/27 11:27:31.576 [RX] - 56 69 56 4F 74 65 63 68 32 00 60 00 00 00 3D 35 00 00 00 00 00 00 00 00 00 00 00 00 00 00 00 00 00 00 00 00 00 00 00 00 00 00 00 00 00 00 00 00 00 00 00 00 00 00 00 00 00 00 00 00 00 00 00  

 --- 60-03 Load A0000001524010

2026/8/27 11:27:32.125 [TX] - 56 69 56 4F 74 65 63 68 32 00 60 03 00 65 07 00 A0 00 00 01 52 40 10 0F 00 9F 01 06 56 49 53 41 30 30 5F 57 01 00 5F 2A 02 08 40 9F 09 02 00 8C 5F 36 01 02 9F 1B 04 00 00 3A 98 DF 25 03 9F 37 04 DF 28 03 9F 08 02 DF EE 15 01 01 DF 13 05 00 00 00 00 00 DF 14 05 00 00 00 00 00 DF 15 05 40 00 00 00 00 DF 18 01 00 DF 17 04 00 00 27 10 DF 19 01 00 2A 11 
2026/8/27 11:27:32.187 [RX] - 56 69 56 4F 74 65 63 68 32 00 60 00 00 00 3D 35 00 00 00 00 00 00 00 00 00 00 00 00 00 00 00 00 00 00 00 00 00 00 00 00 00 00 00 00 00 00 00 00 00 00 00 00 00 00 00 00 00 00 00 00 00 00 00  

 --- 60-10

2026/8/27 11:27:33.490 [TX] - 56 69 56 4F 74 65 63 68 32 00 60 10 00 1A 01 00 0A 00 0A 9C 01 00 9F 02 06 00 00 00 00 15 00 9F 03 06 00 00 00 00 00 00 93 0E 
2026/8/27 11:27:33.521 [RX] - 56 69 56 4F 74 65 63 68 32 00 60 63 00 00 FF 0E 00 00 00 00 00 00 00 00 00 00 00 00 00 00 00 00 00 00 00 00 00 00 00 00 00 00 00 00 00 00 00 00 00 00 00 00 00 00 00 00 00 00 00 00 00 00 00 56 69 56 4F 74 65 63 68 32 00 60 00 00 D1 E0 DF EE 26 02 E0 00 DF EE 12 0A FF FF FF 02 00 1B AD A0 00 39 DF EE 25 02 00 10 57 A1 13 60 11 CC CC CC CC 00 05 D2 31 2C CC CC CC CC CC CC CC CC 57 C1 18 AC 85 47 43 60 1A C4 29 01 4A 0E D6 6F F0 A7 70 E4 11 97 16 17 5C 75 8C 5A A1 08 60 11 CC CC CC CC 00 05 5A C1 10 6D A5 40 26 EE 19 45 A6 30 68 AC F7 32 74 9B 5B 5F 34 01 01 5F 20 0E 44 45 42 49 54 2F 49 4D 41 47 45 20 30 31 5F 24 03 23 12 31 9F 1E 08 33 5A 30 30 30 33 36 39 9F 1F 00 9F 20 00 5F 25 03 12 01 01 5F 2D 00 50 0E 44 49 53 43 4F 56 45 52 20 44 45 42 49 54 4F 00 84 07 A0 00 00 01 52 40 10  Tag 84 DF EE 23 00 9F 39 01 05 9F 53 00 DF 4F 00 FF EE 01 05 DF EE 30 01 01 2D B3 00 00 00 00 00 00 00 00 00 00 00 00 00 00 00 00 00 00 00 00 00 00 00 00 00 00 00 
2026/8/27 11:27:37.047 [TX] - 56 69 56 4F 74 65 63 68 32 00 05 01 00 00 92 EF 
2026/8/27 11:27:37.087 [RX] - 56 69 56 4F 74 65 63 68 32 00 05 00 00 00 D8 A2 00 00 00 00 00 00 00 00 00 00 00 00 00 00 00 00 00 00 00 00 00 00 00 00 00 00 00 00 00 00 00 00 00 00 00 00 00 00 00 00 00 00 00 00 00 00 00  

 ---------- END OF TEST ----------

 Result = PASSED


Docklight Log File (HEX) - Stopped 2026/8/27 11:27:40.487 

