Docklight Log File (HEX) - Started 2026/9/30 15:13:18.024 
 TEST CASE: Type7_CEPAS7

 --- Set POS COM PORT Settings
 Set POS COM PORT...
 POS operating on COM90 @ 115200 baud...
 Set POS COM PORT - COMPLETE


2026/9/30 15:13:19.183 [TX] - 56 69 56 4F 74 65 63 68 32 00 2C 01 00 01 00 0D 38 
2026/9/30 15:13:19.191 [RX] - 56 69 56 4F 74 65 63 68 32 00 2C 0C 00 00 69 FA 00 00 00 00 00 00 00 00 00 00 00 00 00 00 00 00 00 00 00 00 00 00 00 00 00 00 00 00 00 00 00 00 00 00 00 00 00 00 00 00 00 00 00 00 00 00 00  

 --- PT START

2026/9/30 15:13:21.886 [TX] - 56 69 56 4F 74 65 63 68 32 00 2C 01 00 01 01 1D 19 
2026/9/30 15:13:21.897 [RX] - 56 69 56 4F 74 65 63 68 32 00 2C 00 00 00 1C 9B  PT Command (OK)

2026/9/30 15:13:21.897 [RX] - 00 00 00 00 00 00 00 00 00 00 00 00 00 00 00 00 00 00 00 00 00 00 00 00 00 00 00 00 00 00 00 00 00 00 00 00 00 00 00 00 00 00 00 00 00 00 00  

 --- 2C-0C ISO 14443 Type B Polling

2026/9/30 15:13:21.911 [TX] - 56 69 56 4F 74 65 63 68 32 00 2C 0C 00 04 0F 00 00 08 52 D6 
2026/9/30 15:13:21.970 [RX] - 56 69 56 4F 74 65 63 68 32 00 2C 00 00 05 02  Type B card read

2026/9/30 15:13:21.970 [RX] - BF 10 34 1B 5C 24 00 00 00 00 00 00 00 00 00 00 00 00 00 00 00 00 00 00 00 00 00 00 00 00 00 00 00 00 00 00 00 00 00 00 00 00 00 00 00 00 00 00  

 --- PPSE 

2026/9/30 15:13:21.986 [TX] - 56 69 56 4F 74 65 63 68 32 00 2C 03 00 14 00 A4 04 00 0E 32 50 41 59 2E 53 59 53 2E 44 44 46 30 31 00 72 6F 
2026/9/30 15:13:22.027 [RX] - 56 69 56 4F 74 65 63 68 32 00 2C 00 00 27 6F 23 84 0E 32 50 41 59 2E 53 59 53 2E 44 44 46 30 31 A5 11 BF 0C 0E 61 0C 4F 07 A0 00 00 00 04 10 10 87 01 01 90 00 8E B6 00 00 00 00 00 00 00 00  

 --- Select 

2026/9/30 15:13:22.560 [TX] - 56 69 56 4F 74 65 63 68 32 00 2C 03 00 0D 00 A4 04 00 07 A0 00 00 00 04 10 10 00 3B 56 
2026/9/30 15:13:22.580 [RX] - 56 69 56 4F 74 65 63 68 32 00 2C 00 00 1B 6F 17 84 07 A0 00 00 00 04 10 10 A5 0C 50 0A 4D 61 73 74 65 72 43 61 72 64 90 00 B9 2E 00 00 00 00 00 00 00 00 00 00 00 00 00 00 00 00 00 00 00 00  

 --- GPO 

2026/9/30 15:13:23.113 [TX] - 56 69 56 4F 74 65 63 68 32 00 2C 03 00 08 80 A8 00 00 02 83 00 00 8E EA 
2026/9/30 15:13:23.162 [RX] - 56 69 56 4F 74 65 63 68 32 00 2C 00 00 0E 77 0A 82 02 00 00 94 04 08 01 01 00 90 00 0C CB 00 00 00 00 00 00 00 00 00 00 00 00 00 00 00 00 00 00 00 00 00 00 00 00 00 00 00 00 00 00 00 00 00  

 --- Read Record 

2026/9/30 15:13:23.702 [TX] - 56 69 56 4F 74 65 63 68 32 00 2C 03 00 05 00 B2 01 0C 00 B2 61 
2026/9/30 15:13:23.739 [RX] - 56 69 56 4F 74 65 63 68 32 00 2C 00 00 95 70 81 90 9F 6C 02 00 01 56 3E 42 35 32 35 36 38 33 32 30 33 30 30 30 30 30 30 30 5E 53 75 70 70 6C 69 65 64 2F 4E 6F 74 5E 31 32 31 32 35 30 32 30 30 30 31 30 30 30 30 30 31 30 30 31 31 31 31 31 31 31 31 31 31 31 32 9F 64 01 05 9F 62 06 00 00 00 E0 00 00 9F 63 06 00 00 00 0F B0 00 9F 65 02 1C 00 9F 66 02 01 F6 9F 6B 13 52 56 83 20 30 00 00 00 D1 21 25 02 00 01 00 00 01 00 2F 9F 67 01 05 9F 68 0E 00 00 00 00 00 00 00 00 5E 03 42 03 1F 03 90 00 FF F6 00 00 00 00 00 00 00 00 00 00 00 00 00 00 00 00 00 00 00 00 00 00 00 00  

 --- ccc

2026/9/30 15:13:24.281 [TX] - 56 69 56 4F 74 65 63 68 32 00 2C 03 00 0A 80 2A 8E 80 04 00 00 00 00 00 34 1F 
2026/9/30 15:13:24.315 [RX] - 56 69 56 4F 74 65 63 68 32 00 2C 00 00 13 77 0F 9F 61 02 C6 C3 9F 60 02 1C F6 9F 36 02 33 89 90 00 9F 3B 00 00 00 00 00 00 00 00 00 00 00 00 00 00 00 00 00 00 00 00 00 00 00 00 00 00 00 00  

 --- 2C-0C Type A+B+F combination polling

2026/9/30 15:13:24.830 [TX] - 56 69 56 4F 74 65 63 68 32 00 2C 0C 00 04 0F 00 00 1C 00 63 
2026/9/30 15:13:24.927 [RX] - 56 69 56 4F 74 65 63 68 32 00 2C 00 00 05 02  Type B card read

2026/9/30 15:13:24.927 [RX] - BF 10 34 1B 5C 24 00 00 00 00 00 00 00 00 00 00 00 00 00 00 00 00 00 00 00 00 00 00 00 00 00 00 00 00 00 00 00 00 00 00 00 00 00 00 00 00 00 00  

 --- PPSE 

2026/9/30 15:13:24.943 [TX] - 56 69 56 4F 74 65 63 68 32 00 2C 03 00 14 00 A4 04 00 0E 32 50 41 59 2E 53 59 53 2E 44 44 46 30 31 00 72 6F 
2026/9/30 15:13:24.984 [RX] - 56 69 56 4F 74 65 63 68 32 00 2C 00 00 27 6F 23 84 0E 32 50 41 59 2E 53 59 53 2E 44 44 46 30 31 A5 11 BF 0C 0E 61 0C 4F 07 A0 00 00 00 04 10 10 87 01 01 90 00 8E B6 00 00 00 00 00 00 00 00  

 --- Select 

2026/9/30 15:13:25.515 [TX] - 56 69 56 4F 74 65 63 68 32 00 2C 03 00 0D 00 A4 04 00 07 A0 00 00 00 04 10 10 00 3B 56 
2026/9/30 15:13:25.535 [RX] - 56 69 56 4F 74 65 63 68 32 00 2C 00 00 1B 6F 17 84 07 A0 00 00 00 04 10 10 A5 0C 50 0A 4D 61 73 74 65 72 43 61 72 64 90 00 B9 2E 00 00 00 00 00 00 00 00 00 00 00 00 00 00 00 00 00 00 00 00  

 --- GPO 

2026/9/30 15:13:26.064 [TX] - 56 69 56 4F 74 65 63 68 32 00 2C 03 00 08 80 A8 00 00 02 83 00 00 8E EA 
2026/9/30 15:13:26.113 [RX] - 56 69 56 4F 74 65 63 68 32 00 2C 00 00 0E 77 0A 82 02 00 00 94 04 08 01 01 00 90 00 0C CB 00 00 00 00 00 00 00 00 00 00 00 00 00 00 00 00 00 00 00 00 00 00 00 00 00 00 00 00 00 00 00 00 00  

 --- Read Record 

2026/9/30 15:13:26.642 [TX] - 56 69 56 4F 74 65 63 68 32 00 2C 03 00 05 00 B2 01 0C 00 B2 61 
2026/9/30 15:13:26.680 [RX] - 56 69 56 4F 74 65 63 68 32 00 2C 00 00 95 70 81 90 9F 6C 02 00 01 56 3E 42 35 32 35 36 38 33 32 30 33 30 30 30 30 30 30 30 5E 53 75 70 70 6C 69 65 64 2F 4E 6F 74 5E 31 32 31 32 35 30 32 30 30 30 31 30 30 30 30 30 31 30 30 31 31 31 31 31 31 31 31 31 31 31 32 9F 64 01 05 9F 62 06 00 00 00 E0 00 00 9F 63 06 00 00 00 0F B0 00 9F 65 02 1C 00 9F 66 02 01 F6 9F 6B 13 52 56 83 20 30 00 00 00 D1 21 25 02 00 01 00 00 01 00 2F 9F 67 01 05 9F 68 0E 00 00 00 00 00 00 00 00 5E 03 42 03 1F 03 90 00 FF F6 00 00 00 00 00 00 00 00 00 00 00 00 00 00 00 00 00 00 00 00 00 00 00 00  

 --- ccc

2026/9/30 15:13:27.226 [TX] - 56 69 56 4F 74 65 63 68 32 00 2C 03 00 0A 80 2A 8E 80 04 00 00 00 00 00 34 1F 
2026/9/30 15:13:27.261 [RX] - 56 69 56 4F 74 65 63 68 32 00 2C 00 00 13 77 0F 9F 61 02 3C 03 9F 60 02 91 E8 9F 36 02 33 8A 90 00 51 6F 00 00 00 00 00 00 00 00 00 00 00 00 00 00 00 00 00 00 00 00 00 00 00 00 00 00 00 00 
2026/9/30 15:13:27.784 [TX] - 56 69 56 4F 74 65 63 68 32 00 2C 01 00 01 00 0D 38 
2026/9/30 15:13:27.799 [RX] - 56 69 56 4F 74 65 63 68 32 00 2C 00 00 00 1C 9B  PT Command (OK)

2026/9/30 15:13:27.799 [RX] - 00 00 00 00 00 00 00 00 00 00 00 00 00 00 00 00 00 00 00 00 00 00 00 00 00 00 00 00 00 00 00 00 00 00 00 00 00 00 00 00 00 00 00 00 00 00 00  Result = PASSED
 

 ---------- END OF TEST ----------

 

 MASTER RESULT = PASSED


Docklight Log File (HEX) - Stopped 2026/9/30 15:13:30.926 

