Docklight Log File (HEX) - Started 2026/9/15 13:53:59.800 
 TEST CASE: ST000-T

 --- Set POS COM PORT Settings
 Set POS COM PORT...
 POS operating on COM90 @ 115200 baud...
 Set POS COM PORT - COMPLETE

 --- Poll on demand

2026/9/15 13:54:05.754 [TX] - 56 69 56 4F 74 65 63 68 32 00 01 01 00 01 01 D7 34 
2026/9/15 13:54:05.772 [RX] - 56 69 56 4F 74 65 63 68 32 00 01 00 00 00 12 53 00 00 00 00 00 00 00 00 00 00 00 00 00 00 00 00 00 00 00 00 00 00 00 00 00 00 00 00 00 00 00 00 00 00 00 00 00 00 00 00 00 00 00 00 00 00 00  

 --- Burst mode off *** NEO2

2026/9/15 13:54:06.302 [TX] - 56 69 56 4F 74 65 63 68 32 00 04 00 00 05 DF EE 7E 01 00 60 1E 
2026/9/15 13:54:06.388 [RX] - 56 69 56 4F 74 65 63 68 32 00 04 00 00 00 AE 16 00 00 00 00 00 00 00 00 00 00 00 00 00 00 00 00 00 00 00 00 00 00 00 00 00 00 00 00 00 00 00 00 00 00 00 00 00 00 00 00 00 00 00 00 00 00 00  

 --- DFEE44

2026/9/15 13:54:06.899 [TX] - 56 69 56 4F 74 65 63 68 32 00 04 00 00 06 DF EE 44 02 9D FF 28 26 
2026/9/15 13:54:07.060 [RX] - 56 69 56 4F 74 65 63 68 32 00 04 00 00 00 AE 16 00 00 00 00 00 00 00 00 00 00 00 00 00 00 00 00 00 00 00 00 00 00 00 00 00 00 00 00 00 00 00 00 00 00 00 00 00 00 00 00 00 00 00 00 00 00 00  

 --- Group 80

2026/9/15 13:54:07.591 [TX] - 56 69 56 4F 74 65 63 68 32 00 04 03 01 02 DF EE 2D 01 80 9F 01 00 9F 1A 02 08 40 9F 1C 00 9F 1D 08 6C FF 00 00 00 00 00 00 5F 57 00 DF 60 00 DF 62 00 DF 63 00 DF 81 08 00 DF 81 09 00 DF 81 0A 00 DF 81 0D 00 DF 81 17 01 00 DF 81 18 01 60 DF 81 19 01 08 DF 81 1A 03 9F 6A 04 DF 81 1C 02 00 00 DF 81 1D 01 00 DF 81 1E 01 10 DF 81 1F 01 08 DF 81 20 05 00 00 00 00 00 DF 81 22 05 00 00 00 00 00 DF 81 21 05 00 00 00 00 00 DF 81 23 06 00 00 00 01 00 00 DF 81 24 06 00 00 00 03 00 00 DF 81 25 06 00 00 00 05 00 00 DF 81 26 06 00 00 00 00 10 00 DF 81 2C 01 00 9F 09 02 00 02 9F 15 02 11 11 9F 16 00 9F 1E 08 30 30 30 30 30 30 30 30 9F 33 00 9F 35 01 22 9F 40 05 00 00 00 00 00 9F 4E 00 9F 6D 02 00 01 9F 7E 00 DF EE 0F 01 01 DF EE 37 01 03 DF EE 38 01 00 DF 81 1B 01 00 DF EF 46 02 9F 02 DF EF 4F 02 9F 02 DF EF 4E 02 9F 02 6F 7B 
2026/9/15 13:54:07.689 [RX] - 56 69 56 4F 74 65 63 68 32 00 61 01 00 10 03 00 00 02 00 45 4E 03 00 82 23 1C 02 00 F4 21 3F 47 00 00 00 00 00 00 00 00 00 00 00 00 00 00 00 00 00 00 00 00 00 00 00 00 00 00 00 00 00 00 00 56 69 56 4F 74 65 63 68 32 00 04 00 00 00 AE 16 00 00 00 00 00 00 00 00 00 00 00 00 00 00 00 00 00 00 00 00 00 00 00 00 00 00 00 00 00 00 00 00 00 00 00 00 00 00 00 00 00 00 00 00 00 00 00  

 --- C7-65 set private key

2026/9/15 13:54:09.232 [TX] - 56 69 56 4F 74 65 63 68 32 00 C7 65 00 24 00 00 00 01 82 6D 17 E5 07 67 B1 65 B0 E4 D9 E3 32 F8 D1 D1 E2 02 24 28 4F B4 DA F1 E5 0A 03 24 6E 70 79 7D 71 B8 
2026/9/15 13:54:09.259 [RX] - 56 69 56 4F 74 65 63 68 32 00 C7 00 00 00 86 6E 00 00 00 00 00 00 00 00 00 00 00 00 00 00 00 00 00 00 00 00 00 00 00 00 00 00 00 00 00 00 00 00 00 00 00 00 00 00 00 00 00 00 00 00 00 00 00  

 Set config -- 0.1 =============================================================

2026/9/15 13:54:10.094 [TX] - 56 69 56 4F 74 65 63 68 32 00 04 03 00 3F DF EE 2D 01 8E DF EE 3B 04 00 BC 61 4E DF EE 3C 00 DF EE 3D 00 DF EF 25 00 DF ED 01 00 DF ED 02 05 00 00 00 00 01 DF ED 03 01 00 DF ED 04 01 01 DF ED 05 01 01 DF ED 06 01 00 DF ED 07 01 00 5A F0 
2026/9/15 13:54:10.140 [RX] - 56 69 56 4F 74 65 63 68 32 00 04 00 00 00 AE 16 00 00 00 00 00 00 00 00 00 00 00 00 00 00 00 00 00 00 00 00 00 00 00 00 00 00 00 00 00 00 00 00 00 00 00 00 00 00 00 00 00 00 00 00 00 00 00  

 --- 02-40 case 0.1

2026/9/15 13:54:11.918 [TX] - 56 69 56 4F 74 65 63 68 32 00 02 40 00 1B 30 9F 02 06 00 00 00 00 00 01 9C 01 00 FF EE 08 0A DF EF 1A 01 02 DF ED 28 01 00 F4 19 
2026/9/15 13:54:11.954 [RX] - 56 69 56 4F 74 65 63 68 32 00 02 63 00 00 4B B4 00 00 00 00 00 00 00 00 00 00 00 00 00 00 00 00 00 00 00 00 00 00 00 00 00 00 00 00 00 00 00 00 00 00 00 00 00 00 00 00 00 00 00 00 00 00 00 56 69 56 4F 74 65 63 68 32 00 61 01 00 10 03 00 00 02 00 45 4E 03 00 82 57 1C 02 00 00 60 FB 9A 00 00 00 00 00 00 00 00 00 00 00 00 00 00 00 00 00 00 00 00 00 00 00 00 00 00 00 00 00 00 00 56 69 56 4F 74 65 63 68 32 00 61 01 00 19 04 00 00 02 00 45 4E 0C 00 84 01 1C 04 24 1C 04 30 2E 30 31 1C 02 00 F4 21 62 DF 00 00 00 00 00 00 00 00 00 00 00 00 00 00 00 00 00 00 00 00 00 00 56 69 56 4F 74 65 63 68 32 00 61 01 00 10 03 00 00 02 00 45 4E 03 00 82 1A 1C 02 00 F4 21 58 29 00 00 00 00 00 00 00 00 00 00 00 00 00 00 00 00 00 00 00 00 00 00 00 00 00 00 00 00 00 00 00 56 69 56 4F 74 65 63 68 32 00 02 57 00 7E E1 DF EE 26 02 E1 00 FF EE 08 66 DF EF 76 62 94 03 2F 61 73 76 94 01 06 69 04 02 71 79 79 71 54 03 1F 63 75 73 94 03 06 63 69 64 04 12 34 56 78 90 19 01 03 03 54 63 70 6C 00 65 6E 54 03 02 63 75 74 04 7B 54 03 27 61 73 76 94 01 05 69 05 01 F7 97 98 54 02 19 6C 79 94 03 09 6F 69 64 04 AE B2 8A 55 D9 07 76 B6 54 01 06 6E 05 F3 24 23 42 34 9F 39 01 07 FF EE 01 05 DF EE 30 01 00 FC 59 00 00 00 00 00 00 00 00 00 00 00 00 00 00 00 00 00 00 00 00 00 00 00 00 00 00 00 00 00 00 00 00 00 00 00 00 00 00 00 00 00 00 00 00 00 00 00 56 69 56 4F 74 65 63 68 32 00 61 01 00 10 03 00 00 02 00 45 4E 03 00 82 23 1C 02 00 00 20 F0 63 00 00 00 00 00 00 00 00 00 00 00 00 00 00 00 00 00 00 00 00 00 00 00 00 00 00 00 00 00 00 00  

 Set config -- 0.2 =============================================================

2026/9/15 13:54:17.561 [TX] - 56 69 56 4F 74 65 63 68 32 00 04 03 00 3F DF EE 2D 01 8E DF EE 3B 04 00 BC 61 4E DF EE 3C 00 DF EE 3D 00 DF EF 25 00 DF ED 01 00 DF ED 02 05 00 00 00 00 01 DF ED 03 01 00 DF ED 04 01 01 DF ED 05 01 01 DF ED 06 01 00 DF ED 07 01 00 5A F0 
2026/9/15 13:54:17.590 [RX] - 56 69 56 4F 74 65 63 68 32 00 04 00 00 00 AE 16 00 00 00 00 00 00 00 00 00 00 00 00 00 00 00 00 00 00 00 00 00 00 00 00 00 00 00 00 00 00 00 00 00 00 00 00 00 00 00 00 00 00 00 00 00 00 00  

 --- 02-40 case 0.2

2026/9/15 13:54:20.146 [TX] - 56 69 56 4F 74 65 63 68 32 00 02 40 00 1B 30 9F 02 06 00 00 00 00 00 01 9C 01 00 FF EE 08 0A DF EF 1A 01 02 DF ED 28 01 00 F4 19 
2026/9/15 13:54:20.182 [RX] - 56 69 56 4F 74 65 63 68 32 00 02 63 00 00 4B B4 00 00 00 00 00 00 00 00 00 00 00 00 00 00 00 00 00 00 00 00 00 00 00 00 00 00 00 00 00 00 00 00 00 00 00 00 00 00 00 00 00 00 00 00 00 00 00 56 69 56 4F 74 65 63 68 32 00 61 01 00 10 03 00 00 02 00 45 4E 03 00 82 57 1C 02 00 00 60 FB 9A 00 00 00 00 00 00 00 00 00 00 00 00 00 00 00 00 00 00 00 00 00 00 00 00 00 00 00 00 00 00 00 56 69 56 4F 74 65 63 68 32 00 61 01 00 19 04 00 00 02 00 45 4E 0C 00 84 01 1C 04 24 1C 04 30 2E 30 31 1C 02 00 F4 21 62 DF 00 00 00 00 00 00 00 00 00 00 00 00 00 00 00 00 00 00 00 00 00 00 56 69 56 4F 74 65 63 68 32 00 61 01 00 10 03 00 00 02 00 45 4E 03 00 82 1A 1C 02 00 F4 21 58 29 00 00 00 00 00 00 00 00 00 00 00 00 00 00 00 00 00 00 00 00 00 00 00 00 00 00 00 00 00 00 00 56 69 56 4F 74 65 63 68 32 00 02 57 01 B1 E1 DF EE 26 02 E1 00 FF EE 08 82 01 97 DF EF 76 82 01 91 94 03 2F 61 73 76 94 01 06 69 04 02 71 79 79 71 54 03 1F 63 75 73 94 03 06 63 69 64 04 12 34 56 78 90 19 01 03 03 54 63 70 6C 00 65 6E 54 03 02 63 75 74 04 7B 44 03 00 00 01 53 61 73 76 94 01 05 69 05 01 F7 97 98 14 02 19 6F 66 94 03 09 6F 69 64 04 B4 59 B8 27 95 99 C3 51 54 01 06 6E 05 F3 24 23 42 36 14 02 19 6F 66 94 03 09 6F 69 64 04 CB 37 13 96 F8 EE 8C C6 54 01 06 6E 05 F3 24 23 42 43 14 02 19 6C 79 94 03 09 6F 69 64 04 93 5C 30 3B 20 57 AF 32 54 01 06 6E 05 F3 24 23 42 34 14 02 19 6F 66 94 03 09 6F 69 64 04 EF 2B 20 63 9C 7F 32 05 54 01 06 6E 05 F3 24 23 42 41 14 02 19 6F 66 94 03 09 6F 69 64 04 7F EB 29 77 F3 62 7A B8 54 01 06 6E 05 F3 24 23 42 37 14 02 19 6F 66 94 03 09 6F 69 64 04 83 AB DF A2 31 E7 C3 77 54 01 06 6E 05 F3 24 23 42 42 14 02 19 6F 66 94 03 09 6F 69 64 04 3E 4C 23 6E 64 7A 87 17 54 01 06 6E 05 F3 24 23 42 40 14 02 19 6F 66 94 03 09 6F 69 64 04 3F 93 84 14 C2 4A 83 0B 54 01 06 6E 05 F3 24 23 42 35 14 02 19 6F 66 94 03 09 6F 69 64 04 D4 F0 C2 97 F5 82 AA 23 54 01 06 6E 05 F3 24 23 42 39 14 02 19 6F 66 94 03 09 6F 69 64 04 FD 06 61 57 81 B6 13 6D 54 01 06 6E 05 F3 24 23 42 38 54 02 19 6F 66 94 03 09 6F 69 64 04 D3 90 EF 9A 70 E5 12 DA 54 01 06 6E 05 F3 24 23 42 44 9F 39 01 07 FF EE 01 05 DF EE 30 01 00 DD EA 00 00 00 00 00 00 00 00 00 00 00 00 00 00 00 00 00 00 00 00 00 00 00 00 00 00 00 00 00 00 00 00 00 00 00 00 00 00 00 00 00 00 00 00 00 00 00 00 00 00 00 00 00 00 00 56 69 56 4F 74 65 63 68 32 00 61 01 00 10 03 00 00 02 00 45 4E 03 00 82 23 1C 02 00 00 20 F0 63 00 00 00 00 00 00 00 00 00 00 00 00 00 00 00 00 00 00 00 00 00 00 00 00 00 00 00 00 00 00 00  

 Set config -- 0.3 =============================================================

2026/9/15 13:54:23.753 [TX] - 56 69 56 4F 74 65 63 68 32 00 04 03 00 3F DF EE 2D 01 8E DF EE 3B 04 00 BC 61 4E DF EE 3C 00 DF EE 3D 00 DF EF 25 00 DF ED 01 00 DF ED 02 05 00 00 00 00 01 DF ED 03 01 00 DF ED 04 01 01 DF ED 05 01 01 DF ED 06 01 00 DF ED 07 01 00 5A F0 
2026/9/15 13:54:23.782 [RX] - 56 69 56 4F 74 65 63 68 32 00 04 00 00 00 AE 16 00 00 00 00 00 00 00 00 00 00 00 00 00 00 00 00 00 00 00 00 00 00 00 00 00 00 00 00 00 00 00 00 00 00 00 00 00 00 00 00 00 00 00 00 00 00 00  

 --- 02-40 case 0.3

2026/9/15 13:54:27.567 [TX] - 56 69 56 4F 74 65 63 68 32 00 02 40 00 1B 30 9F 02 06 00 00 00 00 00 01 9C 01 00 FF EE 08 0A DF EF 1A 01 0A DF ED 28 01 00 B6 14 
2026/9/15 13:54:27.604 [RX] - 56 69 56 4F 74 65 63 68 32 00 02 63 00 00 4B B4 00 00 00 00 00 00 00 00 00 00 00 00 00 00 00 00 00 00 00 00 00 00 00 00 00 00 00 00 00 00 00 00 00 00 00 00 00 00 00 00 00 00 00 00 00 00 00 56 69 56 4F 74 65 63 68 32 00 61 01 00 10 03 00 00 02 00 45 4E 03 00 82 57 1C 02 00 00 60 FB 9A 00 00 00 00 00 00 00 00 00 00 00 00 00 00 00 00 00 00 00 00 00 00 00 00 00 00 00 00 00 00 00 56 69 56 4F 74 65 63 68 32 00 61 01 00 19 04 00 00 02 00 45 4E 0C 00 84 01 1C 04 24 1C 04 30 2E 30 31 1C 02 00 F4 21 62 DF 00 00 00 00 00 00 00 00 00 00 00 00 00 00 00 00 00 00 00 00 00 00 56 69 56 4F 74 65 63 68 32 00 61 01 00 10 03 00 00 02 00 45 4E 03 00 82 1A 1C 02 00 F4 21 58 29 00 00 00 00 00 00 00 00 00 00 00 00 00 00 00 00 00 00 00 00 00 00 00 00 00 00 00 00 00 00 00 56 69 56 4F 74 65 63 68 32 00 02 57 00 7E E1 DF EE 26 02 E1 00 FF EE 08 66 DF EF 76 62 94 03 2F 61 73 76 94 01 06 69 04 02 71 79 79 71 54 03 1F 63 75 73 94 03 06 63 69 64 04 12 34 56 78 90 19 01 03 03 54 63 70 6C 00 65 6E 54 03 02 63 75 74 04 7B 54 03 27 61 73 76 94 01 05 69 05 01 F7 97 98 54 02 19 6C 79 94 03 09 6F 69 64 04 DB C2 CD 8D 3E 7B 56 37 54 01 06 6E 05 F3 24 23 42 34 9F 39 01 07 FF EE 01 05 DF EE 30 01 00 61 F8 00 00 00 00 00 00 00 00 00 00 00 00 00 00 00 00 00 00 00 00 00 00 00 00 00 00 00 00 00 00 00 00 00 00 00 00 00 00 00 00 00 00 00 00 00 00 00 56 69 56 4F 74 65 63 68 32 00 61 01 00 10 03 00 00 02 00 45 4E 03 00 82 23 1C 02 00 00 20 F0 63 00 00 00 00 00 00 00 00 00 00 00 00 00 00 00 00 00 00 00 00 00 00 00 00 00 00 00 00 00 00 00  

 Set config -- 0.4 =============================================================

2026/9/15 13:54:31.795 [TX] - 56 69 56 4F 74 65 63 68 32 00 04 03 00 3F DF EE 2D 01 8E DF EE 3B 04 00 BC 61 4E DF EE 3C 00 DF EE 3D 00 DF EF 25 00 DF ED 01 00 DF ED 02 05 00 00 00 00 01 DF ED 03 01 00 DF ED 04 01 01 DF ED 05 01 01 DF ED 06 01 00 DF ED 07 01 00 5A F0 
2026/9/15 13:54:31.824 [RX] - 56 69 56 4F 74 65 63 68 32 00 04 00 00 00 AE 16 00 00 00 00 00 00 00 00 00 00 00 00 00 00 00 00 00 00 00 00 00 00 00 00 00 00 00 00 00 00 00 00 00 00 00 00 00 00 00 00 00 00 00 00 00 00 00  

 --- 02-40 case 0.4

2026/9/15 13:54:34.527 [TX] - 56 69 56 4F 74 65 63 68 32 00 02 40 00 1B 30 9F 02 06 00 00 00 00 00 01 9C 01 00 FF EE 08 0A DF EF 1A 01 0A DF ED 28 01 00 B6 14 
2026/9/15 13:54:34.564 [RX] - 56 69 56 4F 74 65 63 68 32 00 02 63 00 00 4B B4 00 00 00 00 00 00 00 00 00 00 00 00 00 00 00 00 00 00 00 00 00 00 00 00 00 00 00 00 00 00 00 00 00 00 00 00 00 00 00 00 00 00 00 00 00 00 00 56 69 56 4F 74 65 63 68 32 00 61 01 00 10 03 00 00 02 00 45 4E 03 00 82 57 1C 02 00 00 60 FB 9A 00 00 00 00 00 00 00 00 00 00 00 00 00 00 00 00 00 00 00 00 00 00 00 00 00 00 00 00 00 00 00 56 69 56 4F 74 65 63 68 32 00 61 01 00 19 04 00 00 02 00 45 4E 0C 00 84 01 1C 04 24 1C 04 30 2E 30 31 1C 02 00 F4 21 62 DF 00 00 00 00 00 00 00 00 00 00 00 00 00 00 00 00 00 00 00 00 00 00 56 69 56 4F 74 65 63 68 32 00 61 01 00 10 03 00 00 02 00 45 4E 03 00 82 1A 1C 02 00 F4 21 58 29 00 00 00 00 00 00 00 00 00 00 00 00 00 00 00 00 00 00 00 00 00 00 00 00 00 00 00 00 00 00 00 56 69 56 4F 74 65 63 68 32 00 02 57 01 B1 E1 DF EE 26 02 E1 00 FF EE 08 82 01 97 DF EF 76 82 01 91 94 03 2F 61 73 76 94 01 06 69 04 02 71 79 79 71 54 03 1F 63 75 73 94 03 06 63 69 64 04 12 34 56 78 90 19 01 03 03 54 63 70 6C 00 65 6E 54 03 02 63 75 74 04 7B 44 03 00 00 01 53 61 73 76 94 01 05 69 05 01 F7 97 98 14 02 19 6F 66 94 03 09 6F 69 64 04 83 34 23 6A 2A 1E 98 05 54 01 06 6E 05 F3 24 23 42 40 14 02 19 6F 66 94 03 09 6F 69 64 04 E5 C6 EB CB EE 62 0C F7 54 01 06 6E 05 F3 24 23 42 44 14 02 19 6F 66 94 03 09 6F 69 64 04 2E 2F 18 B7 D8 F2 B0 8E 54 01 06 6E 05 F3 24 23 42 35 14 02 19 6F 66 94 03 09 6F 69 64 04 93 4E 5F 84 EA 66 94 B0 54 01 06 6E 05 F3 24 23 42 38 14 02 19 6F 66 94 03 09 6F 69 64 04 3B 01 49 24 D3 2B 84 92 54 01 06 6E 05 F3 24 23 42 36 14 02 19 6F 66 94 03 09 6F 69 64 04 0C 11 33 61 21 28 12 6C 54 01 06 6E 05 F3 24 23 42 43 14 02 19 6F 66 94 03 09 6F 69 64 04 55 C9 EC A6 B3 2F 70 01 54 01 06 6E 05 F3 24 23 42 39 14 02 19 6F 66 94 03 09 6F 69 64 04 BC 20 5D 13 3A 42 BD 48 54 01 06 6E 05 F3 24 23 42 41 14 02 19 6F 66 94 03 09 6F 69 64 04 2E 55 AD 00 73 6D 08 83 54 01 06 6E 05 F3 24 23 42 42 14 02 19 6C 79 94 03 09 6F 69 64 04 49 6A F9 39 8A 7E E2 13 54 01 06 6E 05 F3 24 23 42 34 54 02 19 6F 66 94 03 09 6F 69 64 04 45 EF 1D 50 22 D0 A4 00 54 01 06 6E 05 F3 24 23 42 37 9F 39 01 07 FF EE 01 05 DF EE 30 01 00 A9 2D 00 00 00 00 00 00 00 00 00 00 00 00 00 00 00 00 00 00 00 00 00 00 00 00 00 00 00 00 00 00 00 00 00 00 00 00 00 00 00 00 00 00 00 00 00 00 00 00 00 00 00 00 00 00 00 56 69 56 4F 74 65 63 68 32 00 61 01 00 10 03 00 00 02 00 45 4E 03 00 82 23 1C 02 00 00 20 F0 63 00 00 00 00 00 00 00 00 00 00 00 00 00 00 00 00 00 00 00 00 00 00 00 00 00 00 00 00 00 00 00  

 Set config -- 0.5 =============================================================

2026/9/15 13:54:40.327 [TX] - 56 69 56 4F 74 65 63 68 32 00 04 03 00 3F DF EE 2D 01 8E DF EE 3B 04 00 BC 61 4E DF EE 3C 00 DF EE 3D 00 DF EF 25 00 DF ED 01 00 DF ED 02 05 00 00 00 00 01 DF ED 03 01 00 DF ED 04 01 01 DF ED 05 01 01 DF ED 06 01 00 DF ED 07 01 00 5A F0 
2026/9/15 13:54:40.357 [RX] - 56 69 56 4F 74 65 63 68 32 00 04 00 00 00 AE 16 00 00 00 00 00 00 00 00 00 00 00 00 00 00 00 00 00 00 00 00 00 00 00 00 00 00 00 00 00 00 00 00 00 00 00 00 00 00 00 00 00 00 00 00 00 00 00  

 --- 02-40 case 0.5

2026/9/15 13:54:44.014 [TX] - 56 69 56 4F 74 65 63 68 32 00 02 40 00 5B 30 9F 02 06 00 00 00 00 00 01 9C 01 00 FF EE 08 4A DF EF 1A 01 06 DF EF 1B 41 54 03 3B 6E 73 72 01 99 01 15 03 54 6E 73 74 02 65 6E 4D 79 20 6C 6F 79 61 6C 74 79 20 70 72 6F 67 72 61 6D 59 01 15 03 55 6E 73 75 00 65 78 61 6D 70 6C 65 2E 63 6F 6D 2F 76 61 6C 75 61 62 6C 65 4A 46 
2026/9/15 13:54:44.052 [RX] - 56 69 56 4F 74 65 63 68 32 00 02 63 00 00 4B B4 00 00 00 00 00 00 00 00 00 00 00 00 00 00 00 00 00 00 00 00 00 00 00 00 00 00 00 00 00 00 00 00 00 00 00 00 00 00 00 00 00 00 00 00 00 00 00 56 69 56 4F 74 65 63 68 32 00 61 01 00 10 03 00 00 02 00 45 4E 03 00 82 57 1C 02 00 00 60 FB 9A 00 00 00 00 00 00 00 00 00 00 00 00 00 00 00 00 00 00 00 00 00 00 00 00 00 00 00 00 00 00 00 56 69 56 4F 74 65 63 68 32 00 61 01 00 19 04 00 00 02 00 45 4E 0C 00 84 01 1C 04 24 1C 04 30 2E 30 31 1C 02 00 F4 21 62 DF 00 00 00 00 00 00 00 00 00 00 00 00 00 00 00 00 00 00 00 00 00 00 56 69 56 4F 74 65 63 68 32 00 61 01 00 10 03 00 00 02 00 45 4E 03 00 82 1A 1C 02 00 F4 21 58 29 00 00 00 00 00 00 00 00 00 00 00 00 00 00 00 00 00 00 00 00 00 00 00 00 00 00 00 00 00 00 00 56 69 56 4F 74 65 63 68 32 00 02 57 00 1C E1 DF EE 26 02 E1 00 FF EE 08 04 DF EF 76 00 9F 39 01 07 FF EE 01 05 DF EE 30 01 00 A3 5B 00 00 00 00 00 00 00 00 00 00 00 00 00 00 00 00 00 00 00 56 69 56 4F 74 65 63 68 32 00 61 01 00 10 03 00 00 02 00 45 4E 03 00 82 23 1C 02 00 00 20 F0 63 00 00 00 00 00 00 00 00 00 00 00 00 00 00 00 00 00 00 00 00 00 00 00 00 00 00 00 00 00 00 00  

 Set config -- 0.6 =============================================================

2026/9/15 13:54:50.492 [TX] - 56 69 56 4F 74 65 63 68 32 00 04 03 00 3F DF EE 2D 01 8E DF EE 3B 04 00 BC 61 4E DF EE 3C 00 DF EE 3D 00 DF EF 25 00 DF ED 01 00 DF ED 02 05 00 00 00 00 04 DF ED 03 01 00 DF ED 04 01 01 DF ED 05 01 01 DF ED 06 01 00 DF ED 07 01 00 FD CD 
2026/9/15 13:54:50.544 [RX] - 56 69 56 4F 74 65 63 68 32 00 04 00 00 00 AE 16 00 00 00 00 00 00 00 00 00 00 00 00 00 00 00 00 00 00 00 00 00 00 00 00 00 00 00 00 00 00 00 00 00 00 00 00 00 00 00 00 00 00 00 00 00 00 00  

 --- 02-40 case 0.6

2026/9/15 13:54:53.538 [TX] - 56 69 56 4F 74 65 63 68 32 00 02 40 00 1B 30 9F 02 06 00 00 00 00 00 01 9C 01 00 FF EE 08 0A DF EF 1A 01 01 DF ED 28 01 00 14 D7 
2026/9/15 13:54:53.574 [RX] - 56 69 56 4F 74 65 63 68 32 00 02 63 00 00 4B B4 00 00 00 00 00 00 00 00 00 00 00 00 00 00 00 00 00 00 00 00 00 00 00 00 00 00 00 00 00 00 00 00 00 00 00 00 00 00 00 00 00 00 00 00 00 00 00 56 69 56 4F 74 65 63 68 32 00 61 01 00 10 03 00 00 02 00 45 4E 03 00 82 1A 1C 02 00 F4 21 58 29 00 00 00 00 00 00 00 00 00 00 00 00 00 00 00 00 00 00 00 00 00 00 00 00 00 00 00 00 00 00 00 56 69 56 4F 74 65 63 68 32 00 61 01 00 10 03 00 00 02 00 45 4E 03 00 82 57 1C 02 00 00 60 FB 9A 00 00 00 00 00 00 00 00 00 00 00 00 00 00 00 00 00 00 00 00 00 00 00 00 00 00 00 00 00 00 00 56 69 56 4F 74 65 63 68 32 00 61 01 00 19 04 00 00 02 00 45 4E 0C 00 84 01 1C 04 24 1C 04 30 2E 30 31 1C 02 00 F4 21 62 DF 00 00 00 00 00 00 00 00 00 00 00 00 00 00 00 00 00 00 00 00 00 00 56 69 56 4F 74 65 63 68 32 00 61 01 00 10 03 00 00 02 00 45 4E 03 00 82 68 1C 02 00 F4 21 96 F5 00 00 00 00 00 00 00 00 00 00 00 00 00 00 00 00 00 00 00 00 00 00 00 00 00 00 00 00 00 00 00 56 69 56 4F 74 65 63 68 32 00 61 01 00 10 03 00 00 02 00 45 4E 03 00 82 15 1C 02 00 F4 21 9D 2A 00 00 00 00 00 00 00 00 00 00 00 00 00 00 00 00 00 00 00 00 00 00 00 00 00 00 00 00 00 00 00 56 69 56 4F 74 65 63 68 32 00 02 23 03 A7 F1 DF EE 26 02 F1 00 DF EE 12 0A FF FF 98 76 54 32 11 00 00 2A DF EF 17 A1 3E 2A 35 34 31 33 2A 2A 2A 2A 2A 2A 2A 2A 34 38 30 30 5E 53 55 50 50 4C 49 45 44 2F 4E 4F 54 5E 31 39 30 36 2A 2A 2A 2A 2A 2A 2A 2A 2A 2A 2A 2A 2A 2A 2A 2A 2A 2A 2A 2A 2A 2A 2A 2A 2A 2A 2A DF EF 17 C1 48 A1 33 AC F2 86 C0 01 8B 37 F7 6B EE 8B FF 69 AD E9 58 46 0D 6B AD 5B 04 BB 73 12 14 27 14 05 65 51 CB DC FC 5F A4 39 B5 C5 65 02 94 20 61 B5 34 E4 67 68 5A 9E 3A AD 15 BB 2F B1 58 03 A9 66 79 B8 07 2E BE B3 E6 D1 83 DF EF 18 A1 25 35 34 31 33 2A 2A 2A 2A 2A 2A 2A 2A 34 38 30 30 3D 31 39 30 36 2A 2A 2A 2A 2A 2A 2A 2A 2A 2A 2A 2A 2A 2A 2A 2A DF EF 18 C1 30 F8 FB 10 6A 09 26 B4 E4 B5 F2 79 54 0A DC FF 8A 14 00 DE 1F B3 7B E3 C5 9D ED 27 34 97 DD 56 52 B8 B2 3B 73 0B 64 1D EA D1 80 8B C6 1F E0 17 C3 DF EF 4C 06 00 00 00 00 00 00 DF EF 4D 00 DF 81 16 16 1E 04 00 00 00 00 00 00 00 00 00 00 00 00 00 00 00 00 00 00 00 00 DF 81 29 08 30 F0 F0 00 30 F0 FF 00 FF 81 06 44 DF 81 15 06 00 00 00 00 00 FF DF 81 2A C1 20 32 4F D6 F2 7A AB F3 DF 5B 87 EF 7A AA 0D BE DC C9 4C A2 29 66 A8 E4 8B 95 F5 1F 18 74 C8 91 7B DF 81 2B C1 10 5A 16 25 85 B0 0E 77 7A E4 99 AC 59 08 08 A4 E2 FF 81 05 82 01 7E 4F 07 A0 00 00 00 04 10 10 50 0A 4D 61 73 74 65 72 43 61 72 64 56 A1 3E 2A 35 34 31 33 2A 2A 2A 2A 2A 2A 2A 2A 34 38 30 30 5E 53 55 50 50 4C 49 45 44 2F 4E 4F 54 5E 31 39 30 36 2A 2A 2A 2A 2A 2A 2A 2A 2A 2A 2A 2A 2A 2A 2A 2A 2A 2A 2A 2A 2A 2A 2A 2A 2A 2A 2A 56 C1 40 C9 B3 77 CD 30 31 88 89 0B 0B 2B 5C D8 CD 9C 2F F6 AA 15 FB 07 3F 5E 4B 2E F7 43 8B 5C 35 40 BA C1 08 5D 44 0C FF 76 32 88 F8 97 DD EF 8A 97 41 67 C7 08 87 92 EA 1F A0 8E 5E 4A 4E E0 7E A9 6A 82 02 00 00 84 07 A0 00 00 00 04 10 10 95 05 00 00 00 00 00 9A 03 26 09 15 9B 02 00 00 9C 01 00 9F 01 00 9F 02 06 00 00 00 00 00 01 9F 06 07 A0 00 00 00 04 10 10 9F 09 02 00 02 9F 11 01 01 9F 15 02 11 11 9F 16 00 9F 1A 02 08 40 9F 1C 00 9F 1D 08 6C FF 00 00 00 00 00 00 9F 1E 08 35 54 31 37 30 36 30 35 9F 21 03 05 54 33 9F 2A 01 02 9F 33 03 00 00 08 9F 34 03 00 00 00 9F 35 01 22 9F 36 02 00 00 9F 37 04 99 B3 DF 60 9F 39 01 91 9F 40 05 00 00 00 00 00 9F 41 04 00 00 00 40 9F 4E 00 9F 66 02 0E 70 9F 6A 04 00 00 08 63 9F 6B A1 13 54 13 CC CC CC CC 48 00 D1 90 6C CC CC CC CC CC CC CC CC 9F 6B C1 18 09 2C 64 AB D7 37 A8 B8 D4 80 5C F0 2E 98 C2 B5 0F 22 F5 D0 6F 1E 7B FE 9F 6D 02 00 01 FF EE 01 05 DF EE 30 01 00 DF EE 4C 01 03 DF EC 1C 1E 08 03 00 03 FF 00 1E 04 00 00 00 FF 00 00 00 00 00 00 00 00 00 00 00 00 00 00 00 00 FF 00 FF EE 08 66 DF EF 76 62 94 03 2F 61 73 76 94 01 06 69 04 02 71 79 79 71 54 03 1F 63 75 73 94 03 06 63 69 64 04 12 34 56 78 90 19 01 03 03 54 63 70 6C 00 65 6E 54 03 02 63 75 74 04 7B 54 03 27 61 73 76 94 01 05 69 05 01 F7 97 98 54 02 19 6C 79 94 03 09 6F 69 64 04 5C 9D 5D 30 FB 0E D4 E1 54 01 06 6E 05 F3 24 23 42 34 FF EE 01 05 DF EE 30 01 00 FD F6 00 00 00 00 00 00 00 00 00 00 00 00 00 00 00 00 00 00 00 00 00 00 00 00 00 00 00 00 00 00 00 00 00 00 00 00 00 00 00 00 00 00 00 00 00 00 00 00 00 00 00 00 00 00 00 00 00  

 Set config -- 0.7 =============================================================

2026/9/15 13:54:57.894 [TX] - 56 69 56 4F 74 65 63 68 32 00 04 03 00 3F DF EE 2D 01 8E DF EE 3B 04 00 BC 61 4E DF EE 3C 00 DF EE 3D 00 DF EF 25 00 DF ED 01 00 DF ED 02 05 00 00 00 00 04 DF ED 03 01 00 DF ED 04 01 01 DF ED 05 01 01 DF ED 06 01 00 DF ED 07 01 00 FD CD 
2026/9/15 13:54:57.924 [RX] - 56 69 56 4F 74 65 63 68 32 00 04 00 00 00 AE 16 00 00 00 00 00 00 00 00 00 00 00 00 00 00 00 00 00 00 00 00 00 00 00 00 00 00 00 00 00 00 00 00 00 00 00 00 00 00 00 00 00 00 00 00 00 00 00  

 --- 02-40 case 0.7

2026/9/15 13:55:01.086 [TX] - 56 69 56 4F 74 65 63 68 32 00 02 40 00 1B 30 9F 02 06 00 00 00 00 00 01 9C 01 00 FF EE 08 0A DF EF 1A 01 01 DF ED 28 01 00 14 D7 
2026/9/15 13:55:01.122 [RX] - 56 69 56 4F 74 65 63 68 32 00 02 63 00 00 4B B4 00 00 00 00 00 00 00 00 00 00 00 00 00 00 00 00 00 00 00 00 00 00 00 00 00 00 00 00 00 00 00 00 00 00 00 00 00 00 00 00 00 00 00 00 00 00 00 56 69 56 4F 74 65 63 68 32 00 61 01 00 10 03 00 00 02 00 45 4E 03 00 82 57 1C 02 00 00 60 FB 9A 00 00 00 00 00 00 00 00 00 00 00 00 00 00 00 00 00 00 00 00 00 00 00 00 00 00 00 00 00 00 00 56 69 56 4F 74 65 63 68 32 00 61 01 00 19 04 00 00 02 00 45 4E 0C 00 84 01 1C 04 24 1C 04 30 2E 30 31 1C 02 00 F4 21 62 DF 00 00 00 00 00 00 00 00 00 00 00 00 00 00 00 00 00 00 00 00 00 00 56 69 56 4F 74 65 63 68 32 00 61 01 00 10 03 00 00 02 00 45 4E 03 00 82 1A 1C 02 00 F4 21 58 29 00 00 00 00 00 00 00 00 00 00 00 00 00 00 00 00 00 00 00 00 00 00 00 00 00 00 00 00 00 00 00 56 69 56 4F 74 65 63 68 32 00 61 01 00 10 03 00 00 02 00 45 4E 03 00 82 68 1C 02 00 F4 21 96 F5 00 00 00 00 00 00 00 00 00 00 00 00 00 00 00 00 00 00 00 00 00 00 00 00 00 00 00 00 00 00 00 56 69 56 4F 74 65 63 68 32 00 61 01 00 10 03 00 00 02 00 45 4E 03 00 82 15 1C 02 00 F4 21 9D 2A 00 00 00 00 00 00 00 00 00 00 00 00 00 00 00 00 00 00 00 00 00 00 00 00 00 00 00 00 00 00 00 56 69 56 4F 74 65 63 68 32 00 02 23 03 7A F1 DF EE 26 02 F1 00 DF EE 12 0A FF FF 98 76 54 32 11 00 00 2B DF EF 17 A1 3E 2A 35 34 31 33 2A 2A 2A 2A 2A 2A 2A 2A 34 38 30 30 5E 53 55 50 50 4C 49 45 44 2F 4E 4F 54 5E 31 39 30 36 2A 2A 2A 2A 2A 2A 2A 2A 2A 2A 2A 2A 2A 2A 2A 2A 2A 2A 2A 2A 2A 2A 2A 2A 2A 2A 2A DF EF 17 C1 48 B4 A5 AA 4B 5C C6 B0 3C 07 74 0E 19 78 F7 7D 39 08 7C F8 B7 BB C2 EE D1 56 BE 93 D6 66 BC 10 9E 82 2D B8 62 75 37 08 33 26 B3 38 07 AB 97 07 BD F1 CD 00 C2 63 8A 73 B1 E2 2E 18 26 38 A9 C1 D4 FE D8 3D 8E 79 BF 53 89 DF EF 18 A1 25 35 34 31 33 2A 2A 2A 2A 2A 2A 2A 2A 34 38 30 30 3D 31 39 30 36 2A 2A 2A 2A 2A 2A 2A 2A 2A 2A 2A 2A 2A 2A 2A 2A DF EF 18 C1 30 A3 70 34 CE 59 BD C2 9B 23 0B 45 C9 E1 54 5C AC 1A A8 1D B1 57 C9 A8 06 F3 3A 71 B3 1A D7 73 C9 91 EB 0D 0D 5A 74 08 A0 CE 40 29 59 12 56 63 83 DF EF 4C 06 00 00 00 00 00 00 DF EF 4D 00 DF 81 16 16 1E 04 00 00 00 00 00 00 00 00 00 00 00 00 00 00 00 00 00 00 00 00 DF 81 29 08 30 F0 F0 00 30 F0 FF 00 FF 81 06 44 DF 81 15 06 00 00 00 00 00 FF DF 81 2A C1 20 D4 E6 4D D4 DD 78 ED BE 7C D1 98 7F 82 50 38 D2 2A 58 AB D6 04 78 E6 41 50 3E CC 27 75 81 22 E0 DF 81 2B C1 10 32 A9 64 8F C2 DD FC 1E 45 9E 0B D4 51 A0 87 68 FF 81 05 82 01 7E 4F 07 A0 00 00 00 04 10 10 50 0A 4D 61 73 74 65 72 43 61 72 64 56 A1 3E 2A 35 34 31 33 2A 2A 2A 2A 2A 2A 2A 2A 34 38 30 30 5E 53 55 50 50 4C 49 45 44 2F 4E 4F 54 5E 31 39 30 36 2A 2A 2A 2A 2A 2A 2A 2A 2A 2A 2A 2A 2A 2A 2A 2A 2A 2A 2A 2A 2A 2A 2A 2A 2A 2A 2A 56 C1 40 5F 24 53 F0 F9 8B DB 12 B3 88 A7 33 90 A4 0E 6E B9 94 1F 0C 04 3A 2F 4D 3B 73 41 1A 89 9B 62 EA CF B5 BB 69 5A 2B 94 81 6F 55 38 C9 19 C9 E6 47 DA 23 1F C8 3E 7E 62 4C E1 C5 57 35 54 D6 42 2F 82 02 00 00 84 07 A0 00 00 00 04 10 10 95 05 00 00 00 00 00 9A 03 26 09 15 9B 02 00 00 9C 01 00 9F 01 00 9F 02 06 00 00 00 00 00 01 9F 06 07 A0 00 00 00 04 10 10 9F 09 02 00 02 9F 11 01 01 9F 15 02 11 11 9F 16 00 9F 1A 02 08 40 9F 1C 00 9F 1D 08 6C FF 00 00 00 00 00 00 9F 1E 08 35 54 31 37 30 36 30 35 9F 21 03 05 54 40 9F 2A 01 02 9F 33 03 00 00 08 9F 34 03 00 00 00 9F 35 01 22 9F 36 02 00 00 9F 37 04 08 03 2D 65 9F 39 01 91 9F 40 05 00 00 00 00 00 9F 41 04 00 00 00 41 9F 4E 00 9F 66 02 0E 70 9F 6A 04 00 00 00 97 9F 6B A1 13 54 13 CC CC CC CC 48 00 D1 90 6C CC CC CC CC CC CC CC CC 9F 6B C1 18 20 9D 1A 62 8E 3D BF D0 71 0E 49 AC D7 43 60 F2 03 74 CB E4 43 E8 83 56 9F 6D 02 00 01 FF EE 01 05 DF EE 30 01 00 DF EE 4C 01 03 DF EC 1C 1E 08 03 00 03 FF 00 1E 04 00 00 00 FF 00 00 00 00 00 00 00 00 00 00 00 00 00 00 00 00 FF 00 FF EE 08 39 DF EF 76 35 D4 03 2F 61 73 76 94 01 06 69 04 02 71 79 79 71 54 03 1F 63 75 73 94 03 06 63 69 64 04 12 34 56 78 90 19 01 03 03 54 63 70 6C 00 65 6E 54 03 02 63 75 74 04 7B FF EE 01 05 DF EE 30 01 00 84 A7 00 00 00 00 00 00 00 00 00 00 00 00 00 00 00 00 00 00 00 00 00 00 00 00 00 00 00 00 00 00 00 00 00 00 00 00 00 00 00  

 Set config -- 0.8 =============================================================

2026/9/15 13:55:05.914 [TX] - 56 69 56 4F 74 65 63 68 32 00 04 03 00 3F DF EE 2D 01 8E DF EE 3B 04 00 BC 61 4E DF EE 3C 00 DF EE 3D 00 DF EF 25 00 DF ED 01 00 DF ED 02 05 00 00 00 00 04 DF ED 03 01 00 DF ED 04 01 01 DF ED 05 01 01 DF ED 06 01 00 DF ED 07 01 00 FD CD 
2026/9/15 13:55:05.944 [RX] - 56 69 56 4F 74 65 63 68 32 00 04 00 00 00 AE 16 00 00 00 00 00 00 00 00 00 00 00 00 00 00 00 00 00 00 00 00 00 00 00 00 00 00 00 00 00 00 00 00 00 00 00 00 00 00 00 00 00 00 00 00 00 00 00  

 --- 02-40 case 0.8

2026/9/15 13:55:09.151 [TX] - 56 69 56 4F 74 65 63 68 32 00 02 40 00 1B 30 9F 02 06 00 00 00 00 00 01 9C 01 00 FF EE 08 0A DF EF 1A 01 09 DF ED 28 01 00 56 DA 
2026/9/15 13:55:09.187 [RX] - 56 69 56 4F 74 65 63 68 32 00 02 63 00 00 4B B4 00 00 00 00 00 00 00 00 00 00 00 00 00 00 00 00 00 00 00 00 00 00 00 00 00 00 00 00 00 00 00 00 00 00 00 00 00 00 00 00 00 00 00 00 00 00 00 56 69 56 4F 74 65 63 68 32 00 61 01 00 10 03 00 00 02 00 45 4E 03 00 82 57 1C 02 00 00 60 FB 9A 00 00 00 00 00 00 00 00 00 00 00 00 00 00 00 00 00 00 00 00 00 00 00 00 00 00 00 00 00 00 00 56 69 56 4F 74 65 63 68 32 00 61 01 00 19 04 00 00 02 00 45 4E 0C 00 84 01 1C 04 24 1C 04 30 2E 30 31 1C 02 00 F4 21 62 DF 00 00 00 00 00 00 00 00 00 00 00 00 00 00 00 00 00 00 00 00 00 00 56 69 56 4F 74 65 63 68 32 00 61 01 00 10 03 00 00 02 00 45 4E 03 00 82 1A 1C 02 00 F4 21 58 29 00 00 00 00 00 00 00 00 00 00 00 00 00 00 00 00 00 00 00 00 00 00 00 00 00 00 00 00 00 00 00 56 69 56 4F 74 65 63 68 32 00 61 01 00 10 03 00 00 02 00 45 4E 03 00 82 68 1C 02 00 F4 21 96 F5 00 00 00 00 00 00 00 00 00 00 00 00 00 00 00 00 00 00 00 00 00 00 00 00 00 00 00 00 00 00 00 56 69 56 4F 74 65 63 68 32 00 61 01 00 10 03 00 00 02 00 45 4E 03 00 82 15 1C 02 00 F4 21 9D 2A 00 00 00 00 00 00 00 00 00 00 00 00 00 00 00 00 00 00 00 00 00 00 00 00 00 00 00 00 00 00 00 56 69 56 4F 74 65 63 68 32 00 02 23 03 A7 F1 DF EE 26 02 F1 00 DF EE 12 0A FF FF 98 76 54 32 11 00 00 2C DF EF 17 A1 3E 2A 35 34 31 33 2A 2A 2A 2A 2A 2A 2A 2A 34 38 30 30 5E 53 55 50 50 4C 49 45 44 2F 4E 4F 54 5E 31 39 30 36 2A 2A 2A 2A 2A 2A 2A 2A 2A 2A 2A 2A 2A 2A 2A 2A 2A 2A 2A 2A 2A 2A 2A 2A 2A 2A 2A DF EF 17 C1 48 4D 37 16 5E 7F 4A 9A 1D 2D 82 13 C4 51 79 4F 0F E4 F4 7D 06 6C 86 2B 12 DA 67 E8 DC CE C5 14 07 9B 11 E0 65 C7 02 81 AC E6 4E FE 8D 21 80 AE 1F 1D C0 63 C3 67 30 D3 39 26 37 57 BC 55 CD FD DC E7 8C 99 64 DB CB 14 48 DF EF 18 A1 25 35 34 31 33 2A 2A 2A 2A 2A 2A 2A 2A 34 38 30 30 3D 31 39 30 36 2A 2A 2A 2A 2A 2A 2A 2A 2A 2A 2A 2A 2A 2A 2A 2A DF EF 18 C1 30 A3 96 48 9D 1F 77 75 D1 3A 5F 40 B4 62 88 F1 BB 33 B0 DB D3 39 37 67 67 B5 01 5C DB 94 99 69 39 16 25 80 D7 B0 79 14 1B 6A 20 6F 2E 02 18 BE AB DF EF 4C 06 00 00 00 00 00 00 DF EF 4D 00 DF 81 16 16 1E 04 00 00 00 00 00 00 00 00 00 00 00 00 00 00 00 00 00 00 00 00 DF 81 29 08 30 F0 F0 00 30 F0 FF 00 FF 81 06 44 DF 81 15 06 00 00 00 00 00 FF DF 81 2A C1 20 B8 82 E9 F0 6A C6 20 61 A7 8B C0 07 B7 C7 27 09 0D 83 D4 69 AE D3 16 C0 89 FF 40 8D 42 35 C5 BB DF 81 2B C1 10 4C 83 FA 16 60 17 40 2B 4F 59 34 7F A8 F6 64 E6 FF 81 05 82 01 7E 4F 07 A0 00 00 00 04 10 10 50 0A 4D 61 73 74 65 72 43 61 72 64 56 A1 3E 2A 35 34 31 33 2A 2A 2A 2A 2A 2A 2A 2A 34 38 30 30 5E 53 55 50 50 4C 49 45 44 2F 4E 4F 54 5E 31 39 30 36 2A 2A 2A 2A 2A 2A 2A 2A 2A 2A 2A 2A 2A 2A 2A 2A 2A 2A 2A 2A 2A 2A 2A 2A 2A 2A 2A 56 C1 40 94 D4 3B 5F 0D E4 E1 49 82 4E E9 92 4B BC 9C 25 24 29 8D 4C 13 74 73 E3 F7 48 EC CB 36 BF 6F 09 D3 3B 53 EB 25 86 A5 88 1E 79 8A A5 45 D1 F3 DD 94 F4 2D B5 0C 4C 22 8D 7A 39 56 64 7E 6C 2D 04 82 02 00 00 84 07 A0 00 00 00 04 10 10 95 05 00 00 00 00 00 9A 03 26 09 15 9B 02 00 00 9C 01 00 9F 01 00 9F 02 06 00 00 00 00 00 01 9F 06 07 A0 00 00 00 04 10 10 9F 09 02 00 02 9F 11 01 01 9F 15 02 11 11 9F 16 00 9F 1A 02 08 40 9F 1C 00 9F 1D 08 6C FF 00 00 00 00 00 00 9F 1E 08 35 54 31 37 30 36 30 35 9F 21 03 05 54 48 9F 2A 01 02 9F 33 03 00 00 08 9F 34 03 00 00 00 9F 35 01 22 9F 36 02 00 00 9F 37 04 7B 0A 26 0E 9F 39 01 91 9F 40 05 00 00 00 00 00 9F 41 04 00 00 00 42 9F 4E 00 9F 66 02 0E 70 9F 6A 04 00 00 00 45 9F 6B A1 13 54 13 CC CC CC CC 48 00 D1 90 6C CC CC CC CC CC CC CC CC 9F 6B C1 18 1A 50 FC AF F9 AC DC 05 1E 9C D5 C6 05 AF 9D C8 61 20 FD 4F BC 67 BC C3 9F 6D 02 00 01 FF EE 01 05 DF EE 30 01 00 DF EE 4C 01 03 DF EC 1C 1E 08 03 00 03 FF 00 1E 04 00 00 00 FF 00 00 00 00 00 00 00 00 00 00 00 00 00 00 00 00 FF 00 FF EE 08 66 DF EF 76 62 94 03 2F 61 73 76 94 01 06 69 04 02 71 79 79 71 54 03 1F 63 75 73 94 03 06 63 69 64 04 12 34 56 78 90 19 01 03 03 54 63 70 6C 00 65 6E 54 03 02 63 75 74 04 7B 54 03 27 61 73 76 94 01 05 69 05 01 F7 97 98 54 02 19 6C 79 94 03 09 6F 69 64 04 40 84 6E D7 F8 ED 32 B9 54 01 06 6E 05 F3 24 23 42 34 FF EE 01 05 DF EE 30 01 00 8F DA 00 00 00 00 00 00 00 00 00 00 00 00 00 00 00 00 00 00 00 00 00 00 00 00 00 00 00 00 00 00 00 00 00 00 00 00 00 00 00 00 00 00 00 00 00 00 00 00 00 00 00 00 00 00 00 00 00  

 Set config -- 0.9 =============================================================

2026/9/15 13:55:13.285 [TX] - 56 69 56 4F 74 65 63 68 32 00 04 03 00 3F DF EE 2D 01 8E DF EE 3B 04 00 BC 61 4E DF EE 3C 00 DF EE 3D 00 DF EF 25 00 DF ED 01 00 DF ED 02 05 00 00 00 00 04 DF ED 03 01 00 DF ED 04 01 01 DF ED 05 01 01 DF ED 06 01 00 DF ED 07 01 00 FD CD 
2026/9/15 13:55:13.317 [RX] - 56 69 56 4F 74 65 63 68 32 00 04 00 00 00 AE 16 00 00 00 00 00 00 00 00 00 00 00 00 00 00 00 00 00 00 00 00 00 00 00 00 00 00 00 00 00 00 00 00 00 00 00 00 00 00 00 00 00 00 00 00 00 00 00  

 --- 02-40 case 0.9

2026/9/15 13:55:16.126 [TX] - 56 69 56 4F 74 65 63 68 32 00 02 40 00 1B 30 9F 02 06 00 00 00 00 00 01 9C 01 00 FF EE 08 0A DF EF 1A 01 09 DF ED 28 01 00 56 DA 
2026/9/15 13:55:16.163 [RX] - 56 69 56 4F 74 65 63 68 32 00 02 63 00 00 4B B4 00 00 00 00 00 00 00 00 00 00 00 00 00 00 00 00 00 00 00 00 00 00 00 00 00 00 00 00 00 00 00 00 00 00 00 00 00 00 00 00 00 00 00 00 00 00 00 56 69 56 4F 74 65 63 68 32 00 61 01 00 10 03 00 00 02 00 45 4E 03 00 82 57 1C 02 00 00 60 FB 9A 00 00 00 00 00 00 00 00 00 00 00 00 00 00 00 00 00 00 00 00 00 00 00 00 00 00 00 00 00 00 00 56 69 56 4F 74 65 63 68 32 00 61 01 00 19 04 00 00 02 00 45 4E 0C 00 84 01 1C 04 24 1C 04 30 2E 30 31 1C 02 00 F4 21 62 DF 00 00 00 00 00 00 00 00 00 00 00 00 00 00 00 00 00 00 00 00 00 00 56 69 56 4F 74 65 63 68 32 00 61 01 00 10 03 00 00 02 00 45 4E 03 00 82 1A 1C 02 00 F4 21 58 29 00 00 00 00 00 00 00 00 00 00 00 00 00 00 00 00 00 00 00 00 00 00 00 00 00 00 00 00 00 00 00 56 69 56 4F 74 65 63 68 32 00 61 01 00 10 03 00 00 02 00 45 4E 03 00 82 68 1C 02 00 F4 21 96 F5 00 00 00 00 00 00 00 00 00 00 00 00 00 00 00 00 00 00 00 00 00 00 00 00 00 00 00 00 00 00 00 56 69 56 4F 74 65 63 68 32 00 61 01 00 10 03 00 00 02 00 45 4E 03 00 82 15 1C 02 00 F4 21 9D 2A 00 00 00 00 00 00 00 00 00 00 00 00 00 00 00 00 00 00 00 00 00 00 00 00 00 00 00 00 00 00 00 56 69 56 4F 74 65 63 68 32 00 02 23 03 7A F1 DF EE 26 02 F1 00 DF EE 12 0A FF FF 98 76 54 32 11 00 00 2D DF EF 17 A1 3E 2A 35 34 31 33 2A 2A 2A 2A 2A 2A 2A 2A 34 38 30 30 5E 53 55 50 50 4C 49 45 44 2F 4E 4F 54 5E 31 39 30 36 2A 2A 2A 2A 2A 2A 2A 2A 2A 2A 2A 2A 2A 2A 2A 2A 2A 2A 2A 2A 2A 2A 2A 2A 2A 2A 2A DF EF 17 C1 48 F9 4D 80 7A 48 D4 91 88 C5 31 C6 C6 56 B9 5F A6 FF BF 51 8B 28 6E CA E2 F1 2F D6 49 83 F3 82 E3 06 BC 74 AB 0B 0C 10 73 C1 2E 05 6F 79 C1 BA BA 0D 61 D7 80 9E 76 D9 3C 36 57 BB 20 DE 4D 90 FA 41 9B 86 AC 38 5D B1 DF DF EF 18 A1 25 35 34 31 33 2A 2A 2A 2A 2A 2A 2A 2A 34 38 30 30 3D 31 39 30 36 2A 2A 2A 2A 2A 2A 2A 2A 2A 2A 2A 2A 2A 2A 2A 2A DF EF 18 C1 30 6D 95 99 98 6B 05 C6 53 77 5C 0F D5 89 60 FD 1D 2E 4E 10 2F 99 70 34 E0 BC 38 56 B5 40 1C 9C 21 4F 9E BB D8 4F 08 93 FC 84 BB DD 78 94 11 59 9C DF EF 4C 06 00 00 00 00 00 00 DF EF 4D 00 DF 81 16 16 1E 04 00 00 00 00 00 00 00 00 00 00 00 00 00 00 00 00 00 00 00 00 DF 81 29 08 30 F0 F0 00 30 F0 FF 00 FF 81 06 44 DF 81 15 06 00 00 00 00 00 FF DF 81 2A C1 20 F0 E3 29 83 DE 03 6E 85 6E B9 83 5D A1 42 E3 18 02 01 70 13 87 F5 88 0E DC EA 7D BF E4 72 0C CD DF 81 2B C1 10 49 00 06 42 74 08 E4 D0 06 93 DE A9 D6 7F 8D 60 FF 81 05 82 01 7E 4F 07 A0 00 00 00 04 10 10 50 0A 4D 61 73 74 65 72 43 61 72 64 56 A1 3E 2A 35 34 31 33 2A 2A 2A 2A 2A 2A 2A 2A 34 38 30 30 5E 53 55 50 50 4C 49 45 44 2F 4E 4F 54 5E 31 39 30 36 2A 2A 2A 2A 2A 2A 2A 2A 2A 2A 2A 2A 2A 2A 2A 2A 2A 2A 2A 2A 2A 2A 2A 2A 2A 2A 2A 56 C1 40 89 B1 46 27 A5 F8 D5 87 C6 E6 68 57 45 65 34 68 04 AC 27 C6 26 4B 6B 4D E2 A9 5A 73 D8 25 DB F2 66 C3 57 B9 1B DE 28 B5 08 16 81 43 AA 77 FA 24 09 AA D8 3C 83 96 78 BD B2 B1 29 09 37 A6 C0 E4 82 02 00 00 84 07 A0 00 00 00 04 10 10 95 05 00 00 00 00 00 9A 03 26 09 15 9B 02 00 00 9C 01 00 9F 01 00 9F 02 06 00 00 00 00 00 01 9F 06 07 A0 00 00 00 04 10 10 9F 09 02 00 02 9F 11 01 01 9F 15 02 11 11 9F 16 00 9F 1A 02 08 40 9F 1C 00 9F 1D 08 6C FF 00 00 00 00 00 00 9F 1E 08 35 54 31 37 30 36 30 35 9F 21 03 05 54 55 9F 2A 01 02 9F 33 03 00 00 08 9F 34 03 00 00 00 9F 35 01 22 9F 36 02 00 00 9F 37 04 2F C3 DC 8F 9F 39 01 91 9F 40 05 00 00 00 00 00 9F 41 04 00 00 00 43 9F 4E 00 9F 66 02 0E 70 9F 6A 04 00 00 01 88 9F 6B A1 13 54 13 CC CC CC CC 48 00 D1 90 6C CC CC CC CC CC CC CC CC 9F 6B C1 18 0A B6 B6 CE 34 7C E6 7C 8C 44 0F 6B 45 D2 36 36 32 AF FC 03 B7 4C 48 4A 9F 6D 02 00 01 FF EE 01 05 DF EE 30 01 00 DF EE 4C 01 03 DF EC 1C 1E 08 03 00 03 FF 00 1E 04 00 00 00 FF 00 00 00 00 00 00 00 00 00 00 00 00 00 00 00 00 FF 00 FF EE 08 39 DF EF 76 35 D4 03 2F 61 73 76 94 01 06 69 04 02 71 79 79 71 54 03 1F 63 75 73 94 03 06 63 69 64 04 12 34 56 78 90 19 01 03 03 54 63 70 6C 00 65 6E 54 03 02 63 75 74 04 7B FF EE 01 05 DF EE 30 01 00 54 BD 00 00 00 00 00 00 00 00 00 00 00 00 00 00 00 00 00 00 00 00 00 00 00 00 00 00 00 00 00 00 00 00 00 00 00 00 00 00 00  

 Set config -- 0.10 =============================================================

2026/9/15 13:55:20.743 [TX] - 56 69 56 4F 74 65 63 68 32 00 04 03 00 4B DF EE 2D 01 8E DF EE 3B 04 00 BC 61 4E DF EE 3C 00 DF EE 3D 00 DF EF 25 0C 47 6F 6F 67 6C 65 20 53 74 6F 72 65 DF ED 01 00 DF ED 02 05 40 00 00 00 04 DF ED 03 01 00 DF ED 04 01 01 DF ED 05 01 01 DF ED 06 01 00 DF ED 07 01 00 F2 36 
2026/9/15 13:55:20.802 [RX] - 56 69 56 4F 74 65 63 68 32 00 04 00 00 00 AE 16 00 00 00 00 00 00 00 00 00 00 00 00 00 00 00 00 00 00 00 00 00 00 00 00 00 00 00 00 00 00 00 00 00 00 00 00 00 00 00 00 00 00 00 00 00 00 00  

 --- 02-40 case 0.10

2026/9/15 13:55:24.578 [TX] - 56 69 56 4F 74 65 63 68 32 00 02 40 01 5F 30 9F 02 06 00 00 00 00 00 01 9C 01 00 FF EE 08 82 01 4C DF EF 1A 01 05 DF EF 1B 82 01 41 14 03 65 73 73 72 94 03 03 6F 69 64 04 23 34 54 03 56 73 75 67 01 99 01 19 03 54 73 75 74 02 65 6E 52 65 77 61 72 64 20 50 72 6F 67 72 61 6D 20 41 70 70 6C 69 65 64 59 01 2C 03 54 73 75 64 02 65 6E 31 30 20 70 6F 69 6E 74 73 20 68 61 76 65 20 62 65 65 6E 20 61 64 64 65 64 20 74 6F 20 79 6F 75 72 20 61 63 63 6F 75 6E 74 54 03 65 73 73 72 94 03 03 6F 69 64 04 16 2E 54 03 56 73 75 67 01 99 01 19 03 54 73 75 74 02 65 6E 52 65 77 61 72 64 20 50 72 6F 67 72 61 6D 20 41 70 70 6C 69 65 64 59 01 2C 03 54 73 75 64 02 65 6E 31 30 20 70 6F 69 6E 74 73 20 68 61 76 65 20 62 65 65 6E 20 61 64 64 65 64 20 74 6F 20 79 6F 75 72 20 61 63 63 6F 75 6E 74 54 03 65 73 73 72 94 03 03 6F 69 64 04 04 D2 54 03 56 73 75 67 01 99 01 19 03 54 73 75 74 02 65 6E 52 65 77 61 72 64 20 50 72 6F 67 72 61 6D 20 41 70 70 6C 69 65 64 59 01 2C 03 54 73 75 64 02 65 6E 31 30 20 70 6F 69 6E 74 73 20 68 61 76 65 20 62 65 65 6E 20 61 64 64 65 64 20 74 6F 20 79 6F 75 72 20 61 63 63 6F 75 6E 74 1D 44 
2026/9/15 13:55:24.620 [RX] - 56 69 56 4F 74 65 63 68 32 00 02 63 00 00 4B B4 00 00 00 00 00 00 00 00 00 00 00 00 00 00 00 00 00 00 00 00 00 00 00 00 00 00 00 00 00 00 00 00 00 00 00 00 00 00 00 00 00 00 00 00 00 00 00 56 69 56 4F 74 65 63 68 32 00 61 01 00 10 03 00 00 02 00 45 4E 03 00 82 1A 1C 02 00 F4 21 58 29 00 00 00 00 00 00 00 00 00 00 00 00 00 00 00 00 00 00 00 00 00 00 00 00 00 00 00 00 00 00 00 56 69 56 4F 74 65 63 68 32 00 61 01 00 10 03 00 00 02 00 45 4E 03 00 82 57 1C 02 00 00 60 FB 9A 00 00 00 00 00 00 00 00 00 00 00 00 00 00 00 00 00 00 00 00 00 00 00 00 00 00 00 00 00 00 00 56 69 56 4F 74 65 63 68 32 00 61 01 00 19 04 00 00 02 00 45 4E 0C 00 84 01 1C 04 24 1C 04 30 2E 30 31 1C 02 00 F4 21 62 DF 00 00 00 00 00 00 00 00 00 00 00 00 00 00 00 00 00 00 00 00 00 00 56 69 56 4F 74 65 63 68 32 00 61 01 00 10 03 00 00 02 00 45 4E 03 00 82 68 1C 02 00 F4 21 96 F5 00 00 00 00 00 00 00 00 00 00 00 00 00 00 00 00 00 00 00 00 00 00 00 00 00 00 00 00 00 00 00 56 69 56 4F 74 65 63 68 32 00 61 01 00 10 03 00 00 02 00 45 4E 03 00 82 15 1C 02 00 F4 21 9D 2A 00 00 00 00 00 00 00 00 00 00 00 00 00 00 00 00 00 00 00 00 00 00 00 00 00 00 00 00 00 00 00 56 69 56 4F 74 65 63 68 32 00 02 23 03 45 F1 DF EE 26 02 F1 00 DF EE 12 0A FF FF 98 76 54 32 11 00 00 2E DF EF 17 A1 3E 2A 35 34 31 33 2A 2A 2A 2A 2A 2A 2A 2A 34 38 30 30 5E 53 55 50 50 4C 49 45 44 2F 4E 4F 54 5E 31 39 30 36 2A 2A 2A 2A 2A 2A 2A 2A 2A 2A 2A 2A 2A 2A 2A 2A 2A 2A 2A 2A 2A 2A 2A 2A 2A 2A 2A DF EF 17 C1 48 E3 79 19 4A A7 6D 46 24 4F 6C 1B E7 40 84 2E A9 A3 8D FF 30 C6 E0 61 3E 77 65 DB F8 9B 71 08 68 4F 86 BD 41 65 08 AB E5 8C 91 6F 2E DB 84 53 5B 9E 28 E5 90 9D 93 0C 54 B3 91 C3 DC FF 6E 77 84 B6 0B 6C 87 A6 0C 96 DA DF EF 18 A1 25 35 34 31 33 2A 2A 2A 2A 2A 2A 2A 2A 34 38 30 30 3D 31 39 30 36 2A 2A 2A 2A 2A 2A 2A 2A 2A 2A 2A 2A 2A 2A 2A 2A DF EF 18 C1 30 D5 FA 89 B9 32 F7 D3 C4 71 1C EE 4D CE E4 B4 F0 2C 73 CB 15 67 07 84 98 85 E8 96 F3 42 25 7D 68 17 12 74 9C 8C 62 BD 2F 79 AA 84 09 0D F4 77 22 DF EF 4C 06 00 00 00 00 00 00 DF EF 4D 00 DF 81 16 16 1E 04 00 00 00 00 00 00 00 00 00 00 00 00 00 00 00 00 00 00 00 00 DF 81 29 08 30 F0 F0 00 30 F0 FF 00 FF 81 06 44 DF 81 15 06 00 00 00 00 00 FF DF 81 2A C1 20 A9 58 BC AE 23 E6 E2 7A F8 5E EC DD D8 DF 70 65 2F 9D 5A 0F AE 94 39 93 FB E3 3E AE EF 80 BE 82 DF 81 2B C1 10 56 56 4F B7 DA BE F9 92 CA D7 28 55 EA FC 09 4A FF 81 05 82 01 7E 4F 07 A0 00 00 00 04 10 10 50 0A 4D 61 73 74 65 72 43 61 72 64 56 A1 3E 2A 35 34 31 33 2A 2A 2A 2A 2A 2A 2A 2A 34 38 30 30 5E 53 55 50 50 4C 49 45 44 2F 4E 4F 54 5E 31 39 30 36 2A 2A 2A 2A 2A 2A 2A 2A 2A 2A 2A 2A 2A 2A 2A 2A 2A 2A 2A 2A 2A 2A 2A 2A 2A 2A 2A 56 C1 40 0A 29 3A 2C D0 A8 5C 9C E8 78 D2 5C 80 19 92 15 50 95 1D D9 9F C9 37 66 A8 BB 7D 5B FF F6 CC B9 80 07 76 B8 74 5C 09 CE AF 04 C7 79 D3 8F 52 94 24 54 90 53 D7 08 5D 56 6A 99 85 1E 93 35 EB 7E 82 02 00 00 84 07 A0 00 00 00 04 10 10 95 05 00 00 00 00 00 9A 03 26 09 15 9B 02 00 00 9C 01 00 9F 01 00 9F 02 06 00 00 00 00 00 01 9F 06 07 A0 00 00 00 04 10 10 9F 09 02 00 02 9F 11 01 01 9F 15 02 11 11 9F 16 00 9F 1A 02 08 40 9F 1C 00 9F 1D 08 6C FF 00 00 00 00 00 00 9F 1E 08 35 54 31 37 30 36 30 35 9F 21 03 05 55 04 9F 2A 01 02 9F 33 03 00 00 08 9F 34 03 00 00 00 9F 35 01 22 9F 36 02 00 00 9F 37 04 AA 09 42 61 9F 39 01 91 9F 40 05 00 00 00 00 00 9F 41 04 00 00 00 44 9F 4E 00 9F 66 02 0E 70 9F 6A 04 00 00 06 88 9F 6B A1 13 54 13 CC CC CC CC 48 00 D1 90 6C CC CC CC CC CC CC CC CC 9F 6B C1 18 1E E1 8E A7 2A 08 15 FD EE 96 48 15 DB DF 15 68 73 B8 2E D8 C5 BD 28 64 9F 6D 02 00 01 FF EE 01 05 DF EE 30 01 00 DF EE 4C 01 03 DF EC 1C 1E 08 03 00 03 FF 00 1E 04 00 00 00 FF 00 00 00 00 00 00 00 00 00 00 00 00 00 00 00 00 FF 00 FF EE 08 04 DF EF 76 00 FF EE 01 05 DF EE 30 01 00 45 93 00 00 00 00 00 00 00 00 00 00 00 00 00 00 00 00 00 00 00 00 00 00 00 00 00 00 00 00 00  

 Set config -- 0.11 =============================================================

2026/9/15 13:55:29.412 [TX] - 56 69 56 4F 74 65 63 68 32 00 04 03 00 3E DF EE 2D 01 8E DF EE 3B 04 00 BC 61 4E DF EE 3C 00 DF EE 3D 00 DF EF 25 00 DF ED 01 00 DF ED 02 05 00 00 00 00 00 DF ED 03 00 DF ED 04 01 01 DF ED 05 01 01 DF ED 06 01 00 DF ED 07 01 00 7E 43 
2026/9/15 13:55:29.465 [RX] - 56 69 56 4F 74 65 63 68 32 00 04 00 00 00 AE 16 00 00 00 00 00 00 00 00 00 00 00 00 00 00 00 00 00 00 00 00 00 00 00 00 00 00 00 00 00 00 00 00 00 00 00 00 00 00 00 00 00 00 00 00 00 00 00  

 --- 02-40 case 0.11

2026/9/15 13:55:32.591 [TX] - 56 69 56 4F 74 65 63 68 32 00 02 40 00 1B 30 9F 02 06 00 00 00 00 00 01 9C 01 00 FF EE 08 0A DF EF 1A 01 09 DF ED 28 01 00 56 DA 
2026/9/15 13:55:32.627 [RX] - 56 69 56 4F 74 65 63 68 32 00 02 63 00 00 4B B4 00 00 00 00 00 00 00 00 00 00 00 00 00 00 00 00 00 00 00 00 00 00 00 00 00 00 00 00 00 00 00 00 00 00 00 00 00 00 00 00 00 00 00 00 00 00 00 56 69 56 4F 74 65 63 68 32 00 61 01 00 10 03 00 00 02 00 45 4E 03 00 82 1A 1C 02 00 F4 21 58 29 00 00 00 00 00 00 00 00 00 00 00 00 00 00 00 00 00 00 00 00 00 00 00 00 00 00 00 00 00 00 00 56 69 56 4F 74 65 63 68 32 00 61 01 00 10 03 00 00 02 00 45 4E 03 00 82 57 1C 02 00 00 60 FB 9A 00 00 00 00 00 00 00 00 00 00 00 00 00 00 00 00 00 00 00 00 00 00 00 00 00 00 00 00 00 00 00 56 69 56 4F 74 65 63 68 32 00 61 01 00 19 04 00 00 02 00 45 4E 0C 00 84 01 1C 04 24 1C 04 30 2E 30 31 1C 02 00 F4 21 62 DF 00 00 00 00 00 00 00 00 00 00 00 00 00 00 00 00 00 00 00 00 00 00 56 69 56 4F 74 65 63 68 32 00 02 57 00 7E E1 DF EE 26 02 E1 00 FF EE 08 66 DF EF 76 62 94 03 2F 61 73 76 94 01 06 69 04 02 71 79 79 71 54 03 1F 63 75 73 94 03 06 63 69 64 04 12 34 56 78 90 19 01 03 03 54 63 70 6C 00 65 6E 54 03 02 63 75 74 04 7B 54 03 27 61 73 76 94 01 05 69 05 01 F7 97 98 54 02 19 6C 79 94 03 09 6F 69 64 04 BF 55 AB B3 A0 96 DD 89 54 01 06 6E 05 F3 24 23 42 34 9F 39 01 07 FF EE 01 05 DF EE 30 01 00 14 66 00 00 00 00 00 00 00 00 00 00 00 00 00 00 00 00 00 00 00 00 00 00 00 00 00 00 00 00 00 00 00 00 00 00 00 00 00 00 00 00 00 00 00 00 00 00 00 56 69 56 4F 74 65 63 68 32 00 61 01 00 10 03 00 00 02 00 45 4E 03 00 82 23 1C 02 00 00 20 F0 63 00 00 00 00 00 00 00 00 00 00 00 00 00 00 00 00 00 00 00 00 00 00 00 00 00 00 00 00 00 00 00  

 Set config -- 0.12 =============================================================

2026/9/15 13:55:37.424 [TX] - 56 69 56 4F 74 65 63 68 32 00 04 03 00 3F DF EE 2D 01 8E DF EE 3B 04 00 BC 61 4E DF EE 3C 00 DF EE 3D 00 DF EF 25 00 DF ED 01 00 DF ED 02 05 00 00 00 00 04 DF ED 03 01 00 DF ED 04 01 01 DF ED 05 01 01 DF ED 06 01 00 DF ED 07 01 00 FD CD 
2026/9/15 13:55:37.479 [RX] - 56 69 56 4F 74 65 63 68 32 00 04 00 00 00 AE 16 00 00 00 00 00 00 00 00 00 00 00 00 00 00 00 00 00 00 00 00 00 00 00 00 00 00 00 00 00 00 00 00 00 00 00 00 00 00 00 00 00 00 00 00 00 00 00  

 --- 02-40 case 0.12

2026/9/15 13:55:41.521 [TX] - 56 69 56 4F 74 65 63 68 32 00 02 40 00 1B 30 9F 02 06 00 00 00 00 00 01 9C 01 00 FF EE 08 0A DF EF 1A 01 01 DF ED 28 01 00 14 D7 
2026/9/15 13:55:41.557 [RX] - 56 69 56 4F 74 65 63 68 32 00 02 63 00 00 4B B4 00 00 00 00 00 00 00 00 00 00 00 00 00 00 00 00 00 00 00 00 00 00 00 00 00 00 00 00 00 00 00 00 00 00 00 00 00 00 00 00 00 00 00 00 00 00 00 56 69 56 4F 74 65 63 68 32 00 61 01 00 10 03 00 00 02 00 45 4E 03 00 82 57 1C 02 00 00 60 FB 9A 00 00 00 00 00 00 00 00 00 00 00 00 00 00 00 00 00 00 00 00 00 00 00 00 00 00 00 00 00 00 00 56 69 56 4F 74 65 63 68 32 00 61 01 00 19 04 00 00 02 00 45 4E 0C 00 84 01 1C 04 24 1C 04 30 2E 30 31 1C 02 00 F4 21 62 DF 00 00 00 00 00 00 00 00 00 00 00 00 00 00 00 00 00 00 00 00 00 00 56 69 56 4F 74 65 63 68 32 00 61 01 00 10 03 00 00 02 00 45 4E 03 00 82 1A 1C 02 00 F4 21 58 29 00 00 00 00 00 00 00 00 00 00 00 00 00 00 00 00 00 00 00 00 00 00 00 00 00 00 00 00 00 00 00 56 69 56 4F 74 65 63 68 32 00 61 01 00 10 03 00 00 02 00 45 4E 03 00 82 68 1C 02 00 F4 21 96 F5 00 00 00 00 00 00 00 00 00 00 00 00 00 00 00 00 00 00 00 00 00 00 00 00 00 00 00 00 00 00 00 56 69 56 4F 74 65 63 68 32 00 61 01 00 10 03 00 00 02 00 45 4E 03 00 82 15 1C 02 00 F4 21 9D 2A 00 00 00 00 00 00 00 00 00 00 00 00 00 00 00 00 00 00 00 00 00 00 00 00 00 00 00 00 00 00 00 56 69 56 4F 74 65 63 68 32 00 02 23 03 49 F1 DF EE 26 02 F1 00 DF EE 12 0A FF FF 98 76 54 32 11 00 00 2F DF EF 17 A1 3E 2A 35 34 31 33 2A 2A 2A 2A 2A 2A 2A 2A 34 38 30 30 5E 53 55 50 50 4C 49 45 44 2F 4E 4F 54 5E 31 39 30 36 2A 2A 2A 2A 2A 2A 2A 2A 2A 2A 2A 2A 2A 2A 2A 2A 2A 2A 2A 2A 2A 2A 2A 2A 2A 2A 2A DF EF 17 C1 48 C0 F1 EA CD 61 96 E1 F1 1F 9B 58 F4 34 4C 4F 0A 4E 0F EA C4 30 7C AD D7 F8 CC 92 DD AB A9 F7 BE 3A 1A E7 5B D1 1C 99 B1 B6 5C 03 52 91 48 16 1D A1 25 DF B3 18 F8 B4 9C AA 09 5E F0 8D 78 C9 57 4E 07 9B C2 70 C4 36 8D DF EF 18 A1 25 35 34 31 33 2A 2A 2A 2A 2A 2A 2A 2A 34 38 30 30 3D 31 39 30 36 2A 2A 2A 2A 2A 2A 2A 2A 2A 2A 2A 2A 2A 2A 2A 2A DF EF 18 C1 30 74 F9 13 67 01 EE 63 32 D5 FA C7 F2 D3 21 4B ED 95 62 83 DC 23 5A 83 91 32 59 80 3B A0 A5 D0 B9 CE 7C 6D 03 C0 FF F3 E8 83 5B 38 0F B7 1D D3 B9 DF EF 4C 06 00 00 00 00 00 00 DF EF 4D 00 DF 81 16 16 1E 04 00 00 00 00 00 00 00 00 00 00 00 00 00 00 00 00 00 00 00 00 DF 81 29 08 30 F0 F0 00 30 F0 FF 00 FF 81 06 44 DF 81 15 06 00 00 00 00 00 FF DF 81 2A C1 20 6F 37 C9 D0 CB DC CB 09 B6 19 43 A6 F0 2D F9 A6 43 55 00 A5 39 40 ED D3 D0 28 FB 11 CB 38 03 C1 DF 81 2B C1 10 B2 21 A2 D4 BC AE 39 20 68 82 97 25 AA 74 32 EC FF 81 05 82 01 7E 4F 07 A0 00 00 00 04 10 10 50 0A 4D 61 73 74 65 72 43 61 72 64 56 A1 3E 2A 35 34 31 33 2A 2A 2A 2A 2A 2A 2A 2A 34 38 30 30 5E 53 55 50 50 4C 49 45 44 2F 4E 4F 54 5E 31 39 30 36 2A 2A 2A 2A 2A 2A 2A 2A 2A 2A 2A 2A 2A 2A 2A 2A 2A 2A 2A 2A 2A 2A 2A 2A 2A 2A 2A 56 C1 40 6D 63 8D 38 D0 05 13 D9 44 6B 18 DC EC 5B A4 26 F3 CD FD D7 82 07 26 12 97 C3 F2 CC AA 3D F9 63 77 97 FA 99 1F 59 4C 29 CE A1 F8 5D 6C 21 D9 55 2F 7E 37 6E 96 C9 B8 5E 70 68 FB DF 8C B1 53 77 82 02 00 00 84 07 A0 00 00 00 04 10 10 95 05 00 00 00 00 00 9A 03 26 09 15 9B 02 00 00 9C 01 00 9F 01 00 9F 02 06 00 00 00 00 00 01 9F 06 07 A0 00 00 00 04 10 10 9F 09 02 00 02 9F 11 01 01 9F 15 02 11 11 9F 16 00 9F 1A 02 08 40 9F 1C 00 9F 1D 08 6C FF 00 00 00 00 00 00 9F 1E 08 35 54 31 37 30 36 30 35 9F 21 03 05 55 21 9F 2A 01 02 9F 33 03 00 00 08 9F 34 03 00 00 00 9F 35 01 22 9F 36 02 00 00 9F 37 04 09 E4 B4 7A 9F 39 01 91 9F 40 05 00 00 00 00 00 9F 41 04 00 00 00 45 9F 4E 00 9F 66 02 0E 70 9F 6A 04 00 00 00 92 9F 6B A1 13 54 13 CC CC CC CC 48 00 D1 90 6C CC CC CC CC CC CC CC CC 9F 6B C1 18 DD 1B A6 BC B8 11 B8 A3 D6 31 AB D1 E9 4B 42 04 4F 59 30 6A B0 05 70 7E 9F 6D 02 00 01 FF EE 01 05 DF EE 30 01 00 DF EE 4C 01 03 DF EC 1C 1E 08 03 00 03 FF 00 1E 04 00 00 00 FF 00 00 00 00 00 00 00 00 00 00 00 00 00 00 00 00 FF 00 FF EE 08 08 DF EE 02 04 20 6A 82 02 FF EE 01 05 DF EE 30 01 00 34 37 00 00 00 00 00 00 00 00 00 00 00 00 00 00 00 00 00 00 00 00 00 00 00 00 00  

 Set config -- 0.13 =============================================================

2026/9/15 13:55:47.669 [TX] - 56 69 56 4F 74 65 63 68 32 00 04 03 00 3F DF EE 2D 01 8E DF EE 3B 04 00 BC 61 4E DF EE 3C 00 DF EE 3D 00 DF EF 25 00 DF ED 01 00 DF ED 02 05 00 00 00 00 08 DF ED 03 01 00 DF ED 04 01 01 DF ED 05 01 01 DF ED 06 01 00 DF ED 07 01 00 96 6F 
2026/9/15 13:55:47.757 [RX] - 56 69 56 4F 74 65 63 68 32 00 04 00 00 00 AE 16 00 00 00 00 00 00 00 00 00 00 00 00 00 00 00 00 00 00 00 00 00 00 00 00 00 00 00 00 00 00 00 00 00 00 00 00 00 00 00 00 00 00 00 00 00 00 00  

 --- 02-40 case 0.13

2026/9/15 13:55:50.974 [TX] - 56 69 56 4F 74 65 63 68 32 00 02 40 00 1B 30 9F 02 06 00 00 00 00 00 01 9C 01 00 FF EE 08 0A DF EF 1A 01 00 DF ED 28 01 00 B4 92 
2026/9/15 13:55:51.011 [RX] - 56 69 56 4F 74 65 63 68 32 00 02 63 00 00 4B B4 00 00 00 00 00 00 00 00 00 00 00 00 00 00 00 00 00 00 00 00 00 00 00 00 00 00 00 00 00 00 00 00 00 00 00 00 00 00 00 00 00 00 00 00 00 00 00 56 69 56 4F 74 65 63 68 32 00 61 01 00 10 03 00 00 02 00 45 4E 03 00 82 1A 1C 02 00 F4 21 58 29 00 00 00 00 00 00 00 00 00 00 00 00 00 00 00 00 00 00 00 00 00 00 00 00 00 00 00 00 00 00 00 56 69 56 4F 74 65 63 68 32 00 61 01 00 10 03 00 00 02 00 45 4E 03 00 82 57 1C 02 00 00 60 FB 9A 00 00 00 00 00 00 00 00 00 00 00 00 00 00 00 00 00 00 00 00 00 00 00 00 00 00 00 00 00 00 00 56 69 56 4F 74 65 63 68 32 00 61 01 00 19 04 00 00 02 00 45 4E 0C 00 84 01 1C 04 24 1C 04 30 2E 30 31 1C 02 00 F4 21 62 DF 00 00 00 00 00 00 00 00 00 00 00 00 00 00 00 00 00 00 00 00 00 00 56 69 56 4F 74 65 63 68 32 00 02 57 00 7F E1 DF EE 26 02 E1 00 FF EE 08 67 DF EF 76 63 94 03 2F 61 73 76 94 01 06 69 04 02 71 79 79 71 54 03 1F 63 75 73 94 03 06 63 69 64 04 12 34 56 78 90 19 01 03 03 54 63 70 6C 00 65 6E 54 03 02 63 75 74 04 7B 54 03 28 61 73 76 94 01 06 69 05 01 12 34 56 78 54 02 19 6C 79 94 03 09 6F 69 64 04 A5 38 AA F2 75 7D EA 9C 54 01 06 6E 05 F3 24 23 42 34 9F 39 01 07 FF EE 01 05 DF EE 30 01 00 39 61 00 00 00 00 00 00 00 00 00 00 00 00 00 00 00 00 00 00 00 00 00 00 00 00 00 00 00 00 00 00 00 00 00 00 00 00 00 00 00 00 00 00 00 00 00 00 56 69 56 4F 74 65 63 68 32 00 61 01 00 10 03 00 00 02 00 45 4E 03 00 82 23 1C 02 00 00 20 F0 63 00 00 00 00 00 00 00 00 00 00 00 00 00 00 00 00 00 00 00 00 00 00 00 00 00 00 00 00 00 00 00  

 Set config -- 0.14 =============================================================

2026/9/15 13:55:55.648 [TX] - 56 69 56 4F 74 65 63 68 32 00 04 03 00 3F DF EE 2D 01 8E DF EE 3B 04 00 BC 61 4E DF EE 3C 00 DF EE 3D 00 DF EF 25 00 DF ED 01 00 DF ED 02 05 00 00 00 00 08 DF ED 03 01 00 DF ED 04 01 01 DF ED 05 01 01 DF ED 06 01 00 DF ED 07 01 00 96 6F 
2026/9/15 13:55:55.678 [RX] - 56 69 56 4F 74 65 63 68 32 00 04 00 00 00 AE 16 00 00 00 00 00 00 00 00 00 00 00 00 00 00 00 00 00 00 00 00 00 00 00 00 00 00 00 00 00 00 00 00 00 00 00 00 00 00 00 00 00 00 00 00 00 00 00  

 --- 02-40 case 0.14

2026/9/15 13:55:59.538 [TX] - 56 69 56 4F 74 65 63 68 32 00 02 40 00 1B 30 9F 02 06 00 00 00 00 00 01 9C 01 00 FF EE 08 0A DF EF 1A 01 08 DF ED 28 01 00 F6 9F 
2026/9/15 13:55:59.574 [RX] - 56 69 56 4F 74 65 63 68 32 00 02 63 00 00 4B B4 00 00 00 00 00 00 00 00 00 00 00 00 00 00 00 00 00 00 00 00 00 00 00 00 00 00 00 00 00 00 00 00 00 00 00 00 00 00 00 00 00 00 00 00 00 00 00 56 69 56 4F 74 65 63 68 32 00 61 01 00 10 03 00 00 02 00 45 4E 03 00 82 57 1C 02 00 00 60 FB 9A 00 00 00 00 00 00 00 00 00 00 00 00 00 00 00 00 00 00 00 00 00 00 00 00 00 00 00 00 00 00 00 56 69 56 4F 74 65 63 68 32 00 61 01 00 19 04 00 00 02 00 45 4E 0C 00 84 01 1C 04 24 1C 04 30 2E 30 31 1C 02 00 F4 21 62 DF 00 00 00 00 00 00 00 00 00 00 00 00 00 00 00 00 00 00 00 00 00 00 56 69 56 4F 74 65 63 68 32 00 61 01 00 10 03 00 00 02 00 45 4E 03 00 82 1A 1C 02 00 F4 21 58 29 00 00 00 00 00 00 00 00 00 00 00 00 00 00 00 00 00 00 00 00 00 00 00 00 00 00 00 00 00 00 00 56 69 56 4F 74 65 63 68 32 00 02 57 00 7E E1 DF EE 26 02 E1 00 FF EE 08 66 DF EF 76 62 94 03 2F 61 73 76 94 01 06 69 04 02 71 79 79 71 54 03 1F 63 75 73 94 03 06 63 69 64 04 12 34 56 78 90 19 01 03 03 54 63 70 6C 00 65 6E 54 03 02 63 75 74 04 7B 54 03 27 61 73 76 94 01 05 69 05 01 F7 97 98 54 02 19 6C 79 94 03 09 6F 69 64 04 62 95 01 43 3C B7 E2 08 54 01 06 6E 05 F3 24 23 42 34 9F 39 01 07 FF EE 01 05 DF EE 30 01 00 EC 73 00 00 00 00 00 00 00 00 00 00 00 00 00 00 00 00 00 00 00 00 00 00 00 00 00 00 00 00 00 00 00 00 00 00 00 00 00 00 00 00 00 00 00 00 00 00 00 56 69 56 4F 74 65 63 68 32 00 61 01 00 10 03 00 00 02 00 45 4E 03 00 82 23 1C 02 00 00 20 F0 63 00 00 00 00 00 00 00 00 00 00 00 00 00 00 00 00 00 00 00 00 00 00 00 00 00 00 00 00 00 00 00  

 Set config -- 0.15 =============================================================

2026/9/15 13:56:04.099 [TX] - 56 69 56 4F 74 65 63 68 32 00 04 03 00 3F DF EE 2D 01 8E DF EE 3B 04 00 BC 61 4E DF EE 3C 00 DF EE 3D 00 DF EF 25 00 DF ED 01 00 DF ED 02 05 00 00 00 00 08 DF ED 03 01 00 DF ED 04 01 01 DF ED 05 01 01 DF ED 06 01 00 DF ED 07 01 00 96 6F 
2026/9/15 13:56:04.129 [RX] - 56 69 56 4F 74 65 63 68 32 00 04 00 00 00 AE 16 00 00 00 00 00 00 00 00 00 00 00 00 00 00 00 00 00 00 00 00 00 00 00 00 00 00 00 00 00 00 00 00 00 00 00 00 00 00 00 00 00 00 00 00 00 00 00  

 --- 02-40 case 0.15

2026/9/15 13:56:06.816 [TX] - 56 69 56 4F 74 65 63 68 32 00 02 40 00 1B 30 9F 02 06 00 00 00 00 00 01 9C 01 00 FF EE 08 0A DF EF 1A 01 00 DF ED 28 01 00 B4 92 
2026/9/15 13:56:06.852 [RX] - 56 69 56 4F 74 65 63 68 32 00 02 63 00 00 4B B4 00 00 00 00 00 00 00 00 00 00 00 00 00 00 00 00 00 00 00 00 00 00 00 00 00 00 00 00 00 00 00 00 00 00 00 00 00 00 00 00 00 00 00 00 00 00 00 56 69 56 4F 74 65 63 68 32 00 61 01 00 10 03 00 00 02 00 45 4E 03 00 82 57 1C 02 00 00 60 FB 9A 00 00 00 00 00 00 00 00 00 00 00 00 00 00 00 00 00 00 00 00 00 00 00 00 00 00 00 00 00 00 00 56 69 56 4F 74 65 63 68 32 00 61 01 00 19 04 00 00 02 00 45 4E 0C 00 84 01 1C 04 24 1C 04 30 2E 30 31 1C 02 00 F4 21 62 DF 00 00 00 00 00 00 00 00 00 00 00 00 00 00 00 00 00 00 00 00 00 00 56 69 56 4F 74 65 63 68 32 00 61 01 00 10 03 00 00 02 00 45 4E 03 00 82 1A 1C 02 00 F4 21 58 29 00 00 00 00 00 00 00 00 00 00 00 00 00 00 00 00 00 00 00 00 00 00 00 00 00 00 00 00 00 00 00 56 69 56 4F 74 65 63 68 32 00 61 01 00 10 03 00 00 02 00 45 4E 03 00 82 68 1C 02 00 F4 21 96 F5 00 00 00 00 00 00 00 00 00 00 00 00 00 00 00 00 00 00 00 00 00 00 00 00 00 00 00 00 00 00 00 56 69 56 4F 74 65 63 68 32 00 61 01 00 10 03 00 00 02 00 45 4E 03 00 82 15 1C 02 00 F4 21 9D 2A 00 00 00 00 00 00 00 00 00 00 00 00 00 00 00 00 00 00 00 00 00 00 00 00 00 00 00 00 00 00 00 56 69 56 4F 74 65 63 68 32 00 02 23 03 7A F1 DF EE 26 02 F1 00 DF EE 12 0A FF FF 98 76 54 32 11 00 00 30 DF EF 17 A1 3E 2A 35 34 31 33 2A 2A 2A 2A 2A 2A 2A 2A 34 38 30 30 5E 53 55 50 50 4C 49 45 44 2F 4E 4F 54 5E 31 39 30 36 2A 2A 2A 2A 2A 2A 2A 2A 2A 2A 2A 2A 2A 2A 2A 2A 2A 2A 2A 2A 2A 2A 2A 2A 2A 2A 2A DF EF 17 C1 48 C2 3C 66 16 C6 F0 70 2E 0C 1A C3 17 76 01 DF 44 7A DF 29 A6 AF B6 C5 3A BB FD D0 AD E5 60 35 14 6D 03 37 21 7E 7F 59 76 5A D9 EA BC 28 1C 33 1B 1F E5 15 52 F9 83 55 0E FD 03 56 2F DC 2D 92 14 A1 F7 5E A2 98 34 C5 72 DF EF 18 A1 25 35 34 31 33 2A 2A 2A 2A 2A 2A 2A 2A 34 38 30 30 3D 31 39 30 36 2A 2A 2A 2A 2A 2A 2A 2A 2A 2A 2A 2A 2A 2A 2A 2A DF EF 18 C1 30 C1 80 B3 B4 C0 BE F5 7F 5D 06 2D 61 18 F2 2B 0E 03 40 7C 1B 18 14 86 32 A5 BE 51 FA 16 BE 07 D5 B4 A6 68 53 90 02 6A D1 D9 F0 68 D2 C6 8C D7 DC DF EF 4C 06 00 00 00 00 00 00 DF EF 4D 00 DF 81 16 16 1E 04 00 00 00 00 00 00 00 00 00 00 00 00 00 00 00 00 00 00 00 00 DF 81 29 08 30 F0 F0 00 30 F0 FF 00 FF 81 06 44 DF 81 15 06 00 00 00 00 00 FF DF 81 2A C1 20 D0 48 58 F1 BD 00 3B 1F 73 44 70 32 43 AB 83 48 FD 54 74 E3 54 94 55 29 41 57 3D 3C 14 EE 1C 1B DF 81 2B C1 10 A1 61 20 84 EB A1 6D C1 B3 9D C0 F2 2D 04 D2 1F FF 81 05 82 01 7E 4F 07 A0 00 00 00 04 10 10 50 0A 4D 61 73 74 65 72 43 61 72 64 56 A1 3E 2A 35 34 31 33 2A 2A 2A 2A 2A 2A 2A 2A 34 38 30 30 5E 53 55 50 50 4C 49 45 44 2F 4E 4F 54 5E 31 39 30 36 2A 2A 2A 2A 2A 2A 2A 2A 2A 2A 2A 2A 2A 2A 2A 2A 2A 2A 2A 2A 2A 2A 2A 2A 2A 2A 2A 56 C1 40 E9 1E 3A 2B 31 3C 09 42 30 8B BF EE FB 21 88 F6 34 C8 FF 2D 97 12 13 11 6E F8 24 23 5A F6 4A 01 14 5F D9 F5 DA 99 79 6B BD 01 3F 13 5C 15 6C D1 21 17 96 9A 95 4F D6 4D BF 21 E8 CA 9E 7A 1A 70 82 02 00 00 84 07 A0 00 00 00 04 10 10 95 05 00 00 00 00 00 9A 03 26 09 15 9B 02 00 00 9C 01 00 9F 01 00 9F 02 06 00 00 00 00 00 01 9F 06 07 A0 00 00 00 04 10 10 9F 09 02 00 02 9F 11 01 01 9F 15 02 11 11 9F 16 00 9F 1A 02 08 40 9F 1C 00 9F 1D 08 6C FF 00 00 00 00 00 00 9F 1E 08 35 54 31 37 30 36 30 35 9F 21 03 05 55 46 9F 2A 01 02 9F 33 03 00 00 08 9F 34 03 00 00 00 9F 35 01 22 9F 36 02 00 00 9F 37 04 93 D8 4A 74 9F 39 01 91 9F 40 05 00 00 00 00 00 9F 41 04 00 00 00 46 9F 4E 00 9F 66 02 0E 70 9F 6A 04 00 00 08 81 9F 6B A1 13 54 13 CC CC CC CC 48 00 D1 90 6C CC CC CC CC CC CC CC CC 9F 6B C1 18 7A D1 1E 74 0C E2 0F 25 A5 31 F7 4C 18 3D 9C EF 53 51 EF 88 5D 39 11 52 9F 6D 02 00 01 FF EE 01 05 DF EE 30 01 00 DF EE 4C 01 03 DF EC 1C 1E 08 03 00 03 FF 00 1E 04 00 00 00 FF 00 00 00 00 00 00 00 00 00 00 00 00 00 00 00 00 FF 00 FF EE 08 39 DF EF 76 35 D4 03 2F 61 73 76 94 01 06 69 04 02 71 79 79 71 54 03 1F 63 75 73 94 03 06 63 69 64 04 12 34 56 78 90 19 01 03 03 54 63 70 6C 00 65 6E 54 03 02 63 75 74 04 7B FF EE 01 05 DF EE 30 01 00 1B 44 00 00 00 00 00 00 00 00 00 00 00 00 00 00 00 00 00 00 00 00 00 00 00 00 00 00 00 00 00 00 00 00 00 00 00 00 00 00 00  

 Set config -- 0.16 =============================================================

2026/9/15 13:56:11.838 [TX] - 56 69 56 4F 74 65 63 68 32 00 04 03 00 3F DF EE 2D 01 8E DF EE 3B 04 00 BC 61 4E DF EE 3C 00 DF EE 3D 00 DF EF 25 00 DF ED 01 00 DF ED 02 05 00 00 00 00 08 DF ED 03 01 00 DF ED 04 01 01 DF ED 05 01 01 DF ED 06 01 00 DF ED 07 01 00 96 6F 
2026/9/15 13:56:11.870 [RX] - 56 69 56 4F 74 65 63 68 32 00 04 00 00 00 AE 16 00 00 00 00 00 00 00 00 00 00 00 00 00 00 00 00 00 00 00 00 00 00 00 00 00 00 00 00 00 00 00 00 00 00 00 00 00 00 00 00 00 00 00 00 00 00 00  

 --- 02-40 case 0.16

2026/9/15 13:56:15.250 [TX] - 56 69 56 4F 74 65 63 68 32 00 02 40 00 1B 30 9F 02 06 00 00 00 00 00 01 9C 01 00 FF EE 08 0A DF EF 1A 01 08 DF ED 28 01 00 F6 9F 
2026/9/15 13:56:15.286 [RX] - 56 69 56 4F 74 65 63 68 32 00 02 63 00 00 4B B4 00 00 00 00 00 00 00 00 00 00 00 00 00 00 00 00 00 00 00 00 00 00 00 00 00 00 00 00 00 00 00 00 00 00 00 00 00 00 00 00 00 00 00 00 00 00 00 56 69 56 4F 74 65 63 68 32 00 61 01 00 10 03 00 00 02 00 45 4E 03 00 82 57 1C 02 00 00 60 FB 9A 00 00 00 00 00 00 00 00 00 00 00 00 00 00 00 00 00 00 00 00 00 00 00 00 00 00 00 00 00 00 00 56 69 56 4F 74 65 63 68 32 00 61 01 00 19 04 00 00 02 00 45 4E 0C 00 84 01 1C 04 24 1C 04 30 2E 30 31 1C 02 00 F4 21 62 DF 00 00 00 00 00 00 00 00 00 00 00 00 00 00 00 00 00 00 00 00 00 00 56 69 56 4F 74 65 63 68 32 00 61 01 00 10 03 00 00 02 00 45 4E 03 00 82 1A 1C 02 00 F4 21 58 29 00 00 00 00 00 00 00 00 00 00 00 00 00 00 00 00 00 00 00 00 00 00 00 00 00 00 00 00 00 00 00 56 69 56 4F 74 65 63 68 32 00 61 01 00 10 03 00 00 02 00 45 4E 03 00 82 68 1C 02 00 F4 21 96 F5 00 00 00 00 00 00 00 00 00 00 00 00 00 00 00 00 00 00 00 00 00 00 00 00 00 00 00 00 00 00 00 56 69 56 4F 74 65 63 68 32 00 61 01 00 10 03 00 00 02 00 45 4E 03 00 82 15 1C 02 00 F4 21 9D 2A 00 00 00 00 00 00 00 00 00 00 00 00 00 00 00 00 00 00 00 00 00 00 00 00 00 00 00 00 00 00 00 56 69 56 4F 74 65 63 68 32 00 02 23 03 7A F1 DF EE 26 02 F1 00 DF EE 12 0A FF FF 98 76 54 32 11 00 00 31 DF EF 17 A1 3E 2A 35 34 31 33 2A 2A 2A 2A 2A 2A 2A 2A 34 38 30 30 5E 53 55 50 50 4C 49 45 44 2F 4E 4F 54 5E 31 39 30 36 2A 2A 2A 2A 2A 2A 2A 2A 2A 2A 2A 2A 2A 2A 2A 2A 2A 2A 2A 2A 2A 2A 2A 2A 2A 2A 2A DF EF 17 C1 48 AF EB 79 3E 14 59 9A 6E A6 0F 19 9F E2 2A 82 2A 9A 43 55 59 31 F7 FD 06 82 AD 02 41 71 9B 9A 22 6D 55 E4 9F BB BD 65 5C F3 01 7E 70 A9 42 B0 C8 6A E9 27 EC F8 FD 32 FE D6 0E 58 7E 7B AA AA C1 88 E0 61 E0 F8 2F C0 4D DF EF 18 A1 25 35 34 31 33 2A 2A 2A 2A 2A 2A 2A 2A 34 38 30 30 3D 31 39 30 36 2A 2A 2A 2A 2A 2A 2A 2A 2A 2A 2A 2A 2A 2A 2A 2A DF EF 18 C1 30 54 32 AE C9 FC 35 70 2E C6 EE F8 DC 43 42 8A 68 CD 45 CC 1F D7 1C E6 97 6A E8 45 EB D1 B7 97 EC 80 C3 F6 92 26 49 00 75 CF E2 7A D8 7D 1A 57 29 DF EF 4C 06 00 00 00 00 00 00 DF EF 4D 00 DF 81 16 16 1E 04 00 00 00 00 00 00 00 00 00 00 00 00 00 00 00 00 00 00 00 00 DF 81 29 08 30 F0 F0 00 30 F0 FF 00 FF 81 06 44 DF 81 15 06 00 00 00 00 00 FF DF 81 2A C1 20 B9 93 21 82 C5 7B 10 2B B3 E7 EC FA 23 B5 E6 53 16 9D 3A E3 D5 61 49 4F FC 8F 22 2D 70 2B 03 23 DF 81 2B C1 10 75 6B 94 97 87 2C 1B 3E 20 45 84 DB 0F 59 16 98 FF 81 05 82 01 7E 4F 07 A0 00 00 00 04 10 10 50 0A 4D 61 73 74 65 72 43 61 72 64 56 A1 3E 2A 35 34 31 33 2A 2A 2A 2A 2A 2A 2A 2A 34 38 30 30 5E 53 55 50 50 4C 49 45 44 2F 4E 4F 54 5E 31 39 30 36 2A 2A 2A 2A 2A 2A 2A 2A 2A 2A 2A 2A 2A 2A 2A 2A 2A 2A 2A 2A 2A 2A 2A 2A 2A 2A 2A 56 C1 40 F2 22 A9 14 FF 7B 9F E1 B2 58 78 3B A5 DB F2 AA 40 E1 61 88 04 DD 93 A5 F4 BA 38 0E 1F 1C 98 4A 36 75 94 77 9A 31 61 59 50 C2 FF 46 C8 46 33 B3 90 9B DB 48 97 F2 34 25 92 B0 7E 5D DA 19 D4 F1 82 02 00 00 84 07 A0 00 00 00 04 10 10 95 05 00 00 00 00 00 9A 03 26 09 15 9B 02 00 00 9C 01 00 9F 01 00 9F 02 06 00 00 00 00 00 01 9F 06 07 A0 00 00 00 04 10 10 9F 09 02 00 02 9F 11 01 01 9F 15 02 11 11 9F 16 00 9F 1A 02 08 40 9F 1C 00 9F 1D 08 6C FF 00 00 00 00 00 00 9F 1E 08 35 54 31 37 30 36 30 35 9F 21 03 05 55 54 9F 2A 01 02 9F 33 03 00 00 08 9F 34 03 00 00 00 9F 35 01 22 9F 36 02 00 00 9F 37 04 16 9F 17 11 9F 39 01 91 9F 40 05 00 00 00 00 00 9F 41 04 00 00 00 47 9F 4E 00 9F 66 02 0E 70 9F 6A 04 00 00 03 86 9F 6B A1 13 54 13 CC CC CC CC 48 00 D1 90 6C CC CC CC CC CC CC CC CC 9F 6B C1 18 1D 10 7F B0 CF 7F D4 1F 51 E5 FA E1 CC E7 31 42 BF 6A F5 FC DA CE E2 F9 9F 6D 02 00 01 FF EE 01 05 DF EE 30 01 00 DF EE 4C 01 03 DF EC 1C 1E 08 03 00 03 FF 00 1E 04 00 00 00 FF 00 00 00 00 00 00 00 00 00 00 00 00 00 00 00 00 FF 00 FF EE 08 39 DF EF 76 35 D4 03 2F 61 73 76 94 01 06 69 04 02 71 79 79 71 54 03 1F 63 75 73 94 03 06 63 69 64 04 12 34 56 78 90 19 01 03 03 54 63 70 6C 00 65 6E 54 03 02 63 75 74 04 7B FF EE 01 05 DF EE 30 01 00 AF BF 00 00 00 00 00 00 00 00 00 00 00 00 00 00 00 00 00 00 00 00 00 00 00 00 00 00 00 00 00 00 00 00 00 00 00 00 00 00 00  

 Set config -- 0.17 =============================================================

2026/9/15 13:56:19.838 [TX] - 56 69 56 4F 74 65 63 68 32 00 04 03 00 3E DF EE 2D 01 8E DF EE 3B 04 00 BC 61 4E DF EE 3C 00 DF EE 3D 00 DF EF 25 00 DF ED 01 00 DF ED 02 05 00 00 00 00 00 DF ED 03 00 DF ED 04 01 01 DF ED 05 01 01 DF ED 06 01 00 DF ED 07 01 00 7E 43 
2026/9/15 13:56:19.949 [RX] - 56 69 56 4F 74 65 63 68 32 00 04 00 00 00 AE 16 00 00 00 00 00 00 00 00 00 00 00 00 00 00 00 00 00 00 00 00 00 00 00 00 00 00 00 00 00 00 00 00 00 00 00 00 00 00 00 00 00 00 00 00 00 00 00  

 --- 02-40 case 0.17

2026/9/15 13:56:22.447 [TX] - 56 69 56 4F 74 65 63 68 32 00 02 40 00 1B 30 9F 02 06 00 00 00 00 00 01 9C 01 00 FF EE 08 0A DF EF 1A 01 08 DF ED 28 01 00 F6 9F 
2026/9/15 13:56:22.483 [RX] - 56 69 56 4F 74 65 63 68 32 00 02 63 00 00 4B B4 00 00 00 00 00 00 00 00 00 00 00 00 00 00 00 00 00 00 00 00 00 00 00 00 00 00 00 00 00 00 00 00 00 00 00 00 00 00 00 00 00 00 00 00 00 00 00 56 69 56 4F 74 65 63 68 32 00 61 01 00 10 03 00 00 02 00 45 4E 03 00 82 1A 1C 02 00 F4 21 58 29 00 00 00 00 00 00 00 00 00 00 00 00 00 00 00 00 00 00 00 00 00 00 00 00 00 00 00 00 00 00 00 56 69 56 4F 74 65 63 68 32 00 61 01 00 10 03 00 00 02 00 45 4E 03 00 82 57 1C 02 00 00 60 FB 9A 00 00 00 00 00 00 00 00 00 00 00 00 00 00 00 00 00 00 00 00 00 00 00 00 00 00 00 00 00 00 00 56 69 56 4F 74 65 63 68 32 00 61 01 00 19 04 00 00 02 00 45 4E 0C 00 84 01 1C 04 24 1C 04 30 2E 30 31 1C 02 00 F4 21 62 DF 00 00 00 00 00 00 00 00 00 00 00 00 00 00 00 00 00 00 00 00 00 00 56 69 56 4F 74 65 63 68 32 00 02 57 00 51 E1 DF EE 26 02 E1 00 FF EE 08 39 DF EF 76 35 D4 03 2F 61 73 76 94 01 06 69 04 02 71 79 79 71 54 03 1F 63 75 73 94 03 06 63 69 64 04 12 34 56 78 90 19 01 03 03 54 63 70 6C 00 65 6E 54 03 02 63 75 74 04 7B 9F 39 01 07 FF EE 01 05 DF EE 30 01 00 08 7E 00 00 00 00 00 00 00 00 00 00 00 00 00 00 00 00 00 00 00 00 00 00 00 00 00 00 00 00 00 56 69 56 4F 74 65 63 68 32 00 61 01 00 10 03 00 00 02 00 45 4E 03 00 82 23 1C 02 00 00 20 F0 63 00 00 00 00 00 00 00 00 00 00 00 00 00 00 00 00 00 00 00 00 00 00 00 00 00 00 00 00 00 00 00  

 Set config -- 0.18 =============================================================

2026/9/15 13:56:27.248 [TX] - 56 69 56 4F 74 65 63 68 32 00 04 03 00 3F DF EE 2D 01 8E DF EE 3B 04 00 BC 61 4E DF EE 3C 00 DF EE 3D 00 DF EF 25 00 DF ED 01 00 DF ED 02 05 00 00 00 00 04 DF ED 03 01 00 DF ED 04 01 01 DF ED 05 01 01 DF ED 06 01 00 DF ED 07 01 00 FD CD 
2026/9/15 13:56:27.300 [RX] - 56 69 56 4F 74 65 63 68 32 00 04 00 00 00 AE 16 00 00 00 00 00 00 00 00 00 00 00 00 00 00 00 00 00 00 00 00 00 00 00 00 00 00 00 00 00 00 00 00 00 00 00 00 00 00 00 00 00 00 00 00 00 00 00  

 --- 02-40 case 0.18

2026/9/15 13:56:30.913 [TX] - 56 69 56 4F 74 65 63 68 32 00 02 40 00 1B 30 9F 02 06 00 00 00 00 00 01 9C 01 00 FF EE 08 0A DF EF 1A 01 09 DF ED 28 01 00 56 DA 
2026/9/15 13:56:30.949 [RX] - 56 69 56 4F 74 65 63 68 32 00 02 63 00 00 4B B4 00 00 00 00 00 00 00 00 00 00 00 00 00 00 00 00 00 00 00 00 00 00 00 00 00 00 00 00 00 00 00 00 00 00 00 00 00 00 00 00 00 00 00 00 00 00 00 56 69 56 4F 74 65 63 68 32 00 61 01 00 10 03 00 00 02 00 45 4E 03 00 82 1A 1C 02 00 F4 21 58 29 00 00 00 00 00 00 00 00 00 00 00 00 00 00 00 00 00 00 00 00 00 00 00 00 00 00 00 00 00 00 00 56 69 56 4F 74 65 63 68 32 00 61 01 00 10 03 00 00 02 00 45 4E 03 00 82 57 1C 02 00 00 60 FB 9A 00 00 00 00 00 00 00 00 00 00 00 00 00 00 00 00 00 00 00 00 00 00 00 00 00 00 00 00 00 00 00 56 69 56 4F 74 65 63 68 32 00 61 01 00 19 04 00 00 02 00 45 4E 0C 00 84 01 1C 04 24 1C 04 30 2E 30 31 1C 02 00 F4 21 62 DF 00 00 00 00 00 00 00 00 00 00 00 00 00 00 00 00 00 00 00 00 00 00 56 69 56 4F 74 65 63 68 32 00 61 01 00 10 03 00 00 02 00 45 4E 03 00 82 68 1C 02 00 F4 21 96 F5 00 00 00 00 00 00 00 00 00 00 00 00 00 00 00 00 00 00 00 00 00 00 00 00 00 00 00 00 00 00 00 56 69 56 4F 74 65 63 68 32 00 61 01 00 10 03 00 00 02 00 45 4E 03 00 82 15 1C 02 00 F4 21 9D 2A 00 00 00 00 00 00 00 00 00 00 00 00 00 00 00 00 00 00 00 00 00 00 00 00 00 00 00 00 00 00 00 56 69 56 4F 74 65 63 68 32 00 02 23 03 49 F1 DF EE 26 02 F1 00 DF EE 12 0A FF FF 98 76 54 32 11 00 00 32 DF EF 17 A1 3E 2A 35 34 31 33 2A 2A 2A 2A 2A 2A 2A 2A 34 38 30 30 5E 53 55 50 50 4C 49 45 44 2F 4E 4F 54 5E 31 39 30 36 2A 2A 2A 2A 2A 2A 2A 2A 2A 2A 2A 2A 2A 2A 2A 2A 2A 2A 2A 2A 2A 2A 2A 2A 2A 2A 2A DF EF 17 C1 48 EA 8A D9 B2 D4 F9 EE 7D 95 58 F8 B6 07 98 C5 08 DC 6D C3 27 46 9A 59 14 0D FF 3B 52 87 EA D2 DC 53 A9 8B FA D4 BD B8 09 C9 F1 34 87 64 3A 32 4F EC 19 91 75 D4 D6 22 CE D6 2B 26 A7 78 C9 A5 78 7E 3F DA 36 D6 2E CB 0C DF EF 18 A1 25 35 34 31 33 2A 2A 2A 2A 2A 2A 2A 2A 34 38 30 30 3D 31 39 30 36 2A 2A 2A 2A 2A 2A 2A 2A 2A 2A 2A 2A 2A 2A 2A 2A DF EF 18 C1 30 24 AF 3D EC F3 60 0C B7 80 67 B1 56 3B DA 83 72 DD BA A9 FA 95 4B B1 1C 08 08 AF 6B 34 46 8F 76 52 EB A9 40 5D 37 EF AA C9 4D E3 C1 CC 4D 4F 9B DF EF 4C 06 00 00 00 00 00 00 DF EF 4D 00 DF 81 16 16 1E 04 00 00 00 00 00 00 00 00 00 00 00 00 00 00 00 00 00 00 00 00 DF 81 29 08 30 F0 F0 00 30 F0 FF 00 FF 81 06 44 DF 81 15 06 00 00 00 00 00 FF DF 81 2A C1 20 C8 D1 7E C1 23 CC 4D AF 7A 06 2A 81 79 60 DB 68 56 A1 6B FD 4D 83 12 95 3C BB 32 0C CC D3 43 F7 DF 81 2B C1 10 3D 19 48 E5 6A F5 76 A7 CB 85 6D FA 88 E8 77 77 FF 81 05 82 01 7E 4F 07 A0 00 00 00 04 10 10 50 0A 4D 61 73 74 65 72 43 61 72 64 56 A1 3E 2A 35 34 31 33 2A 2A 2A 2A 2A 2A 2A 2A 34 38 30 30 5E 53 55 50 50 4C 49 45 44 2F 4E 4F 54 5E 31 39 30 36 2A 2A 2A 2A 2A 2A 2A 2A 2A 2A 2A 2A 2A 2A 2A 2A 2A 2A 2A 2A 2A 2A 2A 2A 2A 2A 2A 56 C1 40 57 99 D6 9A FF 0D 70 D5 A1 99 E0 B4 BF 56 D0 BB BE E4 53 14 DC F6 4B 9B B6 CE 8E 92 9E 00 CE C9 EF 86 E1 93 94 F5 FE FD C4 C2 7C 55 21 59 E9 53 D6 4E B7 B3 A2 52 9D 75 9A 07 31 B9 58 D5 5F CF 82 02 00 00 84 07 A0 00 00 00 04 10 10 95 05 00 00 00 00 00 9A 03 26 09 15 9B 02 00 00 9C 01 00 9F 01 00 9F 02 06 00 00 00 00 00 01 9F 06 07 A0 00 00 00 04 10 10 9F 09 02 00 02 9F 11 01 01 9F 15 02 11 11 9F 16 00 9F 1A 02 08 40 9F 1C 00 9F 1D 08 6C FF 00 00 00 00 00 00 9F 1E 08 35 54 31 37 30 36 30 35 9F 21 03 05 56 11 9F 2A 01 02 9F 33 03 00 00 08 9F 34 03 00 00 00 9F 35 01 22 9F 36 02 00 00 9F 37 04 68 FE EB 88 9F 39 01 91 9F 40 05 00 00 00 00 00 9F 41 04 00 00 00 48 9F 4E 00 9F 66 02 0E 70 9F 6A 04 00 00 03 18 9F 6B A1 13 54 13 CC CC CC CC 48 00 D1 90 6C CC CC CC CC CC CC CC CC 9F 6B C1 18 42 CB 31 AA C1 F8 82 CD 2E 1F 1D 66 D2 3E FB 8F C8 27 F8 38 BE 43 EA 85 9F 6D 02 00 01 FF EE 01 05 DF EE 30 01 00 DF EE 4C 01 03 DF EC 1C 1E 08 03 00 03 FF 00 1E 04 00 00 00 FF 00 00 00 00 00 00 00 00 00 00 00 00 00 00 00 00 FF 00 FF EE 08 08 DF EE 02 04 20 6A 82 02 FF EE 01 05 DF EE 30 01 00 55 B8 00 00 00 00 00 00 00 00 00 00 00 00 00 00 00 00 00 00 00 00 00 00 00 00 00  

 --- 02-40, swipe card

2026/9/15 13:56:40.635 [TX] - 56 69 56 4F 74 65 63 68 32 00 02 40 00 15 78 9F 02 06 00 00 00 00 10 00 9A 03 07 11 21 9F 21 03 10 15 20 93 17 
2026/9/15 13:56:40.670 [RX] - 56 69 56 4F 74 65 63 68 32 00 02 63 00 00 4B B4 00 00 00 00 00 00 00 00 00 00 00 00 00 00 00 00 00 00 00 00 00 00 00 00 00 00 00 00 00 00 00 00 00 00 00 00 00 00 00 00 00 00 00 00 00 00 00 56 69 56 4F 74 65 63 68 32 00 61 01 00 10 03 00 00 02 00 45 4E 03 00 82 57 1C 02 00 00 60 FB 9A 00 00 00 00 00 00 00 00 00 00 00 00 00 00 00 00 00 00 00 00 00 00 00 00 00 00 00 00 00 00 00 56 69 56 4F 74 65 63 68 32 00 61 01 00 1A 04 00 00 02 00 45 4E 0D 00 84 01 1C 04 24 1C 04 31 30 2E 30 30 1C 02 00 F4 21 DF 2B 00 00 00 00 00 00 00 00 00 00 00 00 00 00 00 00 00 00 00 00 00 56 69 56 4F 74 65 63 68 32 00 61 01 00 10 03 00 00 02 00 45 4E 03 00 82 15 1C 02 00 F4 21 9D 2A 00 00 00 00 00 00 00 00 00 00 00 00 00 00 00 00 00 00 00 00 00 00 00 00 00 00 00 00 00 00 00 56 69 56 4F 74 65 63 68 32 00 02 00 02 58 E8 DF EE 25 02 00 11 DF EE 23 82 02 17 02 11 02 80 3F 4C 26 68 87 BF 25 2A 34 35 34 37 2A 2A 2A 2A 2A 2A 2A 2A 30 30 30 30 5E 4C 4C 49 42 52 45 20 52 4F 42 45 52 54 2D 47 55 49 4C 4C 45 52 4D 4F 20 5E 31 31 30 32 2A 2A 2A 2A 2A 2A 2A 2A 2A 2A 2A 2A 2A 2A 2A 2A 2A 2A 2A 2A 2A 2A 2A 2A 2A 2A 2A 3F 3B 34 35 34 37 2A 2A 2A 2A 2A 2A 2A 2A 30 30 30 30 3D 31 31 30 32 2A 2A 2A 2A 2A 2A 2A 2A 2A 2A 2A 2A 2A 2A 2A 3F 3B 2A 2A 34 35 34 37 2A 2A 2A 2A 2A 2A 2A 2A 30 30 30 30 3D 2A 2A 2A 2A 2A 2A 2A 2A 2A 2A 2A 2A 2A 2A 2A 2A 2A 2A 2A 2A 2A 2A 2A 2A 2A 2A 2A 2A 2A 2A 2A 2A 2A 2A 2A 2A 2A 2A 2A 2A 2A 2A 2A 2A 2A 2A 2A 2A 2A 2A 2A 2A 2A 2A 2A 2A 2A 2A 2A 2A 2A 2A 2A 2A 2A 2A 2A 2A 2A 2A 2A 2A 2A 2A 2A 2A 2A 2A 2A 2A 2A 2A 2A 3F 39 D2 53 57 5F 24 02 BF 84 37 8D 4F 2D 74 4E F1 CE 73 32 25 03 B9 A0 E9 16 10 FB 00 AA 85 6F 52 6C 0D 8F BB B1 22 16 2E C4 1E 68 3D 0A 6C 9D 5B 9D 1D BF 3B 64 F0 78 84 09 DC FC C1 14 AF 4A 61 A7 F6 C7 81 93 08 9C 12 63 23 45 F2 12 16 E9 F4 8D FC CB 8D 5D 09 FE ED BB 86 ED 22 B8 A9 F3 0D E5 57 4D A1 71 54 7F 54 6A DF DC 2F 4C F4 9E F5 9D C3 C7 2B FC D6 AF 63 59 3B 31 63 4C 4F 11 96 6E CF A5 91 95 97 B7 14 72 10 5C 78 D5 B7 24 D9 7D 14 0B E3 3F DD 42 1C 78 EB AF 09 1A 4C A9 FE 21 E4 79 58 AF 0B D1 F7 ED D2 7C 72 DF 93 B0 2C F7 4E C5 A0 D0 E2 12 48 63 B8 66 45 89 4A 1A 7E 36 A6 68 22 1D AB 2F D8 AD 36 02 54 9C 7A 68 BC BB FB 3C CB 72 BC F2 64 B6 AE 92 D8 6C C8 F0 4E 00 00 00 00 00 00 00 00 00 00 00 00 00 00 00 00 00 00 00 00 00 00 00 00 00 00 00 00 00 00 00 00 00 00 00 00 00 00 00 00 00 00 00 00 00 00 00 00 00 00 00 00 00 00 00 00 00 00 00 00 33 34 35 54 31 37 30 36 30 35 FF FF 98 76 54 32 11 00 00 33 15 A9 03 9F 39 01 90 FF EE 01 05 DF EE 30 01 0C DF EE 26 02 E8 00 9F 02 06 00 00 00 00 10 00 9F 03 06 00 00 00 00 00 00 DF 5B 01 05 9A 03 26 09 15 9F 21 03 05 56 21 57 4F 00 00 00 00 00 00 00 00 00 00 00 00 00 00  

 ---------- END OF TEST ----------

 Result = PASSED


Docklight Log File (HEX) - Stopped 2026/9/15 13:56:43.056 

