Docklight Log File (HEX) - Started 2026/9/15 11:19:09.670 
 TEST CASE: applepay5-2-A

 --- Set POS COM PORT Settings
 Set POS COM PORT...
 POS operating on COM90 @ 115200 baud...
 Set POS COM PORT - COMPLETE


2026/9/15 11:19:10.961 [TX] - 56 69 56 4F 74 65 63 68 32 00 01 01 00 01 01 D7 34 
2026/9/15 11:19:10.967 [RX] - 56 69 56 4F 74 65 63 68 32 00 61 01 00 10 56 69 56 4F 74 65 63 68 32 00 01 04 00 00 CE 93 00 00 00 00 00 00 00 00 00 00 00 00 00 00 00 00 00 00 00 00 00 00 00 00 00 00 00 00 00 00 00 00 00 00 00 00 00 00 00 00 00 00 00 00 00 00 00  

 --- Set Merchant 4 - pass.com.apple.wallet.dev_Panera 

2026/9/15 11:19:11.776 [TX] - 56 69 56 4F 74 65 63 68 32 00 04 11 00 63 04 01 06 41 3B 95 7A 52 59 98 3B 60 8C FC 89 CF B1 DA B9 0C E7 05 AD 8E FF 78 E9 DE 12 2C CF 8D 2C BF 00 00 00 00 00 00 00 00 00 00 00 00 00 00 00 00 00 00 00 00 00 00 00 00 00 00 00 00 00 00 00 00 00 00 00 00 00 00 00 00 00 00 00 00 00 00 00 00 00 00 00 00 00 00 00 00 00 00 00 00 00 00 00 00 00 E7 6F 
2026/9/15 11:19:11.830 [RX] - 56 69 56 4F 74 65 63 68 32 00 04 00 00 00 AE 16 00 00 00 00 00 00 00 00 00 00 00 00 00 00 00 00 00 00 00 00 00 00 00 00 00 00 00 00 00 00 00 00 00 00 00 00 00 00 00 00 00 00 00 00 00 00 00  
============================================================Bank card
 

 --- ACT - VAS Only *** NEO2

2026/9/15 11:19:13.114 [TX] - 56 69 56 4F 74 65 63 68 32 00 02 40 00 31 30 9F 02 06 00 00 00 00 00 01 9C 01 00 FF EE 06 20 9F 22 02 02 00 9F 26 04 00 00 00 02 9F 2B 05 01 00 00 00 00 DF ED 57 03 00 02 00 DF EE 01 01 01 A5 FB 
2026/9/15 11:19:13.150 [RX] - 56 69 56 4F 74 65 63 68 32 00 02 63 00 00 4B B4 00 00 00 00 00 00 00 00 00 00 00 00 00 00 00 00 00 00 00 00 00 00 00 00 00 00 00 00 00 00 00 00 00 00 00 00 00 00 00 00 00 00 00 00 00 00 00 56 69 56 4F 74 65 63 68 32 00 61 01 00 10 03 00 00 02 00 45 4E 03 00 82 57 1C 02 00 00 60 FB 9A 00 00 00 00 00 00 00 00 00 00 00 00 00 00 00 00 00 00 00 00 00 00 00 00 00 00 00 00 00 00 00 56 69 56 4F 74 65 63 68 32 00 61 01 00 19 04 00 00 02 00 45 4E 0C 00 84 01 1C 04 24 1C 04 30 2E 30 31 1C 02 00 F4 21 62 DF 00 00 00 00 00 00 00 00 00 00 00 00 00 00 00 00 00 00 00 00 00 00 56 69 56 4F 74 65 63 68 32 00 61 01 00 10 03 00 00 02 00 45 4E 03 00 82 1A 1C 02 00 F4 21 58 29 00 00 00 00 00 00 00 00 00 00 00 00 00 00 00 00 00 00 00 00 00 00 00 00 00 00 00 00 00 00 00 56 69 56 4F 74 65 63 68 32 00 02 57 00 2B E1 DF EE 26 02 E1 00 FF EE 06 13 9A 03 26 09 15 9F 21 03 03 18 52 DF EE 02 04 20 6A 82 02 9F 39 01 07 FF EE 01 05 DF EE 30 01 00 4C BF 00 00 00 00 56 69 56 4F 74 65 63 68 32 00 61 01 00 10 03 00 00 02 00 45 4E 03 00 82 23 1C 02 00 00 20 F0 63 00 00 00 00 00 00 00 00 00 00 00 00 00 00 00 00 00 00 00 00 00 00 00 00 00 00 00 00 00 00 00  

 --- ACT - VAS OR Pay 

2026/9/15 11:19:16.781 [TX] - 56 69 56 4F 74 65 63 68 32 00 02 40 00 31 30 9F 02 06 00 00 00 00 00 01 9C 01 00 FF EE 06 20 9F 22 02 02 00 9F 26 04 00 00 00 00 9F 2B 05 01 00 00 00 00 DF ED 57 03 00 00 00 DF EE 01 01 01 8B 20 
2026/9/15 11:19:16.817 [RX] - 56 69 56 4F 74 65 63 68 32 00 02 63 00 00 4B B4 00 00 00 00 00 00 00 00 00 00 00 00 00 00 00 00 00 00 00 00 00 00 00 00 00 00 00 00 00 00 00 00 00 00 00 00 00 00 00 00 00 00 00 00 00 00 00 56 69 56 4F 74 65 63 68 32 00 61 01 00 10 03 00 00 02 00 45 4E 03 00 82 57 1C 02 00 00 60 FB 9A 00 00 00 00 00 00 00 00 00 00 00 00 00 00 00 00 00 00 00 00 00 00 00 00 00 00 00 00 00 00 00 56 69 56 4F 74 65 63 68 32 00 61 01 00 19 04 00 00 02 00 45 4E 0C 00 84 01 1C 04 24 1C 04 30 2E 30 31 1C 02 00 F4 21 62 DF 00 00 00 00 00 00 00 00 00 00 00 00 00 00 00 00 00 00 00 00 00 00 56 69 56 4F 74 65 63 68 32 00 61 01 00 10 03 00 00 02 00 45 4E 03 00 82 1A 1C 02 00 F4 21 58 29 00 00 00 00 00 00 00 00 00 00 00 00 00 00 00 00 00 00 00 00 00 00 00 00 00 00 00 00 00 00 00 56 69 56 4F 74 65 63 68 32 00 61 01 00 10 03 00 00 02 00 45 4E 03 00 82 68 1C 02 00 F4 21 96 F5 00 00 00 00 00 00 00 00 00 00 00 00 00 00 00 00 00 00 00 00 00 00 00 00 00 00 00 00 00 00 00 56 69 56 4F 74 65 63 68 32 00 61 01 00 10 03 00 00 02 00 45 4E 03 00 82 15 1C 02 00 F4 21 9D 2A 00 00 00 00 00 00 00 00 00 00 00 00 00 00 00 00 00 00 00 00 00 00 00 00 00 00 00 00 00 00 00 56 69 56 4F 74 65 63 68 32 00 02 23 01 92 E1 DF EE 26 02 E1 00 DF EE 12 0A FF FF 98 76 54 32 11 00 00 11 DF EF 4C 06 00 25 00 00 00 00 DF EF 4D 28 F8 28 D2 08 21 1D F4 43 1A F6 A0 57 D4 77 83 B2 2B 61 48 BB 99 D4 4D 8C B3 E3 B6 57 9E 97 75 A4 A7 7D 8E 0E 7E AE 74 36 DF 81 29 08 30 F0 F0 F0 B0 F0 FF 00 DF 81 16 16 1B FF 00 00 13 00 00 00 00 00 00 00 00 20 00 00 00 01 00 00 08 40 FF 81 05 81 C8 57 A1 12 47 61 CC CC CC 01 00 D2 01 2C CC CC CC CC CC CC CC CC 57 C1 18 DB D7 04 ED BA DA D9 E3 DD 32 42 BD 4F 0E 72 BA 78 10 98 4D EA F0 26 28 5F 34 01 01 82 02 20 20 84 07 A0 00 00 00 03 10 10 95 05 00 00 00 00 00 9A 03 26 09 15 9C 01 00 9F 02 06 00 00 00 00 00 01 9F 03 06 00 00 00 00 00 00 9F 06 07 A0 00 00 00 03 10 10 9F 07 02 FF 80 9F 09 02 00 02 9F 10 07 06 01 11 03 90 00 00 9F 1A 02 08 40 9F 21 03 03 18 56 9F 26 08 AA BB CC DD EE FF 11 22 9F 27 01 40 9F 33 03 E0 08 C8 9F 35 01 15 9F 36 02 00 03 9F 37 04 7C 71 18 A9 9F 39 01 07 8F 01 51 9F 66 04 27 00 40 00 DF EF 7F 01 0C DF ED 6D 01 F0 FF 81 06 09 9F 5D 06 00 00 00 01 00 00 FF EE 01 0A DF EE 30 01 00 DF EE 5B 01 08 DF EC 1C 1E 08 03 00 04 FF 00 1B 00 00 00 13 01 00 00 00 01 00 00 08 40 00 00 00 00 00 00 00 00 FF 00 FF EE 06 13 9A 03 26 09 15 9F 21 03 03 18 55 DF EE 02 04 20 6A 82 02 2C F4 00 00 00 00 00 00 00 00 00 00 00 00 00 00 00 00 00 00 00 00 00 00 00  

 --- ACT - VAS AND Pay 

2026/9/15 11:19:18.943 [TX] - 56 69 56 4F 74 65 63 68 32 00 02 40 00 31 30 9F 02 06 00 00 00 00 00 01 9C 01 00 FF EE 06 20 9F 22 02 02 00 9F 26 04 00 00 00 01 9F 2B 05 01 00 00 00 00 DF ED 57 03 00 01 00 DF EE 01 01 01 1C 4D 
2026/9/15 11:19:18.978 [RX] - 56 69 56 4F 74 65 63 68 32 00 02 63 00 00 4B B4 00 00 00 00 00 00 00 00 00 00 00 00 00 00 00 00 00 00 00 00 00 00 00 00 00 00 00 00 00 00 00 00 00 00 00 00 00 00 00 00 00 00 00 00 00 00 00 56 69 56 4F 74 65 63 68 32 00 61 01 00 10 03 00 00 02 00 45 4E 03 00 82 57 1C 02 00 00 60 FB 9A 00 00 00 00 00 00 00 00 00 00 00 00 00 00 00 00 00 00 00 00 00 00 00 00 00 00 00 00 00 00 00 56 69 56 4F 74 65 63 68 32 00 61 01 00 19 04 00 00 02 00 45 4E 0C 00 84 01 1C 04 24 1C 04 30 2E 30 31 1C 02 00 F4 21 62 DF 00 00 00 00 00 00 00 00 00 00 00 00 00 00 00 00 00 00 00 00 00 00 56 69 56 4F 74 65 63 68 32 00 61 01 00 10 03 00 00 02 00 45 4E 03 00 82 1A 1C 02 00 F4 21 58 29 00 00 00 00 00 00 00 00 00 00 00 00 00 00 00 00 00 00 00 00 00 00 00 00 00 00 00 00 00 00 00 56 69 56 4F 74 65 63 68 32 00 61 01 00 10 03 00 00 02 00 45 4E 03 00 82 68 1C 02 00 F4 21 96 F5 00 00 00 00 00 00 00 00 00 00 00 00 00 00 00 00 00 00 00 00 00 00 00 00 00 00 00 00 00 00 00 56 69 56 4F 74 65 63 68 32 00 61 01 00 10 03 00 00 02 00 45 4E 03 00 82 15 1C 02 00 F4 21 9D 2A 00 00 00 00 00 00 00 00 00 00 00 00 00 00 00 00 00 00 00 00 00 00 00 00 00 00 00 00 00 00 00 56 69 56 4F 74 65 63 68 32 00 02 23 01 92 E1 DF EE 26 02 E1 00 DF EE 12 0A FF FF 98 76 54 32 11 00 00 12 DF EF 4C 06 00 25 00 00 00 00 DF EF 4D 28 DE E6 F6 80 DF A8 A9 DB 98 42 1D 2E FE 1F 58 58 6C 5C F3 B1 E8 11 B8 7D D5 AD 4A 81 F3 86 0C E0 C9 37 9F 06 22 BC C8 C3 DF 81 29 08 30 F0 F0 F0 B0 F0 FF 00 DF 81 16 16 1B FF 00 00 13 00 00 00 00 00 00 00 00 20 00 00 00 01 00 00 08 40 FF 81 05 81 C8 57 A1 12 47 61 CC CC CC 01 00 D2 01 2C CC CC CC CC CC CC CC CC 57 C1 18 07 72 29 9E E2 0B 8B 66 87 4B 5B EF D9 76 06 C2 DD E6 D7 B0 4D 7B 3D A4 5F 34 01 01 82 02 20 20 84 07 A0 00 00 00 03 10 10 95 05 00 00 00 00 00 9A 03 26 09 15 9C 01 00 9F 02 06 00 00 00 00 00 01 9F 03 06 00 00 00 00 00 00 9F 06 07 A0 00 00 00 03 10 10 9F 07 02 FF 80 9F 09 02 00 02 9F 10 07 06 01 11 03 90 00 00 9F 1A 02 08 40 9F 21 03 03 18 58 9F 26 08 AA BB CC DD EE FF 11 22 9F 27 01 40 9F 33 03 E0 08 C8 9F 35 01 15 9F 36 02 00 03 9F 37 04 F3 96 31 3D 9F 39 01 07 8F 01 51 9F 66 04 27 00 40 00 DF EF 7F 01 0C DF ED 6D 01 F0 FF 81 06 09 9F 5D 06 00 00 00 01 00 00 FF EE 01 0A DF EE 30 01 00 DF EE 5B 01 08 DF EC 1C 1E 08 03 00 04 FF 00 1B 00 00 00 13 01 00 00 00 01 00 00 08 40 00 00 00 00 00 00 00 00 FF 00 FF EE 06 13 9A 03 26 09 15 9F 21 03 03 18 58 DF EE 02 04 20 6A 82 02 2F EF 00 00 00 00 00 00 00 00 00 00 00 00 00 00 00 00 00 00 00 00 00 00 00  

 --- ACT - Pay Only 

2026/9/15 11:19:20.910 [TX] - 56 69 56 4F 74 65 63 68 32 00 02 40 00 31 30 9F 02 06 00 00 00 00 00 01 9C 01 00 FF EE 06 20 9F 22 02 02 00 9F 26 04 00 00 00 03 9F 2B 05 01 00 00 00 00 DF ED 57 03 00 03 00 DF EE 01 01 01 32 96 
2026/9/15 11:19:20.946 [RX] - 56 69 56 4F 74 65 63 68 32 00 02 63 00 00 4B B4 00 00 00 00 00 00 00 00 00 00 00 00 00 00 00 00 00 00 00 00 00 00 00 00 00 00 00 00 00 00 00 00 00 00 00 00 00 00 00 00 00 00 00 00 00 00 00 56 69 56 4F 74 65 63 68 32 00 61 01 00 10 03 00 00 02 00 45 4E 03 00 82 57 1C 02 00 00 60 FB 9A 00 00 00 00 00 00 00 00 00 00 00 00 00 00 00 00 00 00 00 00 00 00 00 00 00 00 00 00 00 00 00 56 69 56 4F 74 65 63 68 32 00 61 01 00 19 04 00 00 02 00 45 4E 0C 00 84 01 1C 04 24 1C 04 30 2E 30 31 1C 02 00 F4 21 62 DF 00 00 00 00 00 00 00 00 00 00 00 00 00 00 00 00 00 00 00 00 00 00 56 69 56 4F 74 65 63 68 32 00 61 01 00 10 03 00 00 02 00 45 4E 03 00 82 1A 1C 02 00 F4 21 58 29 00 00 00 00 00 00 00 00 00 00 00 00 00 00 00 00 00 00 00 00 00 00 00 00 00 00 00 00 00 00 00 56 69 56 4F 74 65 63 68 32 00 61 01 00 10 03 00 00 02 00 45 4E 03 00 82 68 1C 02 00 F4 21 96 F5 00 00 00 00 00 00 00 00 00 00 00 00 00 00 00 00 00 00 00 00 00 00 00 00 00 00 00 00 00 00 00 56 69 56 4F 74 65 63 68 32 00 61 01 00 10 03 00 00 02 00 45 4E 03 00 82 15 1C 02 00 F4 21 9D 2A 00 00 00 00 00 00 00 00 00 00 00 00 00 00 00 00 00 00 00 00 00 00 00 00 00 00 00 00 00 00 00 56 69 56 4F 74 65 63 68 32 00 02 23 01 7B E1 DF EE 26 02 E1 00 DF EE 12 0A FF FF 98 76 54 32 11 00 00 13 DF EF 4C 06 00 25 00 00 00 00 DF EF 4D 28 48 99 7A EB 84 E6 B9 D0 6F 24 19 3A D6 B3 89 0E 79 FD 96 76 85 0E 67 45 61 62 A2 34 C6 A5 5E 3D A9 D7 4C 72 CD E5 C5 3F DF 81 29 08 30 F0 F0 F0 B0 F0 FF 00 DF 81 16 16 1B FF 00 00 13 00 00 00 00 00 00 00 00 20 00 00 00 01 00 00 08 40 FF 81 05 81 C8 57 A1 12 47 61 CC CC CC 01 00 D2 01 2C CC CC CC CC CC CC CC CC 57 C1 18 5C CC 41 4D 82 98 E1 86 C4 C9 4D F7 66 FA 5E DC 06 8D 51 D2 6F 74 C0 E4 5F 34 01 01 82 02 20 20 84 07 A0 00 00 00 03 10 10 95 05 00 00 00 00 00 9A 03 26 09 15 9C 01 00 9F 02 06 00 00 00 00 00 01 9F 03 06 00 00 00 00 00 00 9F 06 07 A0 00 00 00 03 10 10 9F 07 02 FF 80 9F 09 02 00 02 9F 10 07 06 01 11 03 90 00 00 9F 1A 02 08 40 9F 21 03 03 19 00 9F 26 08 AA BB CC DD EE FF 11 22 9F 27 01 40 9F 33 03 E0 08 C8 9F 35 01 15 9F 36 02 00 03 9F 37 04 FF B9 B8 1A 9F 39 01 07 8F 01 51 9F 66 04 27 00 40 00 DF EF 7F 01 0C DF ED 6D 01 F0 FF 81 06 09 9F 5D 06 00 00 00 01 00 00 FF EE 01 0A DF EE 30 01 00 DF EE 5B 01 08 DF EC 1C 1E 08 03 00 04 FF 00 1B 00 00 00 13 01 00 00 00 01 00 00 08 40 00 00 00 00 00 00 00 00 FF 00 C9 E6 00 00 00 00 00 00 00 00 00 00 00 00 00 00 00 00 00 00 00 00 00 00 00 00 00 00 00 00 00 00 00 00 00 00 00 00 00 00 00 00 00 00 00 00 00 00  

 --- ACT - VAS URL Only Protocol 

2026/9/15 11:19:22.701 [TX] - 56 69 56 4F 74 65 63 68 32 00 02 40 00 31 30 9F 02 06 00 00 00 00 00 01 9C 01 00 FF EE 06 20 9F 22 02 02 00 9F 26 04 00 00 00 02 9F 2B 05 01 00 00 00 00 DF ED 57 03 00 03 00 DF EE 01 01 00 E5 53 
2026/9/15 11:19:22.738 [RX] - 56 69 56 4F 74 65 63 68 32 00 02 63 00 00 4B B4 00 00 00 00 00 00 00 00 00 00 00 00 00 00 00 00 00 00 00 00 00 00 00 00 00 00 00 00 00 00 00 00 00 00 00 00 00 00 00 00 00 00 00 00 00 00 00 56 69 56 4F 74 65 63 68 32 00 61 01 00 10 03 00 00 02 00 45 4E 03 00 82 57 1C 02 00 00 60 FB 9A 00 00 00 00 00 00 00 00 00 00 00 00 00 00 00 00 00 00 00 00 00 00 00 00 00 00 00 00 00 00 00 56 69 56 4F 74 65 63 68 32 00 61 01 00 19 04 00 00 02 00 45 4E 0C 00 84 01 1C 04 24 1C 04 30 2E 30 31 1C 02 00 F4 21 62 DF 00 00 00 00 00 00 00 00 00 00 00 00 00 00 00 00 00 00 00 00 00 00 56 69 56 4F 74 65 63 68 32 00 61 01 00 10 03 00 00 02 00 45 4E 03 00 82 1A 1C 02 00 F4 21 58 29 00 00 00 00 00 00 00 00 00 00 00 00 00 00 00 00 00 00 00 00 00 00 00 00 00 00 00 00 00 00 00 56 69 56 4F 74 65 63 68 32 00 02 57 00 2B E1 DF EE 26 02 E1 00 FF EE 06 13 9A 03 26 09 15 9F 21 03 03 19 01 DF EE 02 04 20 6A 82 02 9F 39 01 07 FF EE 01 05 DF EE 30 01 00 F7 C0 00 00 00 00 56 69 56 4F 74 65 63 68 32 00 61 01 00 10 03 00 00 02 00 45 4E 03 00 82 23 1C 02 00 00 20 F0 63 00 00 00 00 00 00 00 00 00 00 00 00 00 00 00 00 00 00 00 00 00 00 00 00 00 00 00 00 00 00 00  

 ---------- END OF TEST ----------

 Result = PASSED


Docklight Log File (HEX) - Stopped 2026/9/15 11:19:24.338 

