Docklight Log File (HEX) - Started 2026/8/13 16:20:49.027 
 TEST CASE: BTS008

 --- Set POS COM PORT Settings
 Set POS COM PORT...
 POS operating on COM90 @ 115200 baud...
 Set POS COM PORT - COMPLETE

 

 --- 02-40 w/ AppleVAS -- VAS or PAY (NEO2)

2026/8/13 16:20:55.190 [TX] - 56 69 56 4F 74 65 63 68 32 00 02 40 00 34 30 9F 02 06 00 00 00 00 00 01 9C 01 00 FF EE 06 23 9F 22 02 02 00 9F 26 04 00 00 00 00 9F 2B 05 01 00 00 00 00 DF EE 01 01 01 DF ED 57 06 C3 02 00 02 00 01 C9 CC 
2026/8/13 16:20:55.221 [RX] - 56 69 56 4F 74 65 63 68 32 00 02 63 00 00 4B B4 00 00 00 00 00 00 00 00 00 00 00 00 00 00 00 00 00 00 00 00 00 00 00 00 00 00 00 00 00 00 00 00 00 00 00 00 00 00 00 00 00 00 00 00 00 00 00 56 69 56 4F 74 65 63 68 32 00 02 57 00 43 21 DF EE 26 02 21 00 DF EF 4C 06 00 00 00 00 10 00 DF EF 4D 10 39 39 39 38 37 38 30 30 31 30 30 30 32 33 32 38 9F 39 01 07 FF EE 01 05 DF EE 30 01 00 FF EE 06 82 00 0B 9A 03 26 08 13 9F 21 03 08 20 38 1F 12 00 00 00 00 00 00 00 00 00 00 00 00 00 00 00 00 00 00 00 00 00 00 00 00 00 00 00 00 00 00 00 00 00 00 00 00 00 00 00 00 00 00 00  

 --- 02-40 w/ AppleVAS -- VAS and PAY (NEO2)

2026/8/13 16:20:59.797 [TX] - 56 69 56 4F 74 65 63 68 32 00 02 40 00 34 30 9F 02 06 00 00 00 00 00 01 9C 01 00 FF EE 06 23 9F 22 02 02 00 9F 26 04 00 00 00 01 9F 2B 05 01 00 00 00 00 DF EE 01 01 01 DF ED 57 06 C3 02 00 02 00 01 CA FB 
2026/8/13 16:20:59.827 [RX] - 56 69 56 4F 74 65 63 68 32 00 02 63 00 00 4B B4 00 00 00 00 00 00 00 00 00 00 00 00 00 00 00 00 00 00 00 00 00 00 00 00 00 00 00 00 00 00 00 00 00 00 00 00 00 00 00 00 00 00 00 00 00 00 00 56 69 56 4F 74 65 63 68 32 00 02 57 00 43 21 DF EE 26 02 21 00 DF EF 4C 06 00 00 00 00 10 00 DF EF 4D 10 39 39 39 38 37 38 30 30 31 30 30 30 32 33 32 38 9F 39 01 07 FF EE 01 05 DF EE 30 01 00 FF EE 06 82 00 0B 9A 03 26 08 13 9F 21 03 08 20 43 D0 EE 00 00 00 00 00 00 00 00 00 00 00 00 00 00 00 00 00 00 00 00 00 00 00 00 00 00 00 00 00 00 00 00 00 00 00 00 00 00 00 00 00 00 00  

 --- 02-40 w/ SmartTAP -- VAS or PAY

2026/8/13 16:21:14.024 [TX] - 56 69 56 4F 74 65 63 68 32 00 02 40 00 25 30 9F 02 06 00 00 00 00 00 01 9C 01 00 FF EE 08 14 DF ED 57 06 00 00 00 02 00 01 DF EF 1A 01 00 DF ED 28 01 00 81 0F 
2026/8/13 16:21:14.055 [RX] - 56 69 56 4F 74 65 63 68 32 00 02 63 00 00 4B B4 00 00 00 00 00 00 00 00 00 00 00 00 00 00 00 00 00 00 00 00 00 00 00 00 00 00 00 00 00 00 00 00 00 00 00 00 00 00 00 00 00 00 00 00 00 00 00 56 69 56 4F 74 65 63 68 32 00 02 57 00 3E 21 DF EE 26 02 21 00 DF EF 4C 06 00 00 00 00 10 00 DF EF 4D 10 39 39 39 38 37 38 30 30 31 30 30 33 34 33 30 34 9F 39 01 07 FF EE 01 05 DF EE 30 01 00 FF EE 08 08 DF EE 02 04 00 91 00 00 A3 FE 00 00 00 00 00 00 00 00 00 00 00 00 00 00 00 00 00 00 00 00 00 00 00 00 00 00 00 00 00 00 00 00 00 00 00 00 00 00 00 00 00 00 00 00 00 00 00 00  

 --- 02-40 w/ SmartTAP -- VAS and PAY

2026/8/13 16:21:16.794 [TX] - 56 69 56 4F 74 65 63 68 32 00 02 40 00 25 30 9F 02 06 00 00 00 00 00 01 9C 01 00 FF EE 08 14 DF ED 57 06 00 00 00 02 00 01 DF EF 1A 01 01 DF ED 28 01 00 21 4A 
2026/8/13 16:21:16.824 [RX] - 56 69 56 4F 74 65 63 68 32 00 02 63 00 00 4B B4 00 00 00 00 00 00 00 00 00 00 00 00 00 00 00 00 00 00 00 00 00 00 00 00 00 00 00 00 00 00 00 00 00 00 00 00 00 00 00 00 00 00 00 00 00 00 00 56 69 56 4F 74 65 63 68 32 00 02 57 00 3E 21 DF EE 26 02 21 00 DF EF 4C 06 00 00 00 00 10 00 DF EF 4D 10 39 39 39 38 37 38 30 30 31 30 30 33 34 33 30 34 9F 39 01 07 FF EE 01 05 DF EE 30 01 00 FF EE 08 08 DF EE 02 04 00 91 00 00 A3 FE 00 00 00 00 00 00 00 00 00 00 00 00 00 00 00 00 00 00 00 00 00 00 00 00 00 00 00 00 00 00 00 00 00 00 00 00 00 00 00 00 00 00 00 00 00 00 00 00  

 ---------- END OF TEST ----------

 Result = PASSED


Docklight Log File (HEX) - Stopped 2026/8/13 16:21:17.342 

