Docklight Log File (HEX) - Started 2026/9/15 14:18:12.086 
 TEST CASE: ST004

 --- Set POS COM PORT Settings
 Set POS COM PORT...
 POS operating on COM90 @ 115200 baud...
 Set POS COM PORT - COMPLETE

 --- Poll on demand

2026/9/15 14:18:13.405 [TX] - 56 69 56 4F 74 65 63 68 32 00 01 01 00 01 01 D7 34 
2026/9/15 14:18:13.423 [RX] - 56 69 56 4F 74 65 63 68 32 00 01 00 00 00 12 53 00 00 00 00 00 00 00 00 00 00 00 00 00 00 00 00 00 00 00 00 00 00 00 00 00 00 00 00 00 00 00 00 00 00 00 00 00 00 00 00 00 00 00 00 00 00 00  

 --- Burst mode off ***** NEO2

2026/9/15 14:18:13.435 [TX] - 56 69 56 4F 74 65 63 68 32 00 04 00 00 05 DF EE 7E 01 00 60 1E 
2026/9/15 14:18:13.595 [RX] - 56 69 56 4F 74 65 63 68 32 00 04 00 00 00 AE 16 00 00 00 00 00 00 00 00 00 00 00 00 00 00 00 00 00 00 00 00 00 00 00 00 00 00 00 00 00 00 00 00 00 00 00 00 00 00 00 00 00 00 00 00 00 00 00  

 --- C7-65 set private key

2026/9/15 14:18:13.609 [TX] - 56 69 56 4F 74 65 63 68 32 00 C7 65 00 24 00 00 00 01 82 6D 17 E5 07 67 B1 65 B0 E4 D9 E3 32 F8 D1 D1 E2 02 24 28 4F B4 DA F1 E5 0A 03 24 6E 70 79 7D 71 B8 
2026/9/15 14:18:13.634 [RX] - 56 69 56 4F 74 65 63 68 32 00 C7 00 00 00 86 6E 00 00 00 00 00 00 00 00 00 00 00 00 00 00 00 00 00 00 00 00 00 00 00 00 00 00 00 00 00 00 00 00 00 00 00 00 00 00 00 00 00 00 00 00 00 00 00  

 Set config -- 4.1 =============================================================

2026/9/15 14:18:16.235 [TX] - 56 69 56 4F 74 65 63 68 32 00 04 03 00 3F DF EE 2D 01 8E DF EE 3B 04 00 BC 61 4E DF EE 3C 00 DF EE 3D 00 DF EF 25 00 DF ED 01 00 DF ED 02 05 70 00 00 00 01 DF ED 03 01 00 DF ED 04 01 01 DF ED 05 01 01 DF ED 06 01 00 DF ED 07 01 00 E9 35 
2026/9/15 14:18:16.315 [RX] - 56 69 56 4F 74 65 63 68 32 00 04 00 00 00 AE 16 00 00 00 00 00 00 00 00 00 00 00 00 00 00 00 00 00 00 00 00 00 00 00 00 00 00 00 00 00 00 00 00 00 00 00 00 00 00 00 00 00 00 00 00 00 00 00  

 --- 02-40 case 4.1

2026/9/15 14:18:17.949 [TX] - 56 69 56 4F 74 65 63 68 32 00 02 40 00 1B 30 9F 02 06 00 00 00 00 00 01 9C 01 00 FF EE 08 0A DF EF 1A 01 0A DF ED 28 01 00 B6 14 
2026/9/15 14:18:17.985 [RX] - 56 69 56 4F 74 65 63 68 32 00 02 63 00 00 4B B4 00 00 00 00 00 00 00 00 00 00 00 00 00 00 00 00 00 00 00 00 00 00 00 00 00 00 00 00 00 00 00 00 00 00 00 00 00 00 00 00 00 00 00 00 00 00 00 56 69 56 4F 74 65 63 68 32 00 61 01 00 10 03 00 00 02 00 45 4E 03 00 82 57 1C 02 00 00 60 FB 9A 00 00 00 00 00 00 00 00 00 00 00 00 00 00 00 00 00 00 00 00 00 00 00 00 00 00 00 00 00 00 00 56 69 56 4F 74 65 63 68 32 00 61 01 00 19 04 00 00 02 00 45 4E 0C 00 84 01 1C 04 24 1C 04 30 2E 30 31 1C 02 00 F4 21 62 DF 00 00 00 00 00 00 00 00 00 00 00 00 00 00 00 00 00 00 00 00 00 00 56 69 56 4F 74 65 63 68 32 00 61 01 00 10 03 00 00 02 00 45 4E 03 00 82 1A 1C 02 00 F4 21 58 29 00 00 00 00 00 00 00 00 00 00 00 00 00 00 00 00 00 00 00 00 00 00 00 00 00 00 00 00 00 00 00 56 69 56 4F 74 65 63 68 32 00 02 57 00 20 E1 DF EE 26 02 E1 00 FF EE 08 08 DF EE 02 04 20 6A 82 0E 9F 39 01 07 FF EE 01 05 DF EE 30 01 00 82 40 00 00 00 00 00 00 00 00 00 00 00 00 00 00 00 56 69 56 4F 74 65 63 68 32 00 61 01 00 10 03 00 00 02 00 45 4E 03 00 82 23 1C 02 00 00 20 F0 63 00 00 00 00 00 00 00 00 00 00 00 00 00 00 00 00 00 00 00 00 00 00 00 00 00 00 00 00 00 00 00  

 Set config -- 4.2 =============================================================

2026/9/15 14:18:23.904 [TX] - 56 69 56 4F 74 65 63 68 32 00 04 03 00 3F DF EE 2D 01 8E DF EE 3B 04 00 BC 61 4E DF EE 3C 00 DF EE 3D 00 DF EF 25 00 DF ED 01 00 DF ED 02 05 70 00 00 00 01 DF ED 03 01 01 DF ED 04 01 01 DF ED 05 01 01 DF ED 06 01 00 DF ED 07 01 00 1F E0 
2026/9/15 14:18:23.967 [RX] - 56 69 56 4F 74 65 63 68 32 00 04 00 00 00 AE 16 00 00 00 00 00 00 00 00 00 00 00 00 00 00 00 00 00 00 00 00 00 00 00 00 00 00 00 00 00 00 00 00 00 00 00 00 00 00 00 00 00 00 00 00 00 00 00  

 --- 02-40 case 4.2

2026/9/15 14:18:27.582 [TX] - 56 69 56 4F 74 65 63 68 32 00 02 40 00 1B 30 9F 02 06 00 00 00 00 00 01 9C 01 00 FF EE 08 0A DF EF 1A 01 0A DF ED 28 01 00 B6 14 
2026/9/15 14:18:27.618 [RX] - 56 69 56 4F 74 65 63 68 32 00 02 63 00 00 4B B4 00 00 00 00 00 00 00 00 00 00 00 00 00 00 00 00 00 00 00 00 00 00 00 00 00 00 00 00 00 00 00 00 00 00 00 00 00 00 00 00 00 00 00 00 00 00 00 56 69 56 4F 74 65 63 68 32 00 61 01 00 10 03 00 00 02 00 45 4E 03 00 82 57 1C 02 00 00 60 FB 9A 00 00 00 00 00 00 00 00 00 00 00 00 00 00 00 00 00 00 00 00 00 00 00 00 00 00 00 00 00 00 00 56 69 56 4F 74 65 63 68 32 00 61 01 00 19 04 00 00 02 00 45 4E 0C 00 84 01 1C 04 24 1C 04 30 2E 30 31 1C 02 00 F4 21 62 DF 00 00 00 00 00 00 00 00 00 00 00 00 00 00 00 00 00 00 00 00 00 00 56 69 56 4F 74 65 63 68 32 00 61 01 00 10 03 00 00 02 00 45 4E 03 00 82 1A 1C 02 00 F4 21 58 29 00 00 00 00 00 00 00 00 00 00 00 00 00 00 00 00 00 00 00 00 00 00 00 00 00 00 00 00 00 00 00 56 69 56 4F 74 65 63 68 32 00 02 57 00 20 E1 DF EE 26 02 E1 00 FF EE 08 08 DF EE 02 04 20 60 00 0E 9F 39 01 07 FF EE 01 05 DF EE 30 01 00 CA 67 00 00 00 00 00 00 00 00 00 00 00 00 00 00 00 56 69 56 4F 74 65 63 68 32 00 61 01 00 10 03 00 00 02 00 45 4E 03 00 82 23 1C 02 00 00 20 F0 63 00 00 00 00 00 00 00 00 00 00 00 00 00 00 00 00 00 00 00 00 00 00 00 00 00 00 00 00 00 00 00  

 Set config -- 4.3 =============================================================

2026/9/15 14:18:33.409 [TX] - 56 69 56 4F 74 65 63 68 32 00 04 03 00 3F DF EE 2D 01 8E DF EE 3B 04 00 BC 61 4E DF EE 3C 00 DF EE 3D 00 DF EF 25 00 DF ED 01 00 DF ED 02 05 70 00 00 00 01 DF ED 03 01 01 DF ED 04 01 01 DF ED 05 01 01 DF ED 06 01 00 DF ED 07 01 00 1F E0 
2026/9/15 14:18:33.438 [RX] - 56 69 56 4F 74 65 63 68 32 00 04 00 00 00 AE 16 00 00 00 00 00 00 00 00 00 00 00 00 00 00 00 00 00 00 00 00 00 00 00 00 00 00 00 00 00 00 00 00 00 00 00 00 00 00 00 00 00 00 00 00 00 00 00  

 --- 02-40 case 4.3

2026/9/15 14:18:36.722 [TX] - 56 69 56 4F 74 65 63 68 32 00 02 40 00 1B 30 9F 02 06 00 00 00 00 00 01 9C 01 00 FF EE 08 0A DF EF 1A 01 0A DF ED 28 01 00 B6 14 
2026/9/15 14:18:36.758 [RX] - 56 69 56 4F 74 65 63 68 32 00 02 63 00 00 4B B4 00 00 00 00 00 00 00 00 00 00 00 00 00 00 00 00 00 00 00 00 00 00 00 00 00 00 00 00 00 00 00 00 00 00 00 00 00 00 00 00 00 00 00 00 00 00 00 56 69 56 4F 74 65 63 68 32 00 61 01 00 10 03 00 00 02 00 45 4E 03 00 82 57 1C 02 00 00 60 FB 9A 00 00 00 00 00 00 00 00 00 00 00 00 00 00 00 00 00 00 00 00 00 00 00 00 00 00 00 00 00 00 00 56 69 56 4F 74 65 63 68 32 00 61 01 00 19 04 00 00 02 00 45 4E 0C 00 84 01 1C 04 24 1C 04 30 2E 30 31 1C 02 00 F4 21 62 DF 00 00 00 00 00 00 00 00 00 00 00 00 00 00 00 00 00 00 00 00 00 00 56 69 56 4F 74 65 63 68 32 00 61 01 00 10 03 00 00 02 00 45 4E 03 00 82 1A 1C 02 00 F4 21 58 29 00 00 00 00 00 00 00 00 00 00 00 00 00 00 00 00 00 00 00 00 00 00 00 00 00 00 00 00 00 00 00 56 69 56 4F 74 65 63 68 32 00 02 57 00 7E E1 DF EE 26 02 E1 00 FF EE 08 66 DF EF 76 62 94 03 2F 61 73 76 94 01 06 69 04 02 71 79 79 71 54 03 1F 63 75 73 94 03 06 63 69 64 04 12 34 56 78 90 19 01 03 03 54 63 70 6C 00 65 6E 54 03 02 63 75 74 04 7B 54 03 27 61 73 76 94 01 05 69 05 01 F7 97 98 54 02 19 6C 79 94 03 09 6F 69 64 04 AD 63 E2 0B 56 7B 85 8D 54 01 06 6E 05 F3 24 23 42 34 9F 39 01 07 FF EE 01 05 DF EE 30 01 00 9D E2 00 00 00 00 00 00 00 00 00 00 00 00 00 00 00 00 00 00 00 00 00 00 00 00 00 00 00 00 00 00 00 00 00 00 00 00 00 00 00 00 00 00 00 00 00 00 00 56 69 56 4F 74 65 63 68 32 00 61 01 00 10 03 00 00 02 00 45 4E 03 00 82 23 1C 02 00 00 20 F0 63 00 00 00 00 00 00 00 00 00 00 00 00 00 00 00 00 00 00 00 00 00 00 00 00 00 00 00 00 00 00 00  

 Set config -- 4.4 =============================================================

2026/9/15 14:18:41.459 [TX] - 56 69 56 4F 74 65 63 68 32 00 04 03 00 3F DF EE 2D 01 8E DF EE 3B 04 00 BC 61 4E DF EE 3C 00 DF EE 3D 00 DF EF 25 00 DF ED 01 00 DF ED 02 05 70 00 00 00 01 DF ED 03 01 01 DF ED 04 01 01 DF ED 05 01 01 DF ED 06 01 00 DF ED 07 01 00 1F E0 
2026/9/15 14:18:41.489 [RX] - 56 69 56 4F 74 65 63 68 32 00 04 00 00 00 AE 16 00 00 00 00 00 00 00 00 00 00 00 00 00 00 00 00 00 00 00 00 00 00 00 00 00 00 00 00 00 00 00 00 00 00 00 00 00 00 00 00 00 00 00 00 00 00 00  

 --- 02-40 case 4.4

2026/9/15 14:18:44.205 [TX] - 56 69 56 4F 74 65 63 68 32 00 02 40 00 1B 30 9F 02 06 00 00 00 00 00 01 9C 01 00 FF EE 08 0A DF EF 1A 01 0A DF ED 28 01 00 B6 14 
2026/9/15 14:18:44.241 [RX] - 56 69 56 4F 74 65 63 68 32 00 02 63 00 00 4B B4 00 00 00 00 00 00 00 00 00 00 00 00 00 00 00 00 00 00 00 00 00 00 00 00 00 00 00 00 00 00 00 00 00 00 00 00 00 00 00 00 00 00 00 00 00 00 00 56 69 56 4F 74 65 63 68 32 00 61 01 00 10 03 00 00 02 00 45 4E 03 00 82 57 1C 02 00 00 60 FB 9A 00 00 00 00 00 00 00 00 00 00 00 00 00 00 00 00 00 00 00 00 00 00 00 00 00 00 00 00 00 00 00 56 69 56 4F 74 65 63 68 32 00 61 01 00 19 04 00 00 02 00 45 4E 0C 00 84 01 1C 04 24 1C 04 30 2E 30 31 1C 02 00 F4 21 62 DF 00 00 00 00 00 00 00 00 00 00 00 00 00 00 00 00 00 00 00 00 00 00 56 69 56 4F 74 65 63 68 32 00 61 01 00 10 03 00 00 02 00 45 4E 03 00 82 1A 1C 02 00 F4 21 58 29 00 00 00 00 00 00 00 00 00 00 00 00 00 00 00 00 00 00 00 00 00 00 00 00 00 00 00 00 00 00 00 56 69 56 4F 74 65 63 68 32 00 02 57 00 7E E1 DF EE 26 02 E1 00 FF EE 08 66 DF EF 76 62 94 03 2F 61 73 76 94 01 06 69 04 02 71 79 79 71 54 03 1F 63 75 73 94 03 06 63 69 64 04 12 34 56 78 90 19 01 03 03 54 63 70 6C 00 65 6E 54 03 02 63 75 74 04 7B 54 03 27 61 73 76 94 01 05 69 05 01 F7 97 98 54 02 19 6C 79 94 03 09 6F 69 64 04 8A 54 99 35 62 2F DF 71 54 01 06 6E 05 F3 24 23 42 34 9F 39 01 07 FF EE 01 05 DF EE 30 01 00 B0 69 00 00 00 00 00 00 00 00 00 00 00 00 00 00 00 00 00 00 00 00 00 00 00 00 00 00 00 00 00 00 00 00 00 00 00 00 00 00 00 00 00 00 00 00 00 00 00 56 69 56 4F 74 65 63 68 32 00 61 01 00 10 03 00 00 02 00 45 4E 03 00 82 23 1C 02 00 00 20 F0 63 00 00 00 00 00 00 00 00 00 00 00 00 00 00 00 00 00 00 00 00 00 00 00 00 00 00 00 00 00 00 00  

 Set config -- 4.5 =============================================================

2026/9/15 14:18:48.788 [TX] - 56 69 56 4F 74 65 63 68 32 00 04 03 00 3F DF EE 2D 01 8E DF EE 3B 04 00 BC 61 4E DF EE 3C 00 DF EE 3D 00 DF EF 25 00 DF ED 01 00 DF ED 02 05 70 00 00 00 01 DF ED 03 01 01 DF ED 04 01 01 DF ED 05 01 01 DF ED 06 01 00 DF ED 07 01 00 1F E0 
2026/9/15 14:18:48.817 [RX] - 56 69 56 4F 74 65 63 68 32 00 04 00 00 00 AE 16 00 00 00 00 00 00 00 00 00 00 00 00 00 00 00 00 00 00 00 00 00 00 00 00 00 00 00 00 00 00 00 00 00 00 00 00 00 00 00 00 00 00 00 00 00 00 00  

 --- 02-40 case 4.5

2026/9/15 14:18:54.803 [TX] - 56 69 56 4F 74 65 63 68 32 00 02 40 00 1B 30 9F 02 06 00 00 00 00 00 01 9C 01 00 FF EE 08 0A DF EF 1A 01 0A DF ED 28 01 00 B6 14 
2026/9/15 14:18:54.839 [RX] - 56 69 56 4F 74 65 63 68 32 00 02 63 00 00 4B B4 00 00 00 00 00 00 00 00 00 00 00 00 00 00 00 00 00 00 00 00 00 00 00 00 00 00 00 00 00 00 00 00 00 00 00 00 00 00 00 00 00 00 00 00 00 00 00 56 69 56 4F 74 65 63 68 32 00 61 01 00 10 03 00 00 02 00 45 4E 03 00 82 57 1C 02 00 00 60 FB 9A 00 00 00 00 00 00 00 00 00 00 00 00 00 00 00 00 00 00 00 00 00 00 00 00 00 00 00 00 00 00 00 56 69 56 4F 74 65 63 68 32 00 61 01 00 19 04 00 00 02 00 45 4E 0C 00 84 01 1C 04 24 1C 04 30 2E 30 31 1C 02 00 F4 21 62 DF 00 00 00 00 00 00 00 00 00 00 00 00 00 00 00 00 00 00 00 00 00 00 56 69 56 4F 74 65 63 68 32 00 61 01 00 10 03 00 00 02 00 45 4E 03 00 82 1A 1C 02 00 F4 21 58 29 00 00 00 00 00 00 00 00 00 00 00 00 00 00 00 00 00 00 00 00 00 00 00 00 00 00 00 00 00 00 00 56 69 56 4F 74 65 63 68 32 00 02 57 00 7E E1 DF EE 26 02 E1 00 FF EE 08 66 DF EF 76 62 94 03 2F 61 73 76 94 01 06 69 04 02 71 79 79 71 54 03 1F 63 75 73 94 03 06 63 69 64 04 12 34 56 78 90 19 01 03 03 54 63 70 6C 00 65 6E 54 03 02 63 75 74 04 7B 54 03 27 61 73 76 94 01 05 69 05 01 F7 97 98 54 02 19 6C 79 94 03 09 6F 69 64 04 01 99 F4 19 DA 64 F6 FC 54 01 06 6E 05 F3 24 23 42 34 9F 39 01 07 FF EE 01 05 DF EE 30 01 00 74 D3 00 00 00 00 00 00 00 00 00 00 00 00 00 00 00 00 00 00 00 00 00 00 00 00 00 00 00 00 00 00 00 00 00 00 00 00 00 00 00 00 00 00 00 00 00 00 00 56 69 56 4F 74 65 63 68 32 00 61 01 00 10 03 00 00 02 00 45 4E 03 00 82 23 1C 02 00 00 20 F0 63 00 00 00 00 00 00 00 00 00 00 00 00 00 00 00 00 00 00 00 00 00 00 00 00 00 00 00 00 00 00 00  

 Set config -- 4.6 =============================================================

2026/9/15 14:18:59.431 [TX] - 56 69 56 4F 74 65 63 68 32 00 04 03 00 3F DF EE 2D 01 8E DF EE 3B 04 00 BC 61 4E DF EE 3C 00 DF EE 3D 00 DF EF 25 00 DF ED 01 00 DF ED 02 05 00 00 00 00 01 DF ED 03 01 01 DF ED 04 01 01 DF ED 05 01 01 DF ED 06 01 00 DF ED 07 01 00 AC 25 
2026/9/15 14:18:59.485 [RX] - 56 69 56 4F 74 65 63 68 32 00 04 00 00 00 AE 16 00 00 00 00 00 00 00 00 00 00 00 00 00 00 00 00 00 00 00 00 00 00 00 00 00 00 00 00 00 00 00 00 00 00 00 00 00 00 00 00 00 00 00 00 00 00 00  

 --- 02-40 case 4.6

2026/9/15 14:19:03.246 [TX] - 56 69 56 4F 74 65 63 68 32 00 02 40 00 1B 30 9F 02 06 00 00 00 00 00 01 9C 01 00 FF EE 08 0A DF EF 1A 01 0A DF ED 28 01 00 B6 14 
2026/9/15 14:19:03.283 [RX] - 56 69 56 4F 74 65 63 68 32 00 02 63 00 00 4B B4 00 00 00 00 00 00 00 00 00 00 00 00 00 00 00 00 00 00 00 00 00 00 00 00 00 00 00 00 00 00 00 00 00 00 00 00 00 00 00 00 00 00 00 00 00 00 00 56 69 56 4F 74 65 63 68 32 00 61 01 00 10 03 00 00 02 00 45 4E 03 00 82 1A 1C 02 00 F4 21 58 29 00 00 00 00 00 00 00 00 00 00 00 00 00 00 00 00 00 00 00 00 00 00 00 00 00 00 00 00 00 00 00 56 69 56 4F 74 65 63 68 32 00 61 01 00 10 03 00 00 02 00 45 4E 03 00 82 57 1C 02 00 00 60 FB 9A 00 00 00 00 00 00 00 00 00 00 00 00 00 00 00 00 00 00 00 00 00 00 00 00 00 00 00 00 00 00 00 56 69 56 4F 74 65 63 68 32 00 61 01 00 19 04 00 00 02 00 45 4E 0C 00 84 01 1C 04 24 1C 04 30 2E 30 31 1C 02 00 F4 21 62 DF 00 00 00 00 00 00 00 00 00 00 00 00 00 00 00 00 00 00 00 00 00 00 56 69 56 4F 74 65 63 68 32 00 02 57 00 7E E1 DF EE 26 02 E1 00 FF EE 08 66 DF EF 76 62 94 03 2F 61 73 76 94 01 06 69 04 02 71 79 79 71 54 03 1F 63 75 73 94 03 06 63 69 64 04 12 34 56 78 90 19 01 03 03 54 63 70 6C 00 65 6E 54 03 02 63 75 74 04 7B 54 03 27 61 73 76 94 01 05 69 05 01 F7 97 98 54 02 19 6C 79 94 03 09 6F 69 64 04 BB 1D 1C 9B 01 D9 5B C0 54 01 06 6E 05 F3 24 23 42 34 9F 39 01 07 FF EE 01 05 DF EE 30 01 00 36 40 00 00 00 00 00 00 00 00 00 00 00 00 00 00 00 00 00 00 00 00 00 00 00 00 00 00 00 00 00 00 00 00 00 00 00 00 00 00 00 00 00 00 00 00 00 00 00 56 69 56 4F 74 65 63 68 32 00 61 01 00 10 03 00 00 02 00 45 4E 03 00 82 23 1C 02 00 00 20 F0 63 00 00 00 00 00 00 00 00 00 00 00 00 00 00 00 00 00 00 00 00 00 00 00 00 00 00 00 00 00 00 00  

 Set config -- 4.7 =============================================================

2026/9/15 14:19:07.752 [TX] - 56 69 56 4F 74 65 63 68 32 00 04 03 00 3F DF EE 2D 01 8E DF EE 3B 04 00 BC 61 4E DF EE 3C 00 DF EE 3D 00 DF EF 25 00 DF ED 01 00 DF ED 02 05 70 00 00 00 01 DF ED 03 01 01 DF ED 04 01 01 DF ED 05 01 01 DF ED 06 01 00 DF ED 07 01 00 1F E0 
2026/9/15 14:19:07.808 [RX] - 56 69 56 4F 74 65 63 68 32 00 04 00 00 00 AE 16 00 00 00 00 00 00 00 00 00 00 00 00 00 00 00 00 00 00 00 00 00 00 00 00 00 00 00 00 00 00 00 00 00 00 00 00 00 00 00 00 00 00 00 00 00 00 00  

 --- 02-40 case 4.7

2026/9/15 14:19:10.749 [TX] - 56 69 56 4F 74 65 63 68 32 00 02 40 00 1B 30 9F 02 06 00 00 00 00 00 01 9C 01 00 FF EE 08 0A DF EF 1A 01 0A DF ED 28 01 00 B6 14 
2026/9/15 14:19:10.786 [RX] - 56 69 56 4F 74 65 63 68 32 00 02 63 00 00 4B B4 00 00 00 00 00 00 00 00 00 00 00 00 00 00 00 00 00 00 00 00 00 00 00 00 00 00 00 00 00 00 00 00 00 00 00 00 00 00 00 00 00 00 00 00 00 00 00 56 69 56 4F 74 65 63 68 32 00 61 01 00 10 03 00 00 02 00 45 4E 03 00 82 57 1C 02 00 00 60 FB 9A 00 00 00 00 00 00 00 00 00 00 00 00 00 00 00 00 00 00 00 00 00 00 00 00 00 00 00 00 00 00 00 56 69 56 4F 74 65 63 68 32 00 61 01 00 19 04 00 00 02 00 45 4E 0C 00 84 01 1C 04 24 1C 04 30 2E 30 31 1C 02 00 F4 21 62 DF 00 00 00 00 00 00 00 00 00 00 00 00 00 00 00 00 00 00 00 00 00 00 56 69 56 4F 74 65 63 68 32 00 61 01 00 10 03 00 00 02 00 45 4E 03 00 82 1A 1C 02 00 F4 21 58 29 00 00 00 00 00 00 00 00 00 00 00 00 00 00 00 00 00 00 00 00 00 00 00 00 00 00 00 00 00 00 00 56 69 56 4F 74 65 63 68 32 00 02 57 00 7E E1 DF EE 26 02 E1 00 FF EE 08 66 DF EF 76 62 94 03 2F 61 73 76 94 01 06 69 04 02 71 79 79 71 54 03 1F 63 75 73 94 03 06 63 69 64 04 12 34 56 78 90 19 01 03 03 54 63 70 6C 00 65 6E 54 03 02 63 75 74 04 7B 54 03 27 61 73 76 94 01 05 69 05 01 F7 97 98 54 02 19 6C 79 94 03 09 6F 69 64 04 E4 A2 ED CC FB 76 1C 12 54 01 06 6E 05 F3 24 23 42 34 9F 39 01 07 FF EE 01 05 DF EE 30 01 00 92 49 00 00 00 00 00 00 00 00 00 00 00 00 00 00 00 00 00 00 00 00 00 00 00 00 00 00 00 00 00 00 00 00 00 00 00 00 00 00 00 00 00 00 00 00 00 00 00 56 69 56 4F 74 65 63 68 32 00 61 01 00 10 03 00 00 02 00 45 4E 03 00 82 23 1C 02 00 00 20 F0 63 00 00 00 00 00 00 00 00 00 00 00 00 00 00 00 00 00 00 00 00 00 00 00 00 00 00 00 00 00 00 00  

 Set config -- 4.8 =============================================================

2026/9/15 14:19:15.643 [TX] - 56 69 56 4F 74 65 63 68 32 00 04 03 00 3F DF EE 2D 01 8E DF EE 3B 04 00 BC 61 4E DF EE 3C 00 DF EE 3D 00 DF EF 25 00 DF ED 01 00 DF ED 02 05 70 00 00 00 01 DF ED 03 01 00 DF ED 04 01 01 DF ED 05 01 01 DF ED 06 01 00 DF ED 07 01 00 E9 35 
2026/9/15 14:19:15.700 [RX] - 56 69 56 4F 74 65 63 68 32 00 04 00 00 00 AE 16 00 00 00 00 00 00 00 00 00 00 00 00 00 00 00 00 00 00 00 00 00 00 00 00 00 00 00 00 00 00 00 00 00 00 00 00 00 00 00 00 00 00 00 00 00 00 00  

 --- 02-40 case 4.8

2026/9/15 14:19:19.070 [TX] - 56 69 56 4F 74 65 63 68 32 00 02 40 00 1B 78 9F 02 06 00 00 00 00 00 01 9C 01 00 FF EE 08 0A DF EF 1A 01 0A DF ED 28 01 00 A3 B6 
2026/9/15 14:19:19.107 [RX] - 56 69 56 4F 74 65 63 68 32 00 02 63 00 00 4B B4 00 00 00 00 00 00 00 00 00 00 00 00 00 00 00 00 00 00 00 00 00 00 00 00 00 00 00 00 00 00 00 00 00 00 00 00 00 00 00 00 00 00 00 00 00 00 00 56 69 56 4F 74 65 63 68 32 00 61 01 00 10 03 00 00 02 00 45 4E 03 00 82 1A 1C 02 00 F4 21 58 29 00 00 00 00 00 00 00 00 00 00 00 00 00 00 00 00 00 00 00 00 00 00 00 00 00 00 00 00 00 00 00 56 69 56 4F 74 65 63 68 32 00 61 01 00 10 03 00 00 02 00 45 4E 03 00 82 57 1C 02 00 00 60 FB 9A 00 00 00 00 00 00 00 00 00 00 00 00 00 00 00 00 00 00 00 00 00 00 00 00 00 00 00 00 00 00 00 56 69 56 4F 74 65 63 68 32 00 61 01 00 19 04 00 00 02 00 45 4E 0C 00 84 01 1C 04 24 1C 04 30 2E 30 31 1C 02 00 F4 21 62 DF 00 00 00 00 00 00 00 00 00 00 00 00 00 00 00 00 00 00 00 00 00 00 56 69 56 4F 74 65 63 68 32 00 02 57 00 20 E1 DF EE 26 02 E1 00 FF EE 08 08 DF EE 02 04 20 93 00 0E 9F 39 01 07 FF EE 01 05 DF EE 30 01 00 C3 6D 00 00 00 00 00 00 00 00 00 00 00 00 00 00 00 56 69 56 4F 74 65 63 68 32 00 61 01 00 10 03 00 00 02 00 45 4E 03 00 82 23 1C 02 00 00 20 F0 63 00 00 00 00 00 00 00 00 00 00 00 00 00 00 00 00 00 00 00 00 00 00 00 00 00 00 00 00 00 00 00  

 Set config -- 4.9 =============================================================

2026/9/15 14:19:24.550 [TX] - 56 69 56 4F 74 65 63 68 32 00 04 03 00 3F DF EE 2D 01 8E DF EE 3B 04 00 BC 61 4E DF EE 3C 00 DF EE 3D 00 DF EF 25 00 DF ED 01 00 DF ED 02 05 70 00 00 00 01 DF ED 03 01 00 DF ED 04 01 01 DF ED 05 01 01 DF ED 06 01 00 DF ED 07 01 00 E9 35 
2026/9/15 14:19:24.580 [RX] - 56 69 56 4F 74 65 63 68 32 00 04 00 00 00 AE 16 00 00 00 00 00 00 00 00 00 00 00 00 00 00 00 00 00 00 00 00 00 00 00 00 00 00 00 00 00 00 00 00 00 00 00 00 00 00 00 00 00 00 00 00 00 00 00  

 --- 02-40 case 4.9

2026/9/15 14:19:27.246 [TX] - 56 69 56 4F 74 65 63 68 32 00 02 40 00 1B 78 9F 02 06 00 00 00 00 00 01 9C 01 00 FF EE 08 0A DF EF 1A 01 0A DF ED 28 01 00 A3 B6 
2026/9/15 14:19:27.282 [RX] - 56 69 56 4F 74 65 63 68 32 00 02 63 00 00 4B B4 00 00 00 00 00 00 00 00 00 00 00 00 00 00 00 00 00 00 00 00 00 00 00 00 00 00 00 00 00 00 00 00 00 00 00 00 00 00 00 00 00 00 00 00 00 00 00 56 69 56 4F 74 65 63 68 32 00 61 01 00 10 03 00 00 02 00 45 4E 03 00 82 57 1C 02 00 00 60 FB 9A 00 00 00 00 00 00 00 00 00 00 00 00 00 00 00 00 00 00 00 00 00 00 00 00 00 00 00 00 00 00 00 56 69 56 4F 74 65 63 68 32 00 61 01 00 19 04 00 00 02 00 45 4E 0C 00 84 01 1C 04 24 1C 04 30 2E 30 31 1C 02 00 F4 21 62 DF 00 00 00 00 00 00 00 00 00 00 00 00 00 00 00 00 00 00 00 00 00 00 56 69 56 4F 74 65 63 68 32 00 61 01 00 10 03 00 00 02 00 45 4E 03 00 82 1A 1C 02 00 F4 21 58 29 00 00 00 00 00 00 00 00 00 00 00 00 00 00 00 00 00 00 00 00 00 00 00 00 00 00 00 00 00 00 00 56 69 56 4F 74 65 63 68 32 00 02 57 00 20 E1 DF EE 26 02 E1 00 FF EE 08 08 DF EE 02 04 20 93 01 0E 9F 39 01 07 FF EE 01 05 DF EE 30 01 00 6D 91 00 00 00 00 00 00 00 00 00 00 00 00 00 00 00 56 69 56 4F 74 65 63 68 32 00 61 01 00 10 03 00 00 02 00 45 4E 03 00 82 23 1C 02 00 00 20 F0 63 00 00 00 00 00 00 00 00 00 00 00 00 00 00 00 00 00 00 00 00 00 00 00 00 00 00 00 00 00 00 00  

 Set config -- 4.10 =============================================================

2026/9/15 14:19:32.021 [TX] - 56 69 56 4F 74 65 63 68 32 00 04 03 00 3F DF EE 2D 01 8E DF EE 3B 04 00 BC 61 4E DF EE 3C 00 DF EE 3D 00 DF EF 25 00 DF ED 01 00 DF ED 02 05 00 00 00 00 01 DF ED 03 01 00 DF ED 04 01 01 DF ED 05 01 01 DF ED 06 01 00 DF ED 07 01 00 5A F0 
2026/9/15 14:19:32.074 [RX] - 56 69 56 4F 74 65 63 68 32 00 04 00 00 00 AE 16 00 00 00 00 00 00 00 00 00 00 00 00 00 00 00 00 00 00 00 00 00 00 00 00 00 00 00 00 00 00 00 00 00 00 00 00 00 00 00 00 00 00 00 00 00 00 00  

 --- 02-40 case 4.10

2026/9/15 14:19:35.742 [TX] - 56 69 56 4F 74 65 63 68 32 00 02 40 00 1B 78 9F 02 06 00 00 00 00 00 01 9C 01 00 FF EE 08 0A DF EF 1A 01 0A DF ED 28 01 00 A3 B6 
2026/9/15 14:19:35.777 [RX] - 56 69 56 4F 74 65 63 68 32 00 02 63 00 00 4B B4 00 00 00 00 00 00 00 00 00 00 00 00 00 00 00 00 00 00 00 00 00 00 00 00 00 00 00 00 00 00 00 00 00 00 00 00 00 00 00 00 00 00 00 00 00 00 00 56 69 56 4F 74 65 63 68 32 00 61 01 00 10 03 00 00 02 00 45 4E 03 00 82 1A 1C 02 00 F4 21 58 29 00 00 00 00 00 00 00 00 00 00 00 00 00 00 00 00 00 00 00 00 00 00 00 00 00 00 00 00 00 00 00 56 69 56 4F 74 65 63 68 32 00 61 01 00 10 03 00 00 02 00 45 4E 03 00 82 57 1C 02 00 00 60 FB 9A 00 00 00 00 00 00 00 00 00 00 00 00 00 00 00 00 00 00 00 00 00 00 00 00 00 00 00 00 00 00 00 56 69 56 4F 74 65 63 68 32 00 61 01 00 19 04 00 00 02 00 45 4E 0C 00 84 01 1C 04 24 1C 04 30 2E 30 31 1C 02 00 F4 21 62 DF 00 00 00 00 00 00 00 00 00 00 00 00 00 00 00 00 00 00 00 00 00 00 56 69 56 4F 74 65 63 68 32 00 02 57 00 20 E1 DF EE 26 02 E1 00 FF EE 08 08 DF EE 02 04 20 93 69 0E 9F 39 01 07 FF EE 01 05 DF EE 30 01 00 FD C9 00 00 00 00 00 00 00 00 00 00 00 00 00 00 00 56 69 56 4F 74 65 63 68 32 00 61 01 00 10 03 00 00 02 00 45 4E 03 00 82 23 1C 02 00 00 20 F0 63 00 00 00 00 00 00 00 00 00 00 00 00 00 00 00 00 00 00 00 00 00 00 00 00 00 00 00 00 00 00 00  

 Set config -- 4.11 =============================================================

2026/9/15 14:19:41.060 [TX] - 56 69 56 4F 74 65 63 68 32 00 04 03 00 3F DF EE 2D 01 8E DF EE 3B 04 00 BC 61 4E DF EE 3C 00 DF EE 3D 00 DF EF 25 00 DF ED 01 00 DF ED 02 05 70 00 00 00 01 DF ED 03 01 01 DF ED 04 01 01 DF ED 05 01 01 DF ED 06 01 00 DF ED 07 01 00 1F E0 
2026/9/15 14:19:41.144 [RX] - 56 69 56 4F 74 65 63 68 32 00 04 00 00 00 AE 16 00 00 00 00 00 00 00 00 00 00 00 00 00 00 00 00 00 00 00 00 00 00 00 00 00 00 00 00 00 00 00 00 00 00 00 00 00 00 00 00 00 00 00 00 00 00 00  

 --- 02-40 case 4.11

2026/9/15 14:19:43.597 [TX] - 56 69 56 4F 74 65 63 68 32 00 02 40 00 1B 30 9F 02 06 00 00 00 00 00 01 9C 01 00 FF EE 08 0A DF EF 1A 01 0A DF ED 28 01 00 B6 14 
2026/9/15 14:19:43.633 [RX] - 56 69 56 4F 74 65 63 68 32 00 02 63 00 00 4B B4 00 00 00 00 00 00 00 00 00 00 00 00 00 00 00 00 00 00 00 00 00 00 00 00 00 00 00 00 00 00 00 00 00 00 00 00 00 00 00 00 00 00 00 00 00 00 00 56 69 56 4F 74 65 63 68 32 00 61 01 00 10 03 00 00 02 00 45 4E 03 00 82 1A 1C 02 00 F4 21 58 29 00 00 00 00 00 00 00 00 00 00 00 00 00 00 00 00 00 00 00 00 00 00 00 00 00 00 00 00 00 00 00 56 69 56 4F 74 65 63 68 32 00 61 01 00 10 03 00 00 02 00 45 4E 03 00 82 57 1C 02 00 00 60 FB 9A 00 00 00 00 00 00 00 00 00 00 00 00 00 00 00 00 00 00 00 00 00 00 00 00 00 00 00 00 00 00 00 56 69 56 4F 74 65 63 68 32 00 61 01 00 19 04 00 00 02 00 45 4E 0C 00 84 01 1C 04 24 1C 04 30 2E 30 31 1C 02 00 F4 21 62 DF 00 00 00 00 00 00 00 00 00 00 00 00 00 00 00 00 00 00 00 00 00 00 56 69 56 4F 74 65 63 68 32 00 02 57 00 7E E1 DF EE 26 02 E1 00 FF EE 08 66 DF EF 76 62 94 03 2F 61 73 76 94 01 06 69 04 02 71 79 79 71 54 03 1F 63 75 73 94 03 06 63 69 64 04 12 34 56 78 90 19 01 03 03 54 63 70 6C 00 65 6E 54 03 02 63 75 74 04 7B 54 03 27 61 73 76 94 01 05 69 05 01 F7 97 98 54 02 19 6C 79 94 03 09 6F 69 64 04 B2 20 09 9D 02 B7 0D 35 54 01 06 6E 05 F3 24 23 42 34 9F 39 01 07 FF EE 01 05 DF EE 30 01 00 1E 3A 00 00 00 00 00 00 00 00 00 00 00 00 00 00 00 00 00 00 00 00 00 00 00 00 00 00 00 00 00 00 00 00 00 00 00 00 00 00 00 00 00 00 00 00 00 00 00 56 69 56 4F 74 65 63 68 32 00 61 01 00 10 03 00 00 02 00 45 4E 03 00 82 23 1C 02 00 00 20 F0 63 00 00 00 00 00 00 00 00 00 00 00 00 00 00 00 00 00 00 00 00 00 00 00 00 00 00 00 00 00 00 00  

 Set config -- 4.12 =============================================================

2026/9/15 14:19:48.264 [TX] - 56 69 56 4F 74 65 63 68 32 00 04 03 00 3F DF EE 2D 01 8E DF EE 3B 04 00 BC 61 4E DF EE 3C 00 DF EE 3D 00 DF EF 25 00 DF ED 01 00 DF ED 02 05 70 00 00 00 01 DF ED 03 01 01 DF ED 04 01 01 DF ED 05 01 01 DF ED 06 01 00 DF ED 07 01 00 1F E0 
2026/9/15 14:19:48.293 [RX] - 56 69 56 4F 74 65 63 68 32 00 04 00 00 00 AE 16 00 00 00 00 00 00 00 00 00 00 00 00 00 00 00 00 00 00 00 00 00 00 00 00 00 00 00 00 00 00 00 00 00 00 00 00 00 00 00 00 00 00 00 00 00 00 00  

 --- 02-40 case 4.12

2026/9/15 14:19:51.886 [TX] - 56 69 56 4F 74 65 63 68 32 00 02 40 00 1B 30 9F 02 06 00 00 00 00 00 01 9C 01 00 FF EE 08 0A DF EF 1A 01 0A DF ED 28 01 00 B6 14 
2026/9/15 14:19:51.921 [RX] - 56 69 56 4F 74 65 63 68 32 00 02 63 00 00 4B B4 00 00 00 00 00 00 00 00 00 00 00 00 00 00 00 00 00 00 00 00 00 00 00 00 00 00 00 00 00 00 00 00 00 00 00 00 00 00 00 00 00 00 00 00 00 00 00 56 69 56 4F 74 65 63 68 32 00 61 01 00 10 03 00 00 02 00 45 4E 03 00 82 57 1C 02 00 00 60 FB 9A 00 00 00 00 00 00 00 00 00 00 00 00 00 00 00 00 00 00 00 00 00 00 00 00 00 00 00 00 00 00 00 56 69 56 4F 74 65 63 68 32 00 61 01 00 19 04 00 00 02 00 45 4E 0C 00 84 01 1C 04 24 1C 04 30 2E 30 31 1C 02 00 F4 21 62 DF 00 00 00 00 00 00 00 00 00 00 00 00 00 00 00 00 00 00 00 00 00 00 56 69 56 4F 74 65 63 68 32 00 61 01 00 10 03 00 00 02 00 45 4E 03 00 82 1A 1C 02 00 F4 21 58 29 00 00 00 00 00 00 00 00 00 00 00 00 00 00 00 00 00 00 00 00 00 00 00 00 00 00 00 00 00 00 00 56 69 56 4F 74 65 63 68 32 00 02 57 00 7E E1 DF EE 26 02 E1 00 FF EE 08 66 DF EF 76 62 94 03 2F 61 73 76 94 01 06 69 04 02 71 79 79 71 54 03 1F 63 75 73 94 03 06 63 69 64 04 12 34 56 78 90 19 01 03 03 54 63 70 6C 00 65 6E 54 03 02 63 75 74 04 7B 54 03 27 61 73 76 94 01 05 69 05 01 F7 97 98 54 02 19 6C 79 94 03 09 6F 69 64 04 C8 1D 5C AC A3 6D A2 F9 54 01 06 6E 05 F3 24 23 42 34 9F 39 01 07 FF EE 01 05 DF EE 30 01 00 08 3C 00 00 00 00 00 00 00 00 00 00 00 00 00 00 00 00 00 00 00 00 00 00 00 00 00 00 00 00 00 00 00 00 00 00 00 00 00 00 00 00 00 00 00 00 00 00 00 56 69 56 4F 74 65 63 68 32 00 61 01 00 10 03 00 00 02 00 45 4E 03 00 82 23 1C 02 00 00 20 F0 63 00 00 00 00 00 00 00 00 00 00 00 00 00 00 00 00 00 00 00 00 00 00 00 00 00 00 00 00 00 00 00  

 Set config -- 4.13 =============================================================

2026/9/15 14:19:56.330 [TX] - 56 69 56 4F 74 65 63 68 32 00 04 03 00 3F DF EE 2D 01 8E DF EE 3B 04 00 BC 61 4E DF EE 3C 00 DF EE 3D 00 DF EF 25 00 DF ED 01 00 DF ED 02 05 70 00 00 00 01 DF ED 03 01 01 DF ED 04 01 01 DF ED 05 01 01 DF ED 06 01 00 DF ED 07 01 00 1F E0 
2026/9/15 14:19:56.358 [RX] - 56 69 56 4F 74 65 63 68 32 00 04 00 00 00 AE 16 00 00 00 00 00 00 00 00 00 00 00 00 00 00 00 00 00 00 00 00 00 00 00 00 00 00 00 00 00 00 00 00 00 00 00 00 00 00 00 00 00 00 00 00 00 00 00  

 --- 02-40 case 4.13

2026/9/15 14:19:58.990 [TX] - 56 69 56 4F 74 65 63 68 32 00 02 40 00 1B 30 9F 02 06 00 00 00 00 00 01 9C 01 00 FF EE 08 0A DF EF 1A 01 0A DF ED 28 01 00 B6 14 
2026/9/15 14:19:59.025 [RX] - 56 69 56 4F 74 65 63 68 32 00 02 63 00 00 4B B4 00 00 00 00 00 00 00 00 00 00 00 00 00 00 00 00 00 00 00 00 00 00 00 00 00 00 00 00 00 00 00 00 00 00 00 00 00 00 00 00 00 00 00 00 00 00 00 56 69 56 4F 74 65 63 68 32 00 61 01 00 10 03 00 00 02 00 45 4E 03 00 82 57 1C 02 00 00 60 FB 9A 00 00 00 00 00 00 00 00 00 00 00 00 00 00 00 00 00 00 00 00 00 00 00 00 00 00 00 00 00 00 00 56 69 56 4F 74 65 63 68 32 00 61 01 00 19 04 00 00 02 00 45 4E 0C 00 84 01 1C 04 24 1C 04 30 2E 30 31 1C 02 00 F4 21 62 DF 00 00 00 00 00 00 00 00 00 00 00 00 00 00 00 00 00 00 00 00 00 00 56 69 56 4F 74 65 63 68 32 00 61 01 00 10 03 00 00 02 00 45 4E 03 00 82 1A 1C 02 00 F4 21 58 29 00 00 00 00 00 00 00 00 00 00 00 00 00 00 00 00 00 00 00 00 00 00 00 00 00 00 00 00 00 00 00 56 69 56 4F 74 65 63 68 32 00 02 57 00 7E E1 DF EE 26 02 E1 00 FF EE 08 66 DF EF 76 62 94 03 2F 61 73 76 94 01 06 69 04 02 71 79 79 71 54 03 1F 63 75 73 94 03 06 63 69 64 04 12 34 56 78 90 19 01 03 03 54 63 70 6C 00 65 6E 54 03 02 63 75 74 04 7B 54 03 27 61 73 76 94 01 05 69 05 01 F7 97 98 54 02 19 6C 79 94 03 09 6F 69 64 04 14 28 46 02 7F FF 6E 84 54 01 06 6E 05 F3 24 23 42 34 9F 39 01 07 FF EE 01 05 DF EE 30 01 00 6D 04 00 00 00 00 00 00 00 00 00 00 00 00 00 00 00 00 00 00 00 00 00 00 00 00 00 00 00 00 00 00 00 00 00 00 00 00 00 00 00 00 00 00 00 00 00 00 00 56 69 56 4F 74 65 63 68 32 00 61 01 00 10 03 00 00 02 00 45 4E 03 00 82 23 1C 02 00 00 20 F0 63 00 00 00 00 00 00 00 00 00 00 00 00 00 00 00 00 00 00 00 00 00 00 00 00 00 00 00 00 00 00 00  

 Set config -- 4.14 =============================================================

2026/9/15 14:20:03.044 [TX] - 56 69 56 4F 74 65 63 68 32 00 04 03 00 3F DF EE 2D 01 8E DF EE 3B 04 00 BC 61 4E DF EE 3C 00 DF EE 3D 00 DF EF 25 00 DF ED 01 00 DF ED 02 05 70 00 00 00 01 DF ED 03 01 01 DF ED 04 01 01 DF ED 05 01 01 DF ED 06 01 00 DF ED 07 01 00 1F E0 
2026/9/15 14:20:03.072 [RX] - 56 69 56 4F 74 65 63 68 32 00 04 00 00 00 AE 16 00 00 00 00 00 00 00 00 00 00 00 00 00 00 00 00 00 00 00 00 00 00 00 00 00 00 00 00 00 00 00 00 00 00 00 00 00 00 00 00 00 00 00 00 00 00 00  

 --- 02-40 case 4.14

2026/9/15 14:20:06.495 [TX] - 56 69 56 4F 74 65 63 68 32 00 02 40 00 1B 30 9F 02 06 00 00 00 00 00 01 9C 01 00 FF EE 08 0A DF EF 1A 01 0A DF ED 28 01 00 B6 14 
2026/9/15 14:20:06.531 [RX] - 56 69 56 4F 74 65 63 68 32 00 02 63 00 00 4B B4 00 00 00 00 00 00 00 00 00 00 00 00 00 00 00 00 00 00 00 00 00 00 00 00 00 00 00 00 00 00 00 00 00 00 00 00 00 00 00 00 00 00 00 00 00 00 00 56 69 56 4F 74 65 63 68 32 00 61 01 00 10 03 00 00 02 00 45 4E 03 00 82 57 1C 02 00 00 60 FB 9A 00 00 00 00 00 00 00 00 00 00 00 00 00 00 00 00 00 00 00 00 00 00 00 00 00 00 00 00 00 00 00 56 69 56 4F 74 65 63 68 32 00 61 01 00 19 04 00 00 02 00 45 4E 0C 00 84 01 1C 04 24 1C 04 30 2E 30 31 1C 02 00 F4 21 62 DF 00 00 00 00 00 00 00 00 00 00 00 00 00 00 00 00 00 00 00 00 00 00 56 69 56 4F 74 65 63 68 32 00 61 01 00 10 03 00 00 02 00 45 4E 03 00 82 1A 1C 02 00 F4 21 58 29 00 00 00 00 00 00 00 00 00 00 00 00 00 00 00 00 00 00 00 00 00 00 00 00 00 00 00 00 00 00 00 56 69 56 4F 74 65 63 68 32 00 02 57 00 7E E1 DF EE 26 02 E1 00 FF EE 08 66 DF EF 76 62 94 03 2F 61 73 76 94 01 06 69 04 02 71 79 79 71 54 03 1F 63 75 73 94 03 06 63 69 64 04 12 34 56 78 90 19 01 03 03 54 63 70 6C 00 65 6E 54 03 02 63 75 74 04 7B 54 03 27 61 73 76 94 01 05 69 05 01 F7 97 98 54 02 19 6C 79 94 03 09 6F 69 64 04 E3 23 A7 1F E1 04 59 FD 54 01 06 6E 05 F3 24 23 42 34 9F 39 01 07 FF EE 01 05 DF EE 30 01 00 D7 E2 00 00 00 00 00 00 00 00 00 00 00 00 00 00 00 00 00 00 00 00 00 00 00 00 00 00 00 00 00 00 00 00 00 00 00 00 00 00 00 00 00 00 00 00 00 00 00 56 69 56 4F 74 65 63 68 32 00 61 01 00 10 03 00 00 02 00 45 4E 03 00 82 23 1C 02 00 00 20 F0 63 00 00 00 00 00 00 00 00 00 00 00 00 00 00 00 00 00 00 00 00 00 00 00 00 00 00 00 00 00 00 00  

 Set config -- 4.15 =============================================================

2026/9/15 14:20:10.650 [TX] - 56 69 56 4F 74 65 63 68 32 00 04 03 00 3F DF EE 2D 01 8E DF EE 3B 04 00 BC 61 4E DF EE 3C 00 DF EE 3D 00 DF EF 25 00 DF ED 01 00 DF ED 02 05 70 00 00 00 01 DF ED 03 01 01 DF ED 04 01 01 DF ED 05 01 01 DF ED 06 01 00 DF ED 07 01 00 1F E0 
2026/9/15 14:20:10.679 [RX] - 56 69 56 4F 74 65 63 68 32 00 04 00 00 00 AE 16 00 00 00 00 00 00 00 00 00 00 00 00 00 00 00 00 00 00 00 00 00 00 00 00 00 00 00 00 00 00 00 00 00 00 00 00 00 00 00 00 00 00 00 00 00 00 00  

 --- 02-40 case 4.15

2026/9/15 14:20:13.281 [TX] - 56 69 56 4F 74 65 63 68 32 00 02 40 00 1B 30 9F 02 06 00 00 00 00 00 01 9C 01 00 FF EE 08 0A DF EF 1A 01 0A DF ED 28 01 00 B6 14 
2026/9/15 14:20:13.316 [RX] - 56 69 56 4F 74 65 63 68 32 00 02 63 00 00 4B B4 00 00 00 00 00 00 00 00 00 00 00 00 00 00 00 00 00 00 00 00 00 00 00 00 00 00 00 00 00 00 00 00 00 00 00 00 00 00 00 00 00 00 00 00 00 00 00 56 69 56 4F 74 65 63 68 32 00 61 01 00 10 03 00 00 02 00 45 4E 03 00 82 57 1C 02 00 00 60 FB 9A 00 00 00 00 00 00 00 00 00 00 00 00 00 00 00 00 00 00 00 00 00 00 00 00 00 00 00 00 00 00 00 56 69 56 4F 74 65 63 68 32 00 61 01 00 19 04 00 00 02 00 45 4E 0C 00 84 01 1C 04 24 1C 04 30 2E 30 31 1C 02 00 F4 21 62 DF 00 00 00 00 00 00 00 00 00 00 00 00 00 00 00 00 00 00 00 00 00 00 56 69 56 4F 74 65 63 68 32 00 61 01 00 10 03 00 00 02 00 45 4E 03 00 82 1A 1C 02 00 F4 21 58 29 00 00 00 00 00 00 00 00 00 00 00 00 00 00 00 00 00 00 00 00 00 00 00 00 00 00 00 00 00 00 00 56 69 56 4F 74 65 63 68 32 00 02 57 00 7E E1 DF EE 26 02 E1 00 FF EE 08 66 DF EF 76 62 94 03 2F 61 73 76 94 01 06 69 04 02 71 79 79 71 54 03 1F 63 75 73 94 03 06 63 69 64 04 12 34 56 78 90 19 01 03 03 54 63 70 6C 00 65 6E 54 03 02 63 75 74 04 7B 54 03 27 61 73 76 94 01 05 69 05 01 F7 97 98 54 02 19 6C 79 94 03 09 6F 69 64 04 2D DF 44 01 EC 10 D3 27 54 01 06 6E 05 F3 24 23 42 34 9F 39 01 07 FF EE 01 05 DF EE 30 01 00 FC 46 00 00 00 00 00 00 00 00 00 00 00 00 00 00 00 00 00 00 00 00 00 00 00 00 00 00 00 00 00 00 00 00 00 00 00 00 00 00 00 00 00 00 00 00 00 00 00 56 69 56 4F 74 65 63 68 32 00 61 01 00 10 03 00 00 02 00 45 4E 03 00 82 23 1C 02 00 00 20 F0 63 00 00 00 00 00 00 00 00 00 00 00 00 00 00 00 00 00 00 00 00 00 00 00 00 00 00 00 00 00 00 00  

 Set config -- 4.16 =============================================================

2026/9/15 14:20:17.549 [TX] - 56 69 56 4F 74 65 63 68 32 00 04 03 00 3F DF EE 2D 01 8E DF EE 3B 04 00 BC 61 4E DF EE 3C 00 DF EE 3D 00 DF EF 25 00 DF ED 01 00 DF ED 02 05 70 00 00 00 01 DF ED 03 01 00 DF ED 04 01 01 DF ED 05 01 01 DF ED 06 01 00 DF ED 07 01 00 E9 35 
2026/9/15 14:20:17.601 [RX] - 56 69 56 4F 74 65 63 68 32 00 04 00 00 00 AE 16 00 00 00 00 00 00 00 00 00 00 00 00 00 00 00 00 00 00 00 00 00 00 00 00 00 00 00 00 00 00 00 00 00 00 00 00 00 00 00 00 00 00 00 00 00 00 00  

 --- 02-40 case 4.16

2026/9/15 14:20:20.974 [TX] - 56 69 56 4F 74 65 63 68 32 00 02 40 00 1B 30 9F 02 06 00 00 00 00 00 01 9C 01 00 FF EE 08 0A DF EF 1A 01 0A DF ED 28 01 00 B6 14 
2026/9/15 14:20:21.009 [RX] - 56 69 56 4F 74 65 63 68 32 00 02 63 00 00 4B B4 00 00 00 00 00 00 00 00 00 00 00 00 00 00 00 00 00 00 00 00 00 00 00 00 00 00 00 00 00 00 00 00 00 00 00 00 00 00 00 00 00 00 00 00 00 00 00 56 69 56 4F 74 65 63 68 32 00 61 01 00 10 03 00 00 02 00 45 4E 03 00 82 57 1C 02 00 00 60 FB 9A 00 00 00 00 00 00 00 00 00 00 00 00 00 00 00 00 00 00 00 00 00 00 00 00 00 00 00 00 00 00 00 56 69 56 4F 74 65 63 68 32 00 61 01 00 10 03 00 00 02 00 45 4E 03 00 82 1A 1C 02 00 F4 21 58 29 00 00 00 00 00 00 00 00 00 00 00 00 00 00 00 00 00 00 00 00 00 00 00 00 00 00 00 00 00 00 00 56 69 56 4F 74 65 63 68 32 00 61 01 00 19 04 00 00 02 00 45 4E 0C 00 84 01 1C 04 24 1C 04 30 2E 30 31 1C 02 00 F4 21 62 DF 00 00 00 00 00 00 00 00 00 00 00 00 00 00 00 00 00 00 00 00 00 00 56 69 56 4F 74 65 63 68 32 00 02 57 00 1C E1 DF EE 26 02 E1 00 FF EE 08 04 DF EF 76 00 9F 39 01 07 FF EE 01 05 DF EE 30 01 00 A3 5B 00 00 00 00 00 00 00 00 00 00 00 00 00 00 00 00 00 00 00 56 69 56 4F 74 65 63 68 32 00 61 01 00 10 03 00 00 02 00 45 4E 03 00 82 23 1C 02 00 00 20 F0 63 00 00 00 00 00 00 00 00 00 00 00 00 00 00 00 00 00 00 00 00 00 00 00 00 00 00 00 00 00 00 00  

 Set config -- 4.17 =============================================================

2026/9/15 14:20:26.078 [TX] - 56 69 56 4F 74 65 63 68 32 00 04 03 00 3F DF EE 2D 01 8E DF EE 3B 04 00 BC 61 4E DF EE 3C 00 DF EE 3D 00 DF EF 25 00 DF ED 01 00 DF ED 02 05 70 00 00 00 01 DF ED 03 01 00 DF ED 04 01 01 DF ED 05 01 01 DF ED 06 01 00 DF ED 07 01 00 E9 35 
2026/9/15 14:20:26.107 [RX] - 56 69 56 4F 74 65 63 68 32 00 04 00 00 00 AE 16 00 00 00 00 00 00 00 00 00 00 00 00 00 00 00 00 00 00 00 00 00 00 00 00 00 00 00 00 00 00 00 00 00 00 00 00 00 00 00 00 00 00 00 00 00 00 00  

 --- 02-40 case 4.17

2026/9/15 14:20:28.895 [TX] - 56 69 56 4F 74 65 63 68 32 00 02 40 00 1B 30 9F 02 06 00 00 00 00 00 01 9C 01 00 FF EE 08 0A DF EF 1A 01 0A DF ED 28 01 00 B6 14 
2026/9/15 14:20:28.931 [RX] - 56 69 56 4F 74 65 63 68 32 00 02 63 00 00 4B B4 00 00 00 00 00 00 00 00 00 00 00 00 00 00 00 00 00 00 00 00 00 00 00 00 00 00 00 00 00 00 00 00 00 00 00 00 00 00 00 00 00 00 00 00 00 00 00 56 69 56 4F 74 65 63 68 32 00 61 01 00 10 03 00 00 02 00 45 4E 03 00 82 57 1C 02 00 00 60 FB 9A 00 00 00 00 00 00 00 00 00 00 00 00 00 00 00 00 00 00 00 00 00 00 00 00 00 00 00 00 00 00 00 56 69 56 4F 74 65 63 68 32 00 61 01 00 19 04 00 00 02 00 45 4E 0C 00 84 01 1C 04 24 1C 04 30 2E 30 31 1C 02 00 F4 21 62 DF 00 00 00 00 00 00 00 00 00 00 00 00 00 00 00 00 00 00 00 00 00 00 56 69 56 4F 74 65 63 68 32 00 61 01 00 10 03 00 00 02 00 45 4E 03 00 82 1A 1C 02 00 F4 21 58 29 00 00 00 00 00 00 00 00 00 00 00 00 00 00 00 00 00 00 00 00 00 00 00 00 00 00 00 00 00 00 00 56 69 56 4F 74 65 63 68 32 00 02 57 00 20 E1 DF EE 26 02 E1 00 FF EE 08 08 DF EE 02 04 20 95 32 0E 9F 39 01 07 FF EE 01 05 DF EE 30 01 00 9D 91 00 00 00 00 00 00 00 00 00 00 00 00 00 00 00 56 69 56 4F 74 65 63 68 32 00 61 01 00 10 03 00 00 02 00 45 4E 03 00 82 23 1C 02 00 00 20 F0 63 00 00 00 00 00 00 00 00 00 00 00 00 00 00 00 00 00 00 00 00 00 00 00 00 00 00 00 00 00 00 00  

 Set config -- 4.18 =============================================================

2026/9/15 14:20:34.084 [TX] - 56 69 56 4F 74 65 63 68 32 00 04 03 00 3F DF EE 2D 01 8E DF EE 3B 04 00 BC 61 4E DF EE 3C 00 DF EE 3D 00 DF EF 25 00 DF ED 01 00 DF ED 02 05 70 00 00 00 01 DF ED 03 01 00 DF ED 04 01 01 DF ED 05 01 01 DF ED 06 01 00 DF ED 07 01 00 E9 35 
2026/9/15 14:20:34.114 [RX] - 56 69 56 4F 74 65 63 68 32 00 04 00 00 00 AE 16 00 00 00 00 00 00 00 00 00 00 00 00 00 00 00 00 00 00 00 00 00 00 00 00 00 00 00 00 00 00 00 00 00 00 00 00 00 00 00 00 00 00 00 00 00 00 00  

 --- 02-40 case 4.18

2026/9/15 14:20:37.777 [TX] - 56 69 56 4F 74 65 63 68 32 00 02 40 00 1B 30 9F 02 06 00 00 00 00 00 01 9C 01 00 FF EE 08 0A DF EF 1A 01 0A DF ED 28 01 00 B6 14 
2026/9/15 14:20:37.814 [RX] - 56 69 56 4F 74 65 63 68 32 00 02 63 00 00 4B B4 00 00 00 00 00 00 00 00 00 00 00 00 00 00 00 00 00 00 00 00 00 00 00 00 00 00 00 00 00 00 00 00 00 00 00 00 00 00 00 00 00 00 00 00 00 00 00 56 69 56 4F 74 65 63 68 32 00 61 01 00 10 03 00 00 02 00 45 4E 03 00 82 57 1C 02 00 00 60 FB 9A 00 00 00 00 00 00 00 00 00 00 00 00 00 00 00 00 00 00 00 00 00 00 00 00 00 00 00 00 00 00 00 56 69 56 4F 74 65 63 68 32 00 61 01 00 19 04 00 00 02 00 45 4E 0C 00 84 01 1C 04 24 1C 04 30 2E 30 31 1C 02 00 F4 21 62 DF 00 00 00 00 00 00 00 00 00 00 00 00 00 00 00 00 00 00 00 00 00 00 56 69 56 4F 74 65 63 68 32 00 61 01 00 10 03 00 00 02 00 45 4E 03 00 82 1A 1C 02 00 F4 21 58 29 00 00 00 00 00 00 00 00 00 00 00 00 00 00 00 00 00 00 00 00 00 00 00 00 00 00 00 00 00 00 00 56 69 56 4F 74 65 63 68 32 00 02 57 00 20 E1 DF EE 26 02 E1 00 FF EE 08 08 DF EE 02 04 20 98 17 0E 9F 39 01 07 FF EE 01 05 DF EE 30 01 00 0C B8 00 00 00 00 00 00 00 00 00 00 00 00 00 00 00 56 69 56 4F 74 65 63 68 32 00 61 01 00 10 03 00 00 02 00 45 4E 03 00 82 23 1C 02 00 00 20 F0 63 00 00 00 00 00 00 00 00 00 00 00 00 00 00 00 00 00 00 00 00 00 00 00 00 00 00 00 00 00 00 00  

 ---------- END OF TEST ----------

 Result = PASSED


Docklight Log File (HEX) - Stopped 2026/9/15 14:20:43.522 

