Docklight Log File (HEX) - Started 2026/9/14 10:28:42.322 
 TEST CASE: CR032-2

 --- Set POS COM PORT Settings
 Set POS COM PORT...
 POS operating on COM90 @ 115200 baud...
 Set POS COM PORT - COMPLETE

 --- PassThrough-----START

2026/9/14 10:28:43.540 [TX] - 56 69 56 4F 74 65 63 68 32 00 2C 01 00 01 01 1D 19 
2026/9/14 10:28:43.554 [RX] - 56 69 56 4F 74 65 63 68 32 00 2C 00  PASS 00 00 1C 9B 00 00 00 00 00 00 00 00 00 00 00 00 00 00 00 00 00 00 00 00 00 00 00 00 00 00 00 00 00 00 00 00 00 00 00 00 00 00 00 00 00 00 00 00 00 00 00  

 --- 2C-19 Set ICC Voltage Option = 00

2026/9/14 10:28:43.566 [TX] - 56 69 56 4F 74 65 63 68 32 00 2C 19 00 01 00 93 5C 
2026/9/14 10:28:43.570 [RX] - 56 69 56 4F 74 65 63 68 32 00 2C 05 00 00 F7 6B 00 00 00 00 00 00 00 00 00 00 00 00 00 00 00 00 00 00 00 00 00 00 00 00 00 00 00 00 00 00 00 00 00 00 00 00 00 00 00 00 00 00 00 00 00 00 00  

 --- 2C-19 Set ICC Voltage Option = 01

2026/9/14 10:28:43.580 [TX] - 56 69 56 4F 74 65 63 68 32 00 2C 19 00 01 01 83 7D 
2026/9/14 10:28:43.670 [RX] - 56 69 56 4F 74 65 63 68 32 00 2C 00  PASS 00 00 1C 9B 00 00 00 00 00 00 00 00 00 00 00 00 00 00 00 00 00 00 00 00 00 00 00 00 00 00 00 00 00 00 00 00 00 00 00 00 00 00 00 00 00 00 00 00 00 00 00  

 --- 2C-1A Get ICC Voltage Option

2026/9/14 10:28:43.690 [TX] - 56 69 56 4F 74 65 63 68 32 00 2C 1A 00 00 98 39 
2026/9/14 10:28:43.700 [RX] - 56 69 56 4F 74 65 63 68 32 00 2C 00  PASS 00 01 01 6B AD 00 00 00 00 00 00 00 00 00 00 00 00 00 00 00 00 00 00 00 00 00 00 00 00 00 00 00 00 00 00 00 00 00 00 00 00 00 00 00 00 00 00 00 00 00 00  

 --- 2C-19 Set ICC Voltage Option = 04

2026/9/14 10:28:43.724 [TX] - 56 69 56 4F 74 65 63 68 32 00 2C 19 00 01 04 D3 D8 
2026/9/14 10:28:43.740 [RX] - 56 69 56 4F 74 65 63 68 32 00 2C 00  PASS 00 00 1C 9B 00 00 00 00 00 00 00 00 00 00 00 00 00 00 00 00 00 00 00 00 00 00 00 00 00 00 00 00 00 00 00 00 00 00 00 00 00 00 00 00 00 00 00 00 00 00 00  

 --- 2C-1A Get ICC Voltage Option

2026/9/14 10:28:43.761 [TX] - 56 69 56 4F 74 65 63 68 32 00 2C 1A 00 00 98 39 
2026/9/14 10:28:43.771 [RX] - 56 69 56 4F 74 65 63 68 32 00 2C 00  PASS 00 01 04 3B 08 00 00 00 00 00 00 00 00 00 00 00 00 00 00 00 00 00 00 00 00 00 00 00 00 00 00 00 00 00 00 00 00 00 00 00 00 00 00 00 00 00 00 00 00 00 00  

 --- 2C-19 Set ICC Voltage Option = 07

2026/9/14 10:28:43.806 [TX] - 56 69 56 4F 74 65 63 68 32 00 2C 19 00 01 07 E3 BB 
2026/9/14 10:28:43.818 [RX] - 56 69 56 4F 74 65 63 68 32 00 2C 00  PASS 00 00 1C 9B 00 00 00 00 00 00 00 00 00 00 00 00 00 00 00 00 00 00 00 00 00 00 00 00 00 00 00 00 00 00 00 00 00 00 00 00 00 00 00 00 00 00 00 00 00 00 00  

 --- 2C-1A Get ICC Voltage Option

2026/9/14 10:28:43.847 [TX] - 56 69 56 4F 74 65 63 68 32 00 2C 1A 00 00 98 39 
2026/9/14 10:28:43.856 [RX] - 56 69 56 4F 74 65 63 68 32 00 2C 00  PASS 00 01 07 0B 6B 00 00 00 00 00 00 00 00 00 00 00 00 00 00 00 00 00 00 00 00 00 00 00 00 00 00 00 00 00 00 00 00 00 00 00 00 00 00 00 00 00 00 00 00 00 00  

 --- 2C-19 Set ICC Voltage Option = 02 (default)

2026/9/14 10:28:43.909 [TX] - 56 69 56 4F 74 65 63 68 32 00 2C 19 00 01 02 B3 1E 
2026/9/14 10:28:43.921 [RX] - 56 69 56 4F 74 65 63 68 32 00 2C 00  PASS 00 00 1C 9B 00 00 00 00 00 00 00 00 00 00 00 00 00 00 00 00 00 00 00 00 00 00 00 00 00 00 00 00 00 00 00 00 00 00 00 00 00 00 00 00 00 00 00 00 00 00 00  

 --- 2C-1A Get ICC Voltage Option

2026/9/14 10:28:43.956 [TX] - 56 69 56 4F 74 65 63 68 32 00 2C 1A 00 00 98 39 
2026/9/14 10:28:43.966 [RX] - 56 69 56 4F 74 65 63 68 32 00 2C 00  PASS 00 01 02 5B CE 00 00 00 00 00 00 00 00 00 00 00 00 00 00 00 00 00 00 00 00 00 00 00 00 00 00 00 00 00 00 00 00 00 00 00 00 00 00 00 00 00 00 00 00 00 00  

 --- PassThrough-----STOP

2026/9/14 10:28:44.007 [TX] - 56 69 56 4F 74 65 63 68 32 00 2C 01 00 01 00 0D 38 
2026/9/14 10:28:44.020 [RX] - 56 69 56 4F 74 65 63 68 32 00 2C 00  PASS 00 00 1C 9B 00 00 00 00 00 00 00 00 00 00 00 00 00 00 00 00 00 00 00 00 00 00 00 00 00 00 00 00 00 00 00 00 00 00 00 00 00 00 00 00 00 00 00 00 00 00 00  

 Result = PASSED
 ---------- END OF TEST ----------

 Result = PASSED
 

 MASTER RESULT = PASSED


Docklight Log File (HEX) - Stopped 2026/9/14 10:28:45.162 

