Docklight Log File (HEX) - Started 2026/10/1 14:23:27.695 
 TEST CASE: MF000400

 --- Set POS COM PORT Settings
 Set POS COM PORT...
 POS operating on COM90 @ 115200 baud...
 Set POS COM PORT - COMPLETE


2026/10/1 14:23:29.042 [TX] - 56 69 56 4F 74 65 63 68 32 00 2C 01 00 01 00 0D 38 
2026/10/1 14:23:29.049 [RX] - 56 69 56 4F 74 65 63 68 32 00 2C 0C 00 00 69 FA 00 00 00 00 00 00 00 00 00 00 00 00 00 00 00 00 00 00 00 00 00 00 00 00 00 00 00 00 00 00 00 00 00 00 00 00 00 00 00 00 00 00 00 00 00 00 00  
PT Start


2026/10/1 14:23:30.065 [TX] - 56 69 56 4F 74 65 63 68 32 00 2C 01 00 01 01 1D 19 
2026/10/1 14:23:30.078 [RX] - 56 69 56 4F 74 65 63 68 32 00 2C 00 00 00 1C 9B  PT command (OK)

2026/10/1 14:23:30.078 [RX] - 00 00 00 00 00 00 00 00 00 00 00 00 00 00 00 00 00 00 00 00 00 00 00 00 00 00 00 00 00 00 00 00 00 00 00 00 00 00 00 00 00 00 00 00 00 00 00  
Antenna Enable


2026/10/1 14:23:30.101 [TX] - 56 69 56 4F 74 65 63 68 32 00 28 01 00 01 01 94 1F 
2026/10/1 14:23:30.117 [RX] - 56 69 56 4F 74 65 63 68 32 00 28 00 00 00 D6 6A  Antenna Enable (OK)

2026/10/1 14:23:30.117 [RX] - 00 00 00 00 00 00 00 00 00 00 00 00 00 00 00 00 00 00 00 00 00 00 00 00 00 00 00 00 00 00 00 00 00 00 00 00 00 00 00 00 00 00 00 00 00 00 00  
Poll for Token (10 sec)


2026/10/1 14:23:30.535 [TX] - 56 69 56 4F 74 65 63 68 32 00 2C 02 00 02 0A 00 B1 E4 
2026/10/1 14:23:30.681 [RX] - 56 69 56 4F 74 65 63 68 32 00 2C 00 00 05  Poll for Token (OK)

2026/10/1 14:23:30.681 [RX] - 03 7E BD BA E5 FA EE 00 00 00 00 00 00 00 00 00 00 00 00 00 00 00 00 00 00 00 00 00 00 00 00 00 00 00 00 00 00 00 00 00 00 00 00 00 00 00 00 00 00  
Mifare auth - Sector 1


2026/10/1 14:23:30.694 [TX] - 56 69 56 4F 74 65 63 68 32 00 2C 06 00 08 04 01 FF FF FF FF FF FF 03 76 
2026/10/1 14:23:30.706 [RX] - 56 69 56 4F 74 65 63 68 32 00 2C 00 00 00 1C 9B  PT command (OK)

2026/10/1 14:23:30.706 [RX] - 00 00 00 00 00 00 00 00 00 00 00 00 00 00 00 00 00 00 00 00 00 00 00 00 00 00 00 00 00 00 00 00 00 00 00 00 00 00 00 00 00 00 00 00 00 00 00  
Mifare auth - Sector 0


2026/10/1 14:23:31.752 [TX] - 56 69 56 4F 74 65 63 68 32 00 2C 06 00 08 01 01 FF FF FF FF FF FF 4B C8 
2026/10/1 14:23:31.765 [RX] - 56 69 56 4F 74 65 63 68 32 00 2C 00 00 00 1C 9B  PT command (OK)

2026/10/1 14:23:31.765 [RX] - 00 00 00 00 00 00 00 00 00 00 00 00 00 00 00 00 00 00 00 00 00 00 00 00 00 00 00 00 00 00 00 00 00 00 00 00 00 00 00 00 00 00 00 00 00 00 00  ----- Write Block #1 -----

2026/10/1 14:23:31.787 [TX] - 56 69 56 4F 74 65 63 68 32 00 2C 08 00 12 31 01 11 11 11 11 11 11 11 11 11 11 11 11 11 11 11 11 4F C9 
2026/10/1 14:23:31.801 [RX] - 56 69 56 4F 74 65 63 68 32 00 2C 00 00 00 1C 9B  PT command (OK)

2026/10/1 14:23:31.801 [RX] - 00 00 00 00 00 00 00 00 00 00 00 00 00 00 00 00 00 00 00 00 00 00 00 00 00 00 00 00 00 00 00 00 00 00 00 00 00 00 00 00 00 00 00 00 00 00 00  ----- Write Block #2 -----

2026/10/1 14:23:31.829 [TX] - 56 69 56 4F 74 65 63 68 32 00 2C 08 00 12 31 02 22 22 22 22 22 22 22 22 22 22 22 22 22 22 22 22 8E E5 
2026/10/1 14:23:31.845 [RX] - 56 69 56 4F 74 65 63 68 32 00 2C 00 00 00 1C 9B  PT command (OK)

2026/10/1 14:23:31.845 [RX] - 00 00 00 00 00 00 00 00 00 00 00 00 00 00 00 00 00 00 00 00 00 00 00 00 00 00 00 00 00 00 00 00 00 00 00 00 00 00 00 00 00 00 00 00 00 00 00  ----- #3 was SKIPPED -----
 
Mifare auth - Sector 1


2026/10/1 14:23:31.867 [TX] - 56 69 56 4F 74 65 63 68 32 00 2C 06 00 08 04 01 FF FF FF FF FF FF 03 76 
2026/10/1 14:23:31.879 [RX] - 56 69 56 4F 74 65 63 68 32 00 2C 00 00 00 1C 9B  PT command (OK)

2026/10/1 14:23:31.879 [RX] - 00 00 00 00 00 00 00 00 00 00 00 00 00 00 00 00 00 00 00 00 00 00 00 00 00 00 00 00 00 00 00 00 00 00 00 00 00 00 00 00 00 00 00 00 00 00 00  ----- Write Block #4 -----

2026/10/1 14:23:31.911 [TX] - 56 69 56 4F 74 65 63 68 32 00 2C 08 00 12 31 04 44 44 44 44 44 44 44 44 44 44 44 44 44 44 44 44 1C 9C 
2026/10/1 14:23:31.924 [RX] - 56 69 56 4F 74 65 63 68 32 00 2C 00 00 00 1C 9B  PT command (OK)

2026/10/1 14:23:31.924 [RX] - 00 00 00 00 00 00 00 00 00 00 00 00 00 00 00 00 00 00 00 00 00 00 00 00 00 00 00 00 00 00 00 00 00 00 00 00 00 00 00 00 00 00 00 00 00 00 00  ----- Write Block #5 -----

2026/10/1 14:23:31.955 [TX] - 56 69 56 4F 74 65 63 68 32 00 2C 08 00 12 31 05 55 55 55 55 55 55 55 55 55 55 55 55 55 55 55 55 5C 78 
2026/10/1 14:23:31.970 [RX] - 56 69 56 4F 74 65 63 68 32 00 2C 00 00 00 1C 9B  PT command (OK)

2026/10/1 14:23:31.970 [RX] - 00 00 00 00 00 00 00 00 00 00 00 00 00 00 00 00 00 00 00 00 00 00 00 00 00 00 00 00 00 00 00 00 00 00 00 00 00 00 00 00 00 00 00 00 00 00 00  ----- Write Block #6 -----

2026/10/1 14:23:31.986 [TX] - 56 69 56 4F 74 65 63 68 32 00 2C 08 00 12 31 06 66 66 66 66 66 66 66 66 66 66 66 66 66 66 66 66 9D 54 
2026/10/1 14:23:32.001 [RX] - 56 69 56 4F 74 65 63 68 32 00 2C 00 00 00 1C 9B  PT command (OK)

2026/10/1 14:23:32.001 [RX] - 00 00 00 00 00 00 00 00 00 00 00 00 00 00 00 00 00 00 00 00 00 00 00 00 00 00 00 00 00 00 00 00 00 00 00 00 00 00 00 00 00 00 00 00 00 00 00  ----- #7 was SKIPPED -----
 
Mifare auth - Sector 2


2026/10/1 14:23:32.025 [TX] - 56 69 56 4F 74 65 63 68 32 00 2C 06 00 08 08 01 FF FF FF FF FF FF 12 C1 
2026/10/1 14:23:32.037 [RX] - 56 69 56 4F 74 65 63 68 32 00 2C 00 00 00 1C 9B  PT command (OK)

2026/10/1 14:23:32.037 [RX] - 00 00 00 00 00 00 00 00 00 00 00 00 00 00 00 00 00 00 00 00 00 00 00 00 00 00 00 00 00 00 00 00 00 00 00 00 00 00 00 00 00 00 00 00 00 00 00  ----- Write Block #8 -----

2026/10/1 14:23:32.069 [TX] - 56 69 56 4F 74 65 63 68 32 00 2C 08 00 12 31 08 88 88 88 88 88 88 88 88 88 88 88 88 88 88 88 88 28 4F 
2026/10/1 14:23:32.082 [RX] - 56 69 56 4F 74 65 63 68 32 00 2C 00 00 00 1C 9B  PT command (OK)

2026/10/1 14:23:32.082 [RX] - 00 00 00 00 00 00 00 00 00 00 00 00 00 00 00 00 00 00 00 00 00 00 00 00 00 00 00 00 00 00 00 00 00 00 00 00 00 00 00 00 00 00 00 00 00 00 00  ----- Write Block #9 -----

2026/10/1 14:23:32.114 [TX] - 56 69 56 4F 74 65 63 68 32 00 2C 08 00 12 31 09 99 99 99 99 99 99 99 99 99 99 99 99 99 99 99 99 68 AB 
2026/10/1 14:23:32.127 [RX] - 56 69 56 4F 74 65 63 68 32 00 2C 00 00 00 1C 9B  PT command (OK)

2026/10/1 14:23:32.127 [RX] - 00 00 00 00 00 00 00 00 00 00 00 00 00 00 00 00 00 00 00 00 00 00 00 00 00 00 00 00 00 00 00 00 00 00 00 00 00 00 00 00 00 00 00 00 00 00 00  ----- Write Block #10 -----

2026/10/1 14:23:32.159 [TX] - 56 69 56 4F 74 65 63 68 32 00 2C 08 00 12 31 0A 10 10 10 10 10 10 10 10 10 10 10 10 10 10 10 10 EC A8 
2026/10/1 14:23:32.173 [RX] - 56 69 56 4F 74 65 63 68 32 00 2C 00 00 00 1C 9B  PT command (OK)

2026/10/1 14:23:32.173 [RX] - 00 00 00 00 00 00 00 00 00 00 00 00 00 00 00 00 00 00 00 00 00 00 00 00 00 00 00 00 00 00 00 00 00 00 00 00 00 00 00 00 00 00 00 00 00 00 00  ----- #11 was SKIPPED -----
 
Mifare auth - Sector 3


2026/10/1 14:23:32.195 [TX] - 56 69 56 4F 74 65 63 68 32 00 2C 06 00 08 0C 01 FF FF FF FF FF FF 1D AC 
2026/10/1 14:23:32.207 [RX] - 56 69 56 4F 74 65 63 68 32 00 2C 00 00 00 1C 9B  PT command (OK)

2026/10/1 14:23:32.207 [RX] - 00 00 00 00 00 00 00 00 00 00 00 00 00 00 00 00 00 00 00 00 00 00 00 00 00 00 00 00 00 00 00 00 00 00 00 00 00 00 00 00 00 00 00 00 00 00 00  ----- Write Block #12 -----

2026/10/1 14:23:32.239 [TX] - 56 69 56 4F 74 65 63 68 32 00 2C 08 00 12 31 0C 12 12 12 12 12 12 12 12 12 12 12 12 12 12 12 12 A4 4A 
2026/10/1 14:23:32.252 [RX] - 56 69 56 4F 74 65 63 68 32 00 2C 00 00 00 1C 9B  PT command (OK)

2026/10/1 14:23:32.252 [RX] - 00 00 00 00 00 00 00 00 00 00 00 00 00 00 00 00 00 00 00 00 00 00 00 00 00 00 00 00 00 00 00 00 00 00 00 00 00 00 00 00 00 00 00 00 00 00 00  ----- Write Block #13 -----

2026/10/1 14:23:32.283 [TX] - 56 69 56 4F 74 65 63 68 32 00 2C 08 00 12 31 0D 13 13 13 13 13 13 13 13 13 13 13 13 13 13 13 13 A1 FF 
2026/10/1 14:23:32.298 [RX] - 56 69 56 4F 74 65 63 68 32 00 2C 00 00 00 1C 9B  PT command (OK)

2026/10/1 14:23:32.298 [RX] - 00 00 00 00 00 00 00 00 00 00 00 00 00 00 00 00 00 00 00 00 00 00 00 00 00 00 00 00 00 00 00 00 00 00 00 00 00 00 00 00 00 00 00 00 00 00 00  ----- Write Block #14 -----

2026/10/1 14:23:32.332 [TX] - 56 69 56 4F 74 65 63 68 32 00 2C 08 00 12 31 0E 14 14 14 14 14 14 14 14 14 14 14 14 14 14 14 14 FA 7C 
2026/10/1 14:23:32.345 [RX] - 56 69 56 4F 74 65 63 68 32 00 2C 00 00 00 1C 9B  PT command (OK)

2026/10/1 14:23:32.345 [RX] - 00 00 00 00 00 00 00 00 00 00 00 00 00 00 00 00 00 00 00 00 00 00 00 00 00 00 00 00 00 00 00 00 00 00 00 00 00 00 00 00 00 00 00 00 00 00 00  ----- #15 was SKIPPED -----
 
Mifare auth - Sector 4


2026/10/1 14:23:32.376 [TX] - 56 69 56 4F 74 65 63 68 32 00 2C 06 00 08 10 01 FF FF FF FF FF FF 31 AF 
2026/10/1 14:23:32.389 [RX] - 56 69 56 4F 74 65 63 68 32 00 2C 00 00 00 1C 9B  PT command (OK)

2026/10/1 14:23:32.389 [RX] - 00 00 00 00 00 00 00 00 00 00 00 00 00 00 00 00 00 00 00 00 00 00 00 00 00 00 00 00 00 00 00 00 00 00 00 00 00 00 00 00 00 00 00 00 00 00 00  ----- Write Block #16 -----

2026/10/1 14:23:32.412 [TX] - 56 69 56 4F 74 65 63 68 32 00 2C 08 00 12 31 10 16 16 16 16 16 16 16 16 16 16 16 16 16 16 16 16 2B 8F 
2026/10/1 14:23:32.425 [RX] - 56 69 56 4F 74 65 63 68 32 00 2C 00 00 00 1C 9B  PT command (OK)

2026/10/1 14:23:32.425 [RX] - 00 00 00 00 00 00 00 00 00 00 00 00 00 00 00 00 00 00 00 00 00 00 00 00 00 00 00 00 00 00 00 00 00 00 00 00 00 00 00 00 00 00 00 00 00 00 00  ----- Write Block #17 -----

2026/10/1 14:23:32.454 [TX] - 56 69 56 4F 74 65 63 68 32 00 2C 08 00 12 31 11 17 17 17 17 17 17 17 17 17 17 17 17 17 17 17 17 2E 3A 
2026/10/1 14:23:32.470 [RX] - 56 69 56 4F 74 65 63 68 32 00 2C 00 00 00 1C 9B  PT command (OK)

2026/10/1 14:23:32.470 [RX] - 00 00 00 00 00 00 00 00 00 00 00 00 00 00 00 00 00 00 00 00 00 00 00 00 00 00 00 00 00 00 00 00 00 00 00 00 00 00 00 00 00 00 00 00 00 00 00  ----- Write Block #18 -----

2026/10/1 14:23:32.486 [TX] - 56 69 56 4F 74 65 63 68 32 00 2C 08 00 12 31 12 18 18 18 18 18 18 18 18 18 18 18 18 18 18 18 18 DF 01 
2026/10/1 14:23:32.501 [RX] - 56 69 56 4F 74 65 63 68 32 00 2C 00 00 00 1C 9B  PT command (OK)

2026/10/1 14:23:32.501 [RX] - 00 00 00 00 00 00 00 00 00 00 00 00 00 00 00 00 00 00 00 00 00 00 00 00 00 00 00 00 00 00 00 00 00 00 00 00 00 00 00 00 00 00 00 00 00 00 00  ----- #19 was SKIPPED -----
 
Mifare auth - Sector 5


2026/10/1 14:23:32.526 [TX] - 56 69 56 4F 74 65 63 68 32 00 2C 06 00 08 14 01 FF FF FF FF FF FF 3E C2 
2026/10/1 14:23:32.538 [RX] - 56 69 56 4F 74 65 63 68 32 00 2C 00 00 00 1C 9B  PT command (OK)

2026/10/1 14:23:32.538 [RX] - 00 00 00 00 00 00 00 00 00 00 00 00 00 00 00 00 00 00 00 00 00 00 00 00 00 00 00 00 00 00 00 00 00 00 00 00 00 00 00 00 00 00 00 00 00 00 00  ----- Write Block #20 -----

2026/10/1 14:23:32.567 [TX] - 56 69 56 4F 74 65 63 68 32 00 2C 08 00 12 31 14 20 20 20 20 20 20 20 20 20 20 20 20 20 20 20 20 D8 06 
2026/10/1 14:23:32.580 [RX] - 56 69 56 4F 74 65 63 68 32 00 2C 00 00 00 1C 9B  PT command (OK)

2026/10/1 14:23:32.580 [RX] - 00 00 00 00 00 00 00 00 00 00 00 00 00 00 00 00 00 00 00 00 00 00 00 00 00 00 00 00 00 00 00 00 00 00 00 00 00 00 00 00 00 00 00 00 00 00 00  ----- Write Block #21 -----

2026/10/1 14:23:32.603 [TX] - 56 69 56 4F 74 65 63 68 32 00 2C 08 00 12 31 15 21 21 21 21 21 21 21 21 21 21 21 21 21 21 21 21 DD B3 
2026/10/1 14:23:32.616 [RX] - 56 69 56 4F 74 65 63 68 32 00 2C 00 00 00 1C 9B  PT command (OK)

2026/10/1 14:23:32.616 [RX] - 00 00 00 00 00 00 00 00 00 00 00 00 00 00 00 00 00 00 00 00 00 00 00 00 00 00 00 00 00 00 00 00 00 00 00 00 00 00 00 00 00 00 00 00 00 00 00  ----- Write Block #22 -----

2026/10/1 14:23:32.642 [TX] - 56 69 56 4F 74 65 63 68 32 00 2C 08 00 12 31 16 22 22 22 22 22 22 22 22 22 22 22 22 22 22 22 22 D3 6C 
2026/10/1 14:23:32.656 [RX] - 56 69 56 4F 74 65 63 68 32 00 2C 00 00 00 1C 9B  PT command (OK)

2026/10/1 14:23:32.656 [RX] - 00 00 00 00 00 00 00 00 00 00 00 00 00 00 00 00 00 00 00 00 00 00 00 00 00 00 00 00 00 00 00 00 00 00 00 00 00 00 00 00 00 00 00 00 00 00 00  ----- #23 was SKIPPED -----
 
Mifare auth - Sector 6


2026/10/1 14:23:32.679 [TX] - 56 69 56 4F 74 65 63 68 32 00 2C 06 00 08 18 01 FF FF FF FF FF FF 2F 75 
2026/10/1 14:23:32.691 [RX] - 56 69 56 4F 74 65 63 68 32 00 2C 00 00 00 1C 9B  PT command (OK)

2026/10/1 14:23:32.691 [RX] - 00 00 00 00 00 00 00 00 00 00 00 00 00 00 00 00 00 00 00 00 00 00 00 00 00 00 00 00 00 00 00 00 00 00 00 00 00 00 00 00 00 00 00 00 00 00 00  ----- Write Block #24 -----

2026/10/1 14:23:32.853 [TX] - 56 69 56 4F 74 65 63 68 32 00 2C 08 00 12 31 18 24 24 24 24 24 24 24 24 24 24 24 24 24 24 24 24 49 C2 
2026/10/1 14:23:32.866 [RX] - 56 69 56 4F 74 65 63 68 32 00 2C 00 00 00 1C 9B  PT command (OK)

2026/10/1 14:23:32.866 [RX] - 00 00 00 00 00 00 00 00 00 00 00 00 00 00 00 00 00 00 00 00 00 00 00 00 00 00 00 00 00 00 00 00 00 00 00 00 00 00 00 00 00 00 00 00 00 00 00  ----- Write Block #25 -----

2026/10/1 14:23:32.886 [TX] - 56 69 56 4F 74 65 63 68 32 00 2C 08 00 12 31 19 25 25 25 25 25 25 25 25 25 25 25 25 25 25 25 25 4C 77 
2026/10/1 14:23:32.899 [RX] - 56 69 56 4F 74 65 63 68 32 00 2C 00 00 00 1C 9B  PT command (OK)

2026/10/1 14:23:32.899 [RX] - 00 00 00 00 00 00 00 00 00 00 00 00 00 00 00 00 00 00 00 00 00 00 00 00 00 00 00 00 00 00 00 00 00 00 00 00 00 00 00 00 00 00 00 00 00 00 00  ----- Write Block #26 -----

2026/10/1 14:23:32.918 [TX] - 56 69 56 4F 74 65 63 68 32 00 2C 08 00 12 31 1A 26 26 26 26 26 26 26 26 26 26 26 26 26 26 26 26 42 A8 
2026/10/1 14:23:32.932 [RX] - 56 69 56 4F 74 65 63 68 32 00 2C 00 00 00 1C 9B  PT command (OK)

2026/10/1 14:23:32.932 [RX] - 00 00 00 00 00 00 00 00 00 00 00 00 00 00 00 00 00 00 00 00 00 00 00 00 00 00 00 00 00 00 00 00 00 00 00 00 00 00 00 00 00 00 00 00 00 00 00  ----- #27 was SKIPPED -----
 
Mifare auth - Sector 7


2026/10/1 14:23:32.962 [TX] - 56 69 56 4F 74 65 63 68 32 00 2C 06 00 08 1C 01 FF FF FF FF FF FF 20 18 
2026/10/1 14:23:32.974 [RX] - 56 69 56 4F 74 65 63 68 32 00 2C 00 00 00 1C 9B  PT command (OK)

2026/10/1 14:23:32.974 [RX] - 00 00 00 00 00 00 00 00 00 00 00 00 00 00 00 00 00 00 00 00 00 00 00 00 00 00 00 00 00 00 00 00 00 00 00 00 00 00 00 00 00 00 00 00 00 00 00  ----- Write Block #28 -----

2026/10/1 14:23:33.012 [TX] - 56 69 56 4F 74 65 63 68 32 00 2C 08 00 12 31 1C 28 28 28 28 28 28 28 28 28 28 28 28 28 28 28 28 F5 AE 
2026/10/1 14:23:33.025 [RX] - 56 69 56 4F 74 65 63 68 32 00 2C 00 00 00 1C 9B  PT command (OK)

2026/10/1 14:23:33.025 [RX] - 00 00 00 00 00 00 00 00 00 00 00 00 00 00 00 00 00 00 00 00 00 00 00 00 00 00 00 00 00 00 00 00 00 00 00 00 00 00 00 00 00 00 00 00 00 00 00  ----- Write Block #29 -----

2026/10/1 14:23:33.043 [TX] - 56 69 56 4F 74 65 63 68 32 00 2C 08 00 12 31 1D 29 29 29 29 29 29 29 29 29 29 29 29 29 29 29 29 F0 1B 
2026/10/1 14:23:33.056 [RX] - 56 69 56 4F 74 65 63 68 32 00 2C 00 00 00 1C 9B  PT command (OK)

2026/10/1 14:23:33.056 [RX] - 00 00 00 00 00 00 00 00 00 00 00 00 00 00 00 00 00 00 00 00 00 00 00 00 00 00 00 00 00 00 00 00 00 00 00 00 00 00 00 00 00 00 00 00 00 00 00  ----- Write Block #30 -----

2026/10/1 14:23:33.077 [TX] - 56 69 56 4F 74 65 63 68 32 00 2C 08 00 12 31 1E 30 30 30 30 30 30 30 30 30 30 30 30 30 30 30 30 3B 83 
2026/10/1 14:23:33.093 [RX] - 56 69 56 4F 74 65 63 68 32 00 2C 00 00 00 1C 9B  PT command (OK)

2026/10/1 14:23:33.093 [RX] - 00 00 00 00 00 00 00 00 00 00 00 00 00 00 00 00 00 00 00 00 00 00 00 00 00 00 00 00 00 00 00 00 00 00 00 00 00 00 00 00 00 00 00 00 00 00 00  ----- #31 was SKIPPED -----
 
Mifare auth - Sector 8


2026/10/1 14:23:33.133 [TX] - 56 69 56 4F 74 65 63 68 32 00 2C 06 00 08 20 01 FF FF FF FF FF FF 77 73 
2026/10/1 14:23:33.145 [RX] - 56 69 56 4F 74 65 63 68 32 00 2C 00 00 00 1C 9B  PT command (OK)

2026/10/1 14:23:33.145 [RX] - 00 00 00 00 00 00 00 00 00 00 00 00 00 00 00 00 00 00 00 00 00 00 00 00 00 00 00 00 00 00 00 00 00 00 00 00 00 00 00 00 00 00 00 00 00 00 00  ----- Write Block #32 -----

2026/10/1 14:23:33.177 [TX] - 56 69 56 4F 74 65 63 68 32 00 2C 08 00 12 31 20 32 32 32 32 32 32 32 32 32 32 32 32 32 32 32 32 D6 72 
2026/10/1 14:23:33.190 [RX] - 56 69 56 4F 74 65 63 68 32 00 2C 00 00 00 1C 9B  PT command (OK)

2026/10/1 14:23:33.190 [RX] - 00 00 00 00 00 00 00 00 00 00 00 00 00 00 00 00 00 00 00 00 00 00 00 00 00 00 00 00 00 00 00 00 00 00 00 00 00 00 00 00 00 00 00 00 00 00 00  ----- Write Block #33 -----

2026/10/1 14:23:33.209 [TX] - 56 69 56 4F 74 65 63 68 32 00 2C 08 00 12 31 21 33 33 33 33 33 33 33 33 33 33 33 33 33 33 33 33 D3 C7 
2026/10/1 14:23:33.222 [RX] - 56 69 56 4F 74 65 63 68 32 00 2C 00 00 00 1C 9B  PT command (OK)

2026/10/1 14:23:33.222 [RX] - 00 00 00 00 00 00 00 00 00 00 00 00 00 00 00 00 00 00 00 00 00 00 00 00 00 00 00 00 00 00 00 00 00 00 00 00 00 00 00 00 00 00 00 00 00 00 00  ----- Write Block #34 -----

2026/10/1 14:23:33.252 [TX] - 56 69 56 4F 74 65 63 68 32 00 2C 08 00 12 31 22 34 34 34 34 34 34 34 34 34 34 34 34 34 34 34 34 88 44 
2026/10/1 14:23:33.265 [RX] - 56 69 56 4F 74 65 63 68 32 00 2C 00 00 00 1C 9B  PT command (OK)

2026/10/1 14:23:33.265 [RX] - 00 00 00 00 00 00 00 00 00 00 00 00 00 00 00 00 00 00 00 00 00 00 00 00 00 00 00 00 00 00 00 00 00 00 00 00 00 00 00 00 00 00 00 00 00 00 00  ----- #35 was SKIPPED -----
 
Mifare auth - Sector 9


2026/10/1 14:23:33.304 [TX] - 56 69 56 4F 74 65 63 68 32 00 2C 06 00 08 24 01 FF FF FF FF FF FF 78 1E 
2026/10/1 14:23:33.317 [RX] - 56 69 56 4F 74 65 63 68 32 00 2C 00 00 00 1C 9B  PT command (OK)

2026/10/1 14:23:33.317 [RX] - 00 00 00 00 00 00 00 00 00 00 00 00 00 00 00 00 00 00 00 00 00 00 00 00 00 00 00 00 00 00 00 00 00 00 00 00 00 00 00 00 00 00 00 00 00 00 00  ----- Write Block #36 -----

2026/10/1 14:23:33.350 [TX] - 56 69 56 4F 74 65 63 68 32 00 2C 08 00 12 31 24 36 36 36 36 36 36 36 36 36 36 36 36 36 36 36 36 C0 A6 
2026/10/1 14:23:33.363 [RX] - 56 69 56 4F 74 65 63 68 32 00 2C 00 00 00 1C 9B  PT command (OK)

2026/10/1 14:23:33.363 [RX] - 00 00 00 00 00 00 00 00 00 00 00 00 00 00 00 00 00 00 00 00 00 00 00 00 00 00 00 00 00 00 00 00 00 00 00 00 00 00 00 00 00 00 00 00 00 00 00  ----- Write Block #37 -----

2026/10/1 14:23:33.382 [TX] - 56 69 56 4F 74 65 63 68 32 00 2C 08 00 12 31 25 37 37 37 37 37 37 37 37 37 37 37 37 37 37 37 37 C5 13 
2026/10/1 14:23:33.395 [RX] - 56 69 56 4F 74 65 63 68 32 00 2C 00 00 00 1C 9B  PT command (OK)

2026/10/1 14:23:33.395 [RX] - 00 00 00 00 00 00 00 00 00 00 00 00 00 00 00 00 00 00 00 00 00 00 00 00 00 00 00 00 00 00 00 00 00 00 00 00 00 00 00 00 00 00 00 00 00 00 00  ----- Write Block #38 -----

2026/10/1 14:23:33.422 [TX] - 56 69 56 4F 74 65 63 68 32 00 2C 08 00 12 31 26 38 38 38 38 38 38 38 38 38 38 38 38 38 38 38 38 34 28 
2026/10/1 14:23:33.438 [RX] - 56 69 56 4F 74 65 63 68 32 00 2C 00 00 00 1C 9B  PT command (OK)

2026/10/1 14:23:33.438 [RX] - 00 00 00 00 00 00 00 00 00 00 00 00 00 00 00 00 00 00 00 00 00 00 00 00 00 00 00 00 00 00 00 00 00 00 00 00 00 00 00 00 00 00 00 00 00 00 00  ----- #39 was SKIPPED -----
 
Mifare auth - Sector 10


2026/10/1 14:23:33.467 [TX] - 56 69 56 4F 74 65 63 68 32 00 2C 06 00 08 28 01 FF FF FF FF FF FF 69 A9 
2026/10/1 14:23:33.479 [RX] - 56 69 56 4F 74 65 63 68 32 00 2C 00 00 00 1C 9B  PT command (OK)

2026/10/1 14:23:33.479 [RX] - 00 00 00 00 00 00 00 00 00 00 00 00 00 00 00 00 00 00 00 00 00 00 00 00 00 00 00 00 00 00 00 00 00 00 00 00 00 00 00 00 00 00 00 00 00 00 00  ----- Write Block #40 -----

2026/10/1 14:23:33.504 [TX] - 56 69 56 4F 74 65 63 68 32 00 2C 08 00 12 31 28 40 40 40 40 40 40 40 40 40 40 40 40 40 40 40 40 B1 5A 
2026/10/1 14:23:33.517 [RX] - 56 69 56 4F 74 65 63 68 32 00 2C 00 00 00 1C 9B  PT command (OK)

2026/10/1 14:23:33.517 [RX] - 00 00 00 00 00 00 00 00 00 00 00 00 00 00 00 00 00 00 00 00 00 00 00 00 00 00 00 00 00 00 00 00 00 00 00 00 00 00 00 00 00 00 00 00 00 00 00  ----- Write Block #41 -----

2026/10/1 14:23:33.550 [TX] - 56 69 56 4F 74 65 63 68 32 00 2C 08 00 12 31 29 41 41 41 41 41 41 41 41 41 41 41 41 41 41 41 41 B4 EF 
2026/10/1 14:23:33.564 [RX] - 56 69 56 4F 74 65 63 68 32 00 2C 00 00 00 1C 9B  PT command (OK)

2026/10/1 14:23:33.564 [RX] - 00 00 00 00 00 00 00 00 00 00 00 00 00 00 00 00 00 00 00 00 00 00 00 00 00 00 00 00 00 00 00 00 00 00 00 00 00 00 00 00 00 00 00 00 00 00 00  ----- Write Block #42 -----

2026/10/1 14:23:33.582 [TX] - 56 69 56 4F 74 65 63 68 32 00 2C 08 00 12 31 2A 42 42 42 42 42 42 42 42 42 42 42 42 42 42 42 42 BA 30 
2026/10/1 14:23:33.595 [RX] - 56 69 56 4F 74 65 63 68 32 00 2C 00 00 00 1C 9B  PT command (OK)

2026/10/1 14:23:33.595 [RX] - 00 00 00 00 00 00 00 00 00 00 00 00 00 00 00 00 00 00 00 00 00 00 00 00 00 00 00 00 00 00 00 00 00 00 00 00 00 00 00 00 00 00 00 00 00 00 00  ----- #43 was SKIPPED -----
 
Mifare auth - Sector 11


2026/10/1 14:23:33.633 [TX] - 56 69 56 4F 74 65 63 68 32 00 2C 06 00 08 2C 01 FF FF FF FF FF FF 66 C4 
2026/10/1 14:23:33.645 [RX] - 56 69 56 4F 74 65 63 68 32 00 2C 00 00 00 1C 9B  PT command (OK)

2026/10/1 14:23:33.645 [RX] - 00 00 00 00 00 00 00 00 00 00 00 00 00 00 00 00 00 00 00 00 00 00 00 00 00 00 00 00 00 00 00 00 00 00 00 00 00 00 00 00 00 00 00 00 00 00 00  ----- Write Block #44 -----

2026/10/1 14:23:33.679 [TX] - 56 69 56 4F 74 65 63 68 32 00 2C 08 00 12 31 2C 44 44 44 44 44 44 44 44 44 44 44 44 44 44 44 44 A7 8E 
2026/10/1 14:23:33.692 [RX] - 56 69 56 4F 74 65 63 68 32 00 2C 00 00 00 1C 9B  PT command (OK)

2026/10/1 14:23:33.692 [RX] - 00 00 00 00 00 00 00 00 00 00 00 00 00 00 00 00 00 00 00 00 00 00 00 00 00 00 00 00 00 00 00 00 00 00 00 00 00 00 00 00 00 00 00 00 00 00 00  ----- Write Block #45 -----

2026/10/1 14:23:33.710 [TX] - 56 69 56 4F 74 65 63 68 32 00 2C 08 00 12 31 2D 45 45 45 45 45 45 45 45 45 45 45 45 45 45 45 45 A2 3B 
2026/10/1 14:23:33.723 [RX] - 56 69 56 4F 74 65 63 68 32 00 2C 00 00 00 1C 9B  PT command (OK)

2026/10/1 14:23:33.723 [RX] - 00 00 00 00 00 00 00 00 00 00 00 00 00 00 00 00 00 00 00 00 00 00 00 00 00 00 00 00 00 00 00 00 00 00 00 00 00 00 00 00 00 00 00 00 00 00 00  ----- Write Block #46 -----

2026/10/1 14:23:33.744 [TX] - 56 69 56 4F 74 65 63 68 32 00 2C 08 00 12 31 2E 46 46 46 46 46 46 46 46 46 46 46 46 46 46 46 46 AC E4 
2026/10/1 14:23:33.757 [RX] - 56 69 56 4F 74 65 63 68 32 00 2C 00 00 00 1C 9B  PT command (OK)

2026/10/1 14:23:33.757 [RX] - 00 00 00 00 00 00 00 00 00 00 00 00 00 00 00 00 00 00 00 00 00 00 00 00 00 00 00 00 00 00 00 00 00 00 00 00 00 00 00 00 00 00 00 00 00 00 00  ----- #47 was SKIPPED -----
 
Mifare auth - Sector 12


2026/10/1 14:23:33.783 [TX] - 56 69 56 4F 74 65 63 68 32 00 2C 06 00 08 30 01 FF FF FF FF FF FF 4A C7 
2026/10/1 14:23:33.795 [RX] - 56 69 56 4F 74 65 63 68 32 00 2C 00 00 00 1C 9B  PT command (OK)

2026/10/1 14:23:33.795 [RX] - 00 00 00 00 00 00 00 00 00 00 00 00 00 00 00 00 00 00 00 00 00 00 00 00 00 00 00 00 00 00 00 00 00 00 00 00 00 00 00 00 00 00 00 00 00 00 00  ----- Write Block #48 -----

2026/10/1 14:23:33.817 [TX] - 56 69 56 4F 74 65 63 68 32 00 2C 08 00 12 31 30 48 48 48 48 48 48 48 48 48 48 48 48 48 48 48 48 82 F3 
2026/10/1 14:23:33.831 [RX] - 56 69 56 4F 74 65 63 68 32 00 2C 00 00 00 1C 9B  PT command (OK)

2026/10/1 14:23:33.831 [RX] - 00 00 00 00 00 00 00 00 00 00 00 00 00 00 00 00 00 00 00 00 00 00 00 00 00 00 00 00 00 00 00 00 00 00 00 00 00 00 00 00 00 00 00 00 00 00 00  ----- Write Block #49 -----

2026/10/1 14:23:33.851 [TX] - 56 69 56 4F 74 65 63 68 32 00 2C 08 00 12 31 31 49 49 49 49 49 49 49 49 49 49 49 49 49 49 49 49 87 46 
2026/10/1 14:23:33.864 [RX] - 56 69 56 4F 74 65 63 68 32 00 2C 00 00 00 1C 9B  PT command (OK)

2026/10/1 14:23:33.864 [RX] - 00 00 00 00 00 00 00 00 00 00 00 00 00 00 00 00 00 00 00 00 00 00 00 00 00 00 00 00 00 00 00 00 00 00 00 00 00 00 00 00 00 00 00 00 00 00 00  ----- Write Block #50 -----

2026/10/1 14:23:33.881 [TX] - 56 69 56 4F 74 65 63 68 32 00 2C 08 00 12 31 32 50 50 50 50 50 50 50 50 50 50 50 50 50 50 50 50 4C DE 
2026/10/1 14:23:33.894 [RX] - 56 69 56 4F 74 65 63 68 32 00 2C 00 00 00 1C 9B  PT command (OK)

2026/10/1 14:23:33.894 [RX] - 00 00 00 00 00 00 00 00 00 00 00 00 00 00 00 00 00 00 00 00 00 00 00 00 00 00 00 00 00 00 00 00 00 00 00 00 00 00 00 00 00 00 00 00 00 00 00  ----- #51 was SKIPPED -----
 
Mifare auth - Sector 13


2026/10/1 14:23:33.933 [TX] - 56 69 56 4F 74 65 63 68 32 00 2C 06 00 08 34 01 FF FF FF FF FF FF 45 AA 
2026/10/1 14:23:33.946 [RX] - 56 69 56 4F 74 65 63 68 32 00 2C 00 00 00 1C 9B  PT command (OK)

2026/10/1 14:23:33.946 [RX] - 00 00 00 00 00 00 00 00 00 00 00 00 00 00 00 00 00 00 00 00 00 00 00 00 00 00 00 00 00 00 00 00 00 00 00 00 00 00 00 00 00 00 00 00 00 00 00  ----- Write Block #52 -----

2026/10/1 14:23:33.977 [TX] - 56 69 56 4F 74 65 63 68 32 00 2C 08 00 12 31 34 52 52 52 52 52 52 52 52 52 52 52 52 52 52 52 52 04 3C 
2026/10/1 14:23:33.990 [RX] - 56 69 56 4F 74 65 63 68 32 00 2C 00 00 00 1C 9B  PT command (OK)

2026/10/1 14:23:33.990 [RX] - 00 00 00 00 00 00 00 00 00 00 00 00 00 00 00 00 00 00 00 00 00 00 00 00 00 00 00 00 00 00 00 00 00 00 00 00 00 00 00 00 00 00 00 00 00 00 00  ----- Write Block #53 -----

2026/10/1 14:23:34.010 [TX] - 56 69 56 4F 74 65 63 68 32 00 2C 08 00 12 31 35 53 53 53 53 53 53 53 53 53 53 53 53 53 53 53 53 01 89 
2026/10/1 14:23:34.023 [RX] - 56 69 56 4F 74 65 63 68 32 00 2C 00 00 00 1C 9B  PT command (OK)

2026/10/1 14:23:34.023 [RX] - 00 00 00 00 00 00 00 00 00 00 00 00 00 00 00 00 00 00 00 00 00 00 00 00 00 00 00 00 00 00 00 00 00 00 00 00 00 00 00 00 00 00 00 00 00 00 00  ----- Write Block #54 -----

2026/10/1 14:23:34.043 [TX] - 56 69 56 4F 74 65 63 68 32 00 2C 08 00 12 31 36 54 54 54 54 54 54 54 54 54 54 54 54 54 54 54 54 5A 0A 
2026/10/1 14:23:34.056 [RX] - 56 69 56 4F 74 65 63 68 32 00 2C 00 00 00 1C 9B  PT command (OK)

2026/10/1 14:23:34.056 [RX] - 00 00 00 00 00 00 00 00 00 00 00 00 00 00 00 00 00 00 00 00 00 00 00 00 00 00 00 00 00 00 00 00 00 00 00 00 00 00 00 00 00 00 00 00 00 00 00  ----- #55 was SKIPPED -----
 
Mifare auth - Sector 14


2026/10/1 14:23:34.089 [TX] - 56 69 56 4F 74 65 63 68 32 00 2C 06 00 08 38 01 FF FF FF FF FF FF 54 1D 
2026/10/1 14:23:34.101 [RX] - 56 69 56 4F 74 65 63 68 32 00 2C 00 00 00 1C 9B  PT command (OK)

2026/10/1 14:23:34.101 [RX] - 00 00 00 00 00 00 00 00 00 00 00 00 00 00 00 00 00 00 00 00 00 00 00 00 00 00 00 00 00 00 00 00 00 00 00 00 00 00 00 00 00 00 00 00 00 00 00  ----- Write Block #56 -----

2026/10/1 14:23:34.130 [TX] - 56 69 56 4F 74 65 63 68 32 00 2C 08 00 12 31 38 56 56 56 56 56 56 56 56 56 56 56 56 56 56 56 56 95 F8 
2026/10/1 14:23:34.143 [RX] - 56 69 56 4F 74 65 63 68 32 00 2C 00 00 00 1C 9B  PT command (OK)

2026/10/1 14:23:34.143 [RX] - 00 00 00 00 00 00 00 00 00 00 00 00 00 00 00 00 00 00 00 00 00 00 00 00 00 00 00 00 00 00 00 00 00 00 00 00 00 00 00 00 00 00 00 00 00 00 00  ----- Write Block #57 -----

2026/10/1 14:23:34.160 [TX] - 56 69 56 4F 74 65 63 68 32 00 2C 08 00 12 31 39 57 57 57 57 57 57 57 57 57 57 57 57 57 57 57 57 90 4D 
2026/10/1 14:23:34.173 [RX] - 56 69 56 4F 74 65 63 68 32 00 2C 00 00 00 1C 9B  PT command (OK)

2026/10/1 14:23:34.173 [RX] - 00 00 00 00 00 00 00 00 00 00 00 00 00 00 00 00 00 00 00 00 00 00 00 00 00 00 00 00 00 00 00 00 00 00 00 00 00 00 00 00 00 00 00 00 00 00 00  ----- Write Block #58 -----

2026/10/1 14:23:34.205 [TX] - 56 69 56 4F 74 65 63 68 32 00 2C 08 00 12 31 3A 58 58 58 58 58 58 58 58 58 58 58 58 58 58 58 58 61 76 
2026/10/1 14:23:34.220 [RX] - 56 69 56 4F 74 65 63 68 32 00 2C 00 00 00 1C 9B  PT command (OK)

2026/10/1 14:23:34.220 [RX] - 00 00 00 00 00 00 00 00 00 00 00 00 00 00 00 00 00 00 00 00 00 00 00 00 00 00 00 00 00 00 00 00 00 00 00 00 00 00 00 00 00 00 00 00 00 00 00  ----- #59 was SKIPPED -----
 
Mifare auth - Sector 15


2026/10/1 14:23:34.245 [TX] - 56 69 56 4F 74 65 63 68 32 00 2C 06 00 08 3C 01 FF FF FF FF FF FF 5B 70 
2026/10/1 14:23:34.257 [RX] - 56 69 56 4F 74 65 63 68 32 00 2C 00 00 00 1C 9B  PT command (OK)

2026/10/1 14:23:34.257 [RX] - 00 00 00 00 00 00 00 00 00 00 00 00 00 00 00 00 00 00 00 00 00 00 00 00 00 00 00 00 00 00 00 00 00 00 00 00 00 00 00 00 00 00 00 00 00 00 00  ----- Write Block #60 -----

2026/10/1 14:23:34.286 [TX] - 56 69 56 4F 74 65 63 68 32 00 2C 08 00 12 31 3C 60 60 60 60 60 60 60 60 60 60 60 60 60 60 60 60 66 71 
2026/10/1 14:23:34.299 [RX] - 56 69 56 4F 74 65 63 68 32 00 2C 00 00 00 1C 9B  PT command (OK)

2026/10/1 14:23:34.299 [RX] - 00 00 00 00 00 00 00 00 00 00 00 00 00 00 00 00 00 00 00 00 00 00 00 00 00 00 00 00 00 00 00 00 00 00 00 00 00 00 00 00 00 00 00 00 00 00 00  ----- Write Block #61 -----

2026/10/1 14:23:34.319 [TX] - 56 69 56 4F 74 65 63 68 32 00 2C 08 00 12 31 3D 61 61 61 61 61 61 61 61 61 61 61 61 61 61 61 61 63 C4 
2026/10/1 14:23:34.332 [RX] - 56 69 56 4F 74 65 63 68 32 00 2C 00 00 00 1C 9B  PT command (OK)

2026/10/1 14:23:34.332 [RX] - 00 00 00 00 00 00 00 00 00 00 00 00 00 00 00 00 00 00 00 00 00 00 00 00 00 00 00 00 00 00 00 00 00 00 00 00 00 00 00 00 00 00 00 00 00 00 00  ----- Write Block #62 -----

2026/10/1 14:23:34.348 [TX] - 56 69 56 4F 74 65 63 68 32 00 2C 08 00 12 31 3E 62 62 62 62 62 62 62 62 62 62 62 62 62 62 62 62 6D 1B 
2026/10/1 14:23:34.361 [RX] - 56 69 56 4F 74 65 63 68 32 00 2C 00 00 00 1C 9B  PT command (OK)

2026/10/1 14:23:34.361 [RX] - 00 00 00 00 00 00 00 00 00 00 00 00 00 00 00 00 00 00 00 00 00 00 00 00 00 00 00 00 00 00 00 00 00 00 00 00 00 00 00 00 00 00 00 00 00 00 00  ----- #63 was SKIPPED -----
 
Skipped = 16
Written = 47
 
PASSED = 47
FAILED = 0

2026/10/1 14:23:34.405 [TX] - 56 69 56 4F 74 65 63 68 32 00 2C 01 00 01 00 0D 38 
2026/10/1 14:23:34.418 [RX] - 56 69 56 4F 74 65 63 68 32 00 2C 00 00 00 1C 9B  PT command (OK)

2026/10/1 14:23:34.418 [RX] - 00 00 00 00 00 00 00 00 00 00 00 00 00 00 00 00 00 00 00 00 00 00 00 00 00 00 00 00 00 00 00 00 00 00 00 00 00 00 00 00 00 00 00 00 00 00 00  Result = PASSED
 ---------- END OF TEST ----------

 

 MASTER RESULT = PASSED


Docklight Log File (HEX) - Stopped 2026/10/1 14:23:35.523 

