Docklight Log File (HEX) - Started 2026/10/1 14:11:54.826 
 TEST CASE: ADPT006

 --- Set POS COM PORT Settings
 Set POS COM PORT...
 POS operating on COM90 @ 115200 baud...
 Set POS COM PORT - COMPLETE

 --- Pass-Through, Start

2026/10/1 14:11:56.017 [TX] - 56 69 56 4F 74 65 63 68 32 00 2C 01 00 01 01 1D 19 
2026/10/1 14:11:56.023 [RX] - 56 69 56 4F 74 65 63 68 32 00 2C 00 00 00 1C 9B 00 00 00 00 00 00 00 00 00 00 00 00 00 00 00 00 00 00 00 00 00 00 00 00 00 00 00 00 00 00 00 00 00 00 00 00 00 00 00 00 00 00 00 00 00 00 00  

 --- Poll tag 1

2026/10/1 14:12:03.715 [TX] - 56 69 56 4F 74 65 63 68 32 00 2C 40 00 02 FF 22 0C 1B 
2026/10/1 14:12:03.846 [RX] - 56 69 56 4F 74 65 63 68 32 00 2C 00 00 05 0A  0A = NFC Tag 1 76 D3 D3 00 4B 02 00 00 00 00 00 00 00 00 00 00 00 00 00 00 00 00 00 00 00 00 00 00 00 00 00 00 00 00 00 00 00 00 00 00 00 00 00 00 00 00 00 00  

 --- Tag1 Static Get All Data

2026/10/1 14:12:04.074 [TX] - 56 69 56 4F 74 65 63 68 32 00 2C 40 00 01 11 17 00 
2026/10/1 14:12:04.095 [RX] - 56 69 56 4F 74 65 63 68 32 00 2C 00 00 7A 12 4C 76 D3 D3 00 00 10 25 00 00 01 02 03 04 05 06 07 33 02 03 F0 02 03 03 00 00 00 00 00 00 00 00 00 00 00 00 00 00 00 00 00 00 00 00 00 00 00 00 00 00 00 00 00 00 00 00 00 00 00 00 00 00 00 00 00 00 00 00 00 00 00 00 00 00 00 00 00 00 00 00 00 00 00 00 00 00 00 00 00 00 00 00 00 00 00 00 00 00 00 00 00 00 00 00 00 55 55 AA AA 12 4C 06 00 01 E0 00 00 00 00 00 00 09 B1 00 00 00 00 00 00 00 00 00 00 00 00 00 00 00 00 00 00 00 00 00 00 00 00 00 00 00 00 00 00 00 00 00 00 00 00 00 00 00 00 00 00 00 00 00 00 00 00 00 00 00  

 --- Tag1 Static Read a byte 01 

2026/10/1 14:12:04.324 [TX] - 56 69 56 4F 74 65 63 68 32 00 2C 40 00 02 12 01 7E F4 
2026/10/1 14:12:04.333 [RX] - 56 69 56 4F 74 65 63 68 32 00 2C 00 00 02 01 D3 D2 83 00 00 00 00 00 00 00 00 00 00 00 00 00 00 00 00 00 00 00 00 00 00 00 00 00 00 00 00 00 00 00 00 00 00 00 00 00 00 00 00 00 00 00 00 00  

 --- Tag1 Static Read a byte 02

2026/10/1 14:12:04.565 [TX] - 56 69 56 4F 74 65 63 68 32 00 2C 40 00 02 12 02 4E 97 
2026/10/1 14:12:04.574 [RX] - 56 69 56 4F 74 65 63 68 32 00 2C 00 00 02 02 D3 87 D0 00 00 00 00 00 00 00 00 00 00 00 00 00 00 00 00 00 00 00 00 00 00 00 00 00 00 00 00 00 00 00 00 00 00 00 00 00 00 00 00 00 00 00 00 00  

 --- Tag1 Static Read a byte 0A

2026/10/1 14:12:04.828 [TX] - 56 69 56 4F 74 65 63 68 32 00 2C 40 00 02 12 0A CF 9F 
2026/10/1 14:12:04.837 [RX] - 56 69 56 4F 74 65 63 68 32 00 2C 00 00 02 0A  0A = NFC Tag 1 02 D5 25 00 00 00 00 00 00 00 00 00 00 00 00 00 00 00 00 00 00 00 00 00 00 00 00 00 00 00 00 00 00 00 00 00 00 00 00 00 00 00 00 00 00 00 00 00  

 --- Tag1 Static Read a byte 09

2026/10/1 14:12:05.066 [TX] - 56 69 56 4F 74 65 63 68 32 00 2C 40 00 02 12 09 FF FC 
2026/10/1 14:12:05.074 [RX] - 56 69 56 4F 74 65 63 68 32 00 2C 00 00 02 09 01 B0 15 00 00 00 00 00 00 00 00 00 00 00 00 00 00 00 00 00 00 00 00 00 00 00 00 00 00 00 00 00 00 00 00 00 00 00 00 00 00 00 00 00 00 00 00 00  

 --- Tag1 Static Write a byte

2026/10/1 14:12:05.312 [TX] - 56 69 56 4F 74 65 63 68 32 00 2C 40 00 03 13 09 F2 6C 29 
2026/10/1 14:12:05.327 [RX] - 56 69 56 4F 74 65 63 68 32 00 2C 00 00 02 09 F2 6F 69 00 00 00 00 00 00 00 00 00 00 00 00 00 00 00 00 00 00 00 00 00 00 00 00 00 00 00 00 00 00 00 00 00 00 00 00 00 00 00 00 00 00 00 00 00  

 --- Tag1 Static Write a byte NE

2026/10/1 14:12:05.560 [TX] - 56 69 56 4F 74 65 63 68 32 00 2C 40 00 03 14 0A FF 6D 47 
2026/10/1 14:12:05.571 [RX] - 56 69 56 4F 74 65 63 68 32 00 2C 00 00 02 0A  0A = NFC Tag 1 FF EB 97 00 00 00 00 00 00 00 00 00 00 00 00 00 00 00 00 00 00 00 00 00 00 00 00 00 00 00 00 00 00 00 00 00 00 00 00 00 00 00 00 00 00 00 00 00  

 --- Tag1 Dynamic Read a segment

2026/10/1 14:12:05.809 [TX] - 56 69 56 4F 74 65 63 68 32 00 2C 40 00 02 15 12 C5 31 
2026/10/1 14:12:05.830 [RX] - 56 69 56 4F 74 65 63 68 32 00 2C 00 00 81 12 00 00 00 00 00 00 00 00 00 00 00 00 00 00 00 00 00 00 00 00 00 00 00 00 00 00 00 00 00 00 00 00 00 00 00 00 00 00 00 00 00 00 00 00 00 00 00 00 00 00 00 00 00 00 00 00 00 00 00 00 00 00 00 00 00 00 00 00 00 00 00 00 00 00 00 00 00 00 00 00 00 00 00 00 00 00 00 00 00 00 00 00 00 00 00 00 00 00 00 00 00 00 00 00 00 00 00 00 00 00 00 00 00 00 00 00 00 00 00 00 00 00 00 00 00 00 00 00 14 63 00 00 00 00 00 00 00 00 00 00 00 00 00 00 00 00 00 00 00 00 00 00 00 00 00 00 00 00 00 00 00 00 00 00 00 00 00 00 00 00 00 00 00 00  

 --- Tag1 Dynamic Write 8 bytes

2026/10/1 14:12:06.075 [TX] - 56 69 56 4F 74 65 63 68 32 00 2C 40 00 0A 17 01 00 01 02 03 04 05 06 07 86 0E 
2026/10/1 14:12:06.090 [RX] - 56 69 56 4F 74 65 63 68 32 00 2C 00 00 09 01 00 01 02 03 04 05 06 07 18 EA 00 00 00 00 00 00 00 00 00 00 00 00 00 00 00 00 00 00 00 00 00 00 00 00 00 00 00 00 00 00 00 00 00 00 00 00 00 00  

 --- Tag1 Dynamic Write 8 bytes NE

2026/10/1 14:12:06.324 [TX] - 56 69 56 4F 74 65 63 68 32 00 2C 40 00 0A 18 01 00 01 02 03 04 05 06 07 D0 BF 
2026/10/1 14:12:06.337 [RX] - 56 69 56 4F 74 65 63 68 32 00 2C 00 00 09 01 00 01 02 03 04 05 06 07 18 EA 00 00 00 00 00 00 00 00 00 00 00 00 00 00 00 00 00 00 00 00 00 00 00 00 00 00 00 00 00 00 00 00 00 00 00 00 00 00  

 --- Poll tag 2

2026/10/1 14:12:11.604 [TX] - 56 69 56 4F 74 65 63 68 32 00 2C 40 00 02 FF 22 0C 1B 
2026/10/1 14:12:11.743 [RX] - 56 69 56 4F 74 65 63 68 32 00 2C 00 00 08 0B  0B = NFC Tag 2 04 2B 6E 9A 67 34 80 0D F0 00 00 00 00 00 00 00 00 00 00 00 00 00 00 00 00 00 00 00 00 00 00 00 00 00 00 00 00 00 00 00 00 00 00 00 00 00 00 00  

 --- Tag2 Write Data(4 bytes)

2026/10/1 14:12:11.976 [TX] - 56 69 56 4F 74 65 63 68 32 00 2C 40 00 06 22 09 11 32 33 35 C3 3C 
2026/10/1 14:12:11.982 [RX] - 56 69 56 4F 74 65 63 68 32 00 2C 0A 00 00 DB 5A 00 00 00 00 00 00 00 00 00 00 00 00 00 00 00 00 00 00 00 00 00 00 00 00 00 00 00 00 00 00 00 00 00 00 00 00 00 00 00 00 00 00 00 00 00 00 00  

 --- Pass-Through Mode, Stop 

2026/10/1 14:12:22.196 [TX] - 56 69 56 4F 74 65 63 68 32 00 2C 01 00 01 00 0D 38 
2026/10/1 14:12:22.209 [RX] - 56 69 56 4F 74 65 63 68 32 00 2C 00 00 00 1C 9B 00 00 00 00 00 00 00 00 00 00 00 00 00 00 00 00 00 00 00 00 00 00 00 00 00 00 00 00 00 00 00 00 00 00 00 00 00 00 00 00 00 00 00 00 00 00 00  

 Result = FAILED
 ---------- END OF TEST ----------

 

 MASTER RESULT = FAILED


Docklight Log File (HEX) - Stopped 2026/10/1 14:12:23.352 

