Docklight Log File (HEX) - Started 2026/9/15 11:15:10.502 
 TEST CASE: AndroidPayT001-3

 --- Set POS COM PORT Settings
 Set POS COM PORT...
 POS operating on COM90 @ 115200 baud...
 Set POS COM PORT - COMPLETE

 

--- Burst Off (04-00)

2026/9/15 11:15:13.027 [TX] - 56 69 56 4F 74 65 63 68 32 00 04 00 00 05 DF EE 7E 01 00 60 1E 
2026/9/15 11:15:13.179 [RX] - 56 69 56 4F 74 65 63 68 32 00 04 00 00 00 AE 16  pass pass 00 00 00 00 00 00 00 00 00 00 00 00 00 00 00 00 00 00 00 00 00 00 00 00 00 00 00 00 00 00 00 00 00 00 00 00 00 00 00 00 00 00 00 00 00 00 00  

Poll on Demand

2026/9/15 11:15:13.595 [TX] - 56 69 56 4F 74 65 63 68 32 00 01 01 00 01 01 D7 34 
2026/9/15 11:15:13.609 [RX] - 56 69 56 4F 74 65 63 68 32 00 01 00 00 00 12 53  pass 00 00 00 00 00 00 00 00 00 00 00 00 00 00 00 00 00 00 00 00 00 00 00 00 00 00 00 00 00 00 00 00 00 00 00 00 00 00 00 00 00 00 00 00 00 00 00  C7-A3

2026/9/15 11:15:13.630 [TX] - 56 69 56 4F 74 65 63 68 32 00 C7 A3 00 02 01 00 B1 A5 
2026/9/15 11:15:13.639 [RX] - 56 69 56 4F 74 65 63 68 32 00 C7 00 00 06 00 00 00 00 00 00 2E 90 00 00 00 00 00 00 00 00 00 00 00 00 00 00 00 00 00 00 00 00 00 00 00 00 00 00 00 00 00 00 00 00 00 00 00 00 00 00 00 00 00  

--- Activate transaction response - Androidpay

2026/9/15 11:15:14.706 [TX] - 56 69 56 4F 74 65 63 68 32 00 02 40 00 0A 0A 9F 02 06 00 00 00 00 10 00 18 73 
2026/9/15 11:15:14.745 [RX] - 56 69 56 4F 74 65 63 68 32 00 02 63 00 00 4B B4 00 00 00 00 00 00 00 00 00 00 00 00 00 00 00 00 00 00 00 00 00 00 00 00 00 00 00 00 00 00 00 00 00 00 00 00 00 00 00 00 00 00 00 00 00 00 00 56 69 56 4F 74 65 63 68 32 00 61 01 00 10 03 00 00 02 00 45 4E 03 00 82 57 1C 02 00 00 60 FB 9A 00 00 00 00 00 00 00 00 00 00 00 00 00 00 00 00 00 00 00 00 00 00 00 00 00 00 00 00 00 00 00 56 69 56 4F 74 65 63 68 32 00 61 01 00 1A 04 00 00 02 00 45 4E 0D 00 84 01 1C 04 24 1C 04 31 30 2E 30 30 1C 02 00 F4 21 DF 2B 00 00 00 00 00 00 00 00 00 00 00 00 00 00 00 00 00 00 00 00 00 56 69 56 4F 74 65 63 68 32 00 61 01 00 10 03 00 00 02 00 45 4E 03 00 82 1A 1C 02 00 F4 21 58 29 00 00 00 00 00 00 00 00 00 00 00 00 00 00 00 00 00 00 00 00 00 00 00 00 00 00 00 00 00 00 00 56 69 56 4F 74 65 63 68 32 00 61 01 00 10 03 00 00 02 00 45 4E 03 00 82 68 1C 02 00 F4 21 96 F5 00 00 00 00 00 00 00 00 00 00 00 00 00 00 00 00 00 00 00 00 00 00 00 00 00 00 00 00 00 00 00 56 69 56 4F 74 65 63 68 32 00 61 01 00 10 03 00 00 02 00 45 4E 03 00 82 15 1C 02 00 F4 21 9D 2A 00 00 00 00 00 00 00 00 00 00 00 00 00 00 00 00 00 00 00 00 00 00 00 00 00 00 00 00 00 00 00 56 69 56 4F 74 65 63 68 32 00 02 23 01 88 E1 DF EE 26 02 E1 00 DF EE 12 0A FF FF 98 76 54 32 11 00 00 10 DF EF 4C 06 00 27 00 00 00 00 DF EF 4D 28 B5 E1 FB 3F A7 37 7C 82 2F E3 35 69 D0 A2 86 FE F9 6A AE 6E 7C 29 83 5C 1F 21 25 71 F3 F9 54 A1 0D E1 75 7B 64 C9 D2 BB DF 81 29 08 30 F0 F0 F0 A0 F0 FF 00 DF 81 16 16 1B FF 00 00 13 00 00 00 00 00 00 00 00 00 00 00 00 00 00 00 00 00 FF 81 05 81 E2 57 A1 13 49 21 CC CC CC CC 62 70 D2 80 4C CC CC CC CC CC CC CC CC 57 C1 18 CE FC FA F7 B5 F1 FA 1B 34 7E 1C 65 F0 2B 36 BE EA 18 69 CF 61 7F A3 6C 5F 34 01 00 82 02 20 40 84 07 A0 00 00 00 03 10 10 95 05 00 00 00 00 00 9A 03 26 09 15 9C 01 00 9F 02 06 00 00 00 00 10 00 9F 03 06 00 00 00 00 00 00 9F 06 07 A0 00 00 00 03 10 10 9F 07 02 C0 00 9F 09 02 00 02 9F 10 20 1F 43 FE 51 20 00 00 00 00 00 00 00 00 06 60 12 00 00 00 00 00 00 00 00 00 00 00 00 00 00 00 00 9F 1A 02 08 40 9F 21 03 03 14 54 9F 26 08 5F 8D 69 CD F5 34 9C 02 9F 27 01 80 9F 33 03 E0 08 C8 9F 35 01 15 9F 36 02 05 5E 9F 37 04 1B 74 26 E9 9F 39 01 07 8F 01 10 9F 66 04 27 00 40 00 DF EF 7F 01 8C DF ED 6D 01 F1 FF EE 01 0A DF EE 30 01 00 DF EE 5B 01 08 DF EC 1C 1E 08 03 00 04 FF 00 1B 00 00 00 13 FF 00 00 00 00 00 00 00 00 00 00 00 00 00 00 00 00 FF 00 82 BD 00 00 00 00 00 00 00 00 00 00 00 00 00 00 00 00 00 00 00 00 00 00 00 00 00 00 00 00 00 00 00 00 00  

 ---------- END OF TEST ----------

 Result = PASSED


Docklight Log File (HEX) - Stopped 2026/9/15 11:15:16.630 

