Docklight Log File (HEX) - Started 2026/9/8 15:28:24.914 
 TEST CASE: SGP204

 --- Set POS COM PORT Settings
 Set POS COM PORT...
 POS operating on COM90 @ 115200 baud...
 Set POS COM PORT - COMPLETE

 

 --- Check DUKPT Keys Extended (81-0C)

2026/9/8 15:28:26.072 [TX] - 56 69 56 4F 74 65 63 68 32 00 81 0C 00 00 0A BA 
2026/9/8 15:28:26.481 [RX] - 56 69 56 4F 74 65 63 68 32 00 81 00 00 09 14 00 00 02 00 00 51 00 00 2B 89 00 00 00 00 00 00 00 00 00 00 00 00 00 00 00 00 00 00 00 00 00 00 00 00 00 00 00 00 00 00 00 00 00 00 00 00 00 00  


2026/9/8 15:28:26.490 [TX] - 56 69 56 4F 74 65 63 68 32 00 60 16 00 01 02 B3 FD 
2026/9/8 15:28:26.499 [RX] - 56 69 56 4F 74 65 63 68 32 00 60 02 00 00 53 55 00 00 00 00 00 00 00 00 00 00 00 00 00 00 00 00 00 00 00 00 00 00 00 00 00 00 00 00 00 00 00 00 00 00 00 00 00 00 00 00 00 00 00 00 00 00 00 
2026/9/8 15:28:27.002 [TX] - 56 69 56 4F 74 65 63 68 32 00 60 03 00 65 07 00 A0 00 00 00 03 10 10 0F 00 9F 01 06 56 49 53 41 30 30 5F 57 01 00 5F 2A 02 08 40 9F 09 02 00 96 5F 36 01 02 9F 1B 04 00 00 3A 98 DF 25 03 9F 37 04 DF 28 03 9F 08 02 DF EE 15 01 01 DF 13 05 00 00 00 00 00 DF 14 05 00 00 00 00 00 DF 15 05 00 00 00 00 00 DF 18 01 00 DF 17 04 00 00 27 10 DF 19 01 00 F3 97 
2026/9/8 15:28:27.017 [RX] - 56 69 56 4F 74 65 63 68 32 00 60 02 00 00 53 55 00 00 00 00 00 00 00 00 00 00 00 00 00 00 00 00 00 00 00 00 00 00 00 00 00 00 00 00 00 00 00 00 00 00 00 00 00 00 00 00 00 00 00 00 00 00 00 
2026/9/8 15:28:27.519 [TX] - 56 69 56 4F 74 65 63 68 32 00 60 06 00 C8 18 00 5F 36 01 02 9F 1A 02 08 40 9F 35 01 21 9F 33 03 60 28 C8 9F 40 05 F0 00 F0 A0 01 9F 1E 08 54 65 72 6D 69 6E 61 6C 9F 15 02 12 34 9F 16 0F 30 30 30 30 30 30 30 30 30 30 30 30 30 30 30 9F 1C 08 38 37 36 35 34 33 32 31 9F 4E 22 31 30 37 32 31 20 57 61 6C 6B 65 72 20 53 74 2E 20 43 79 70 72 65 73 73 2C 20 43 41 20 2C 55 53 41 2E DF 26 01 01 DF 10 08 65 6E 66 72 65 73 7A 68 DF 11 01 00 DF 27 01 00 DF EE 15 01 01 DF EE 16 01 00 DF EE 17 01 05 DF EE 18 01 80 DF EE 1E 08 D0 DC 20 D0 C4 1E 16 00 DF EE 1F 01 80 DF EE 1B 08 30 30 30 31 35 31 30 30 DF EE 20 01 3C DF EE 21 01 0A DF EE 22 03 32 3C 3C C3 41 
2026/9/8 15:28:27.533 [RX] - 56 69 56 4F 74 65 63 68 32 00 60 02 00 00 53 55 00 00 00 00 00 00 00 00 00 00 00 00 00 00 00 00 00 00 00 00 00 00 00 00 00 00 00 00 00 00 00 00 00 00 00 00 00 00 00 00 00 00 00 00 00 00 00  

 --- C7-D7: DFEC10 = 01 (enable calculate salted hash token)

2026/9/8 15:28:28.043 [TX] - 56 69 56 4F 74 65 63 68 32 00 C7 D7 00 05 DF EC 10 01 01 91 5F 
2026/9/8 15:28:28.051 [RX] - 56 69 56 4F 74 65 63 68 32 00 C7 00 00 00 86 6E 00 00 00 00 00 00 00 00 00 00 00 00 00 00 00 00 00 00 00 00 00 00 00 00 00 00 00 00 00 00 00 00 00 00 00 00 00 00 00 00 00 00 00 00 00 00 00  

 --- Transaction Result Configuration (read)

2026/9/8 15:28:28.080 [TX] - 56 69 56 4F 74 65 63 68 32 00 C7 D7 00 00 6A 66 
2026/9/8 15:28:28.084 [RX] - 56 69 56 4F 74 65 63 68 32 00 C7 00 00 0A DF EC 10 01 01 DF EC 60 01 00 49 86 00 00 00 00 00 00 00 00 00 00 00 00 00 00 00 00 00 00 00 00 00 00 00 00 00 00 00 00 00 00 00 00 00 00 00 00 00  

 --- 02-40 (enable CL interface)

2026/9/8 15:28:28.942 [TX] - 56 69 56 4F 74 65 63 68 32 00 02 40 00 1A 0A 9F 02 06 00 00 00 00 10 00 9A 03 07 11 21 9F 21 03 10 15 20 DF EF 37 01 02 D2 C2 
2026/9/8 15:28:31.004 [RX] - 56 69 56 4F 74 65 63 68 32 00 02 23 02 1E E1 DF EE 26 02 E1 00 DF EE 12 0A FF FF FF 02 00 1C B6 60 00 0A DF 81 16 16 17 04 00 00 0D 00 00 00 00 00 00 00 00 00 00 00 00 00 00 00 00 00 DF 81 29 08 30 F0 F0 F0 B0 F0 FF 00 FF 81 06 09 9F 5D 06 00 00 00 01 00 00 FF 81 05 82 01 53 4F 07 A0 00 00 00 03 10 10 50 0C 56 49 53 41 20 54 45 53 54 20 30 31 57 A1 13 47 61 CC CC CC CC CC C0 11 1D 20 12 CC CC CC CC CC CC CC 57 C1 18 35 79 17 2F 51 48 EA 4F FB CE 9D AA EA A6 E4 5E B1 59 47 D1 2E D8 2C 75 5A A1 0A 47 61 CC CC CC CC CC C0 11 1F 5A C1 10 2D 72 09 39 42 05 2C 63 25 71 68 1C 1E 1C CB EC 82 02 20 20 84 07 A0 00 00 00 03 10 10 8F 01 51 95 05 00 00 00 00 00 9A 03 07 11 21 5F 24 03 30 12 31 5F 28 02 08 26 5F 2A 02 08 40 5F 2D 04 65 73 65 6E 5F 34 01 01 5F 36 01 02 9F 02 06 00 00 00 00 10 00 9F 06 07 A0 00 00 00 03 10 10 9F 10 07 06 01 11 03 90 00 00 9F 11 01 01 9F 12 0C 50 72 65 66 20 4E 61 6D 65 20 30 31 9F 1A 02 08 40 9F 1B 04 00 00 1F 40 9F 1E 08 33 5A 30 30 30 36 30 34 9F 21 03 10 15 20 9F 26 08 AA BB CC DD EE FF 11 22 9F 27 01 40 9F 33 03 E0 08 40 9F 34 03 3F 00 00 9F 35 01 15 9F 36 02 00 03 9F 37 04 F8 1C A4 DA 9F 39 01 07 9F 40 05 80 00 00 00 00 9F 41 04 00 00 00 04 9F 66 04 30 00 C0 00 9F 69 07 01 11 22 33 44 20 00 9F 6C 02 20 00 DF 81 26 06 00 00 00 00 60 00 DF EE 5B 01 05 DF 81 16 16 1B FF 00 00 13 65 73 65 6E 00 00 00 00 20 00 00 00 01 00 00 08 40 96 08 03 00 00 00 00 00 00 00 DF EE 4C 01 06 DF EC 1C 1E 08 03 00 04 FF 00 1B 00 00 00 13 01 00 00 00 01 00 00 08 40 65 73 65 6E 00 00 00 00 FF 00 DF EF 4C 06 00 00 00 00 00 00 DF EF 4D 00 DF EC 11 20  DFEC11 C7 E3 AC 58 24 0E 19 65 4D 6D C6 72 48 70 BF 04 76 6C E3 FF 61 1C 52 68 CC 4D B6 1F 24 31 FE 85 FA 36 00 00 00 00 00 00 00 00 00  

 ---------- END OF TEST ----------

 Result = PASSED


Docklight Log File (HEX) - Stopped 2026/9/8 15:28:31.827 

