Docklight Log File (HEX) - Started 2026/9/30 15:47:13.844 
 TEST CASE: PCD005

 --- Set POS COM PORT Settings
 Set POS COM PORT...
 POS operating on COM90 @ 115200 baud...
 Set POS COM PORT - COMPLETE


2026/9/30 15:47:16.116 [TX] - 56 69 56 4F 74 65 63 68 32 00 2C 01 00 01 00 0D 38 
2026/9/30 15:47:16.132 [RX] - 56 69 56 4F 74 65 63 68 32 00 2C 0C 00 00 69 FA 00 00 00 00 00 00 00 00 00 00 00 00 00 00 00 00 00 00 00 00 00 00 00 00 00 00 00 00 00 00 00 00 00 00 00 00 00 00 00 00 00 00 00 00 00 00 00  --- Start PT Mode

2026/9/30 15:47:17.528 [TX] - 56 69 56 4F 74 65 63 68 32 00 2C 01 00 01 01 1D 19 
2026/9/30 15:47:17.541 [RX] - 56 69 56 4F 74 65 63 68 32 00 2C 00 00 00 1C 9B 00 00 00 00 00 00 00 00 00 00 00 00 00 00 00 00 00 00 00 00 00 00 00 00 00 00 00 00 00 00 00 00 00 00 00 00 00 00 00 00 00 00 00 00 00 00 00  

 ---Turn On Antenna

2026/9/30 15:47:17.967 [TX] - 56 69 56 4F 74 65 63 68 32 00 28 01 00 01 01 94 1F 
2026/9/30 15:47:17.977 [RX] - 56 69 56 4F 74 65 63 68 32 00 28 00 00 00 D6 6A 00 00 00 00 00 00 00 00 00 00 00 00 00 00 00 00 00 00 00 00 00 00 00 00 00 00 00 00 00 00 00 00 00 00 00 00 00 00 00 00 00 00 00 00 00 00 00  

 ---Poll For Token

2026/9/30 15:47:18.405 [TX] - 56 69 56 4F 74 65 63 68 32 00 2C 02 00 02 00 C8 06 6B 
2026/9/30 15:47:18.544 [RX] - 56 69 56 4F 74 65 63 68 32 00 2C 00 00 05 03 7E BD BA E5 FA EE 00 00 00 00 00 00 00 00 00 00 00 00 00 00 00 00 00 00 00 00 00 00 00 00 00 00 00 00 00 00 00 00 00 00 00 00 00 00 00 00 00 00  

 --- PCD Load Key 0F0F0F0F

2026/9/30 15:47:18.967 [TX] - 56 69 56 4F 74 65 63 68 32 00 2C 04 00 13 19 00 00 29 68 01 0F 0F 0F 0F 0F 0F 0F 0F 0F 0F 0F 0F 0F 89 0E 
2026/9/30 15:47:18.974 [RX] - 56 69 56 4F 74 65 63 68 32 00 2C 00 00 05 00 00 00 00 00 14 F0 00 00 00 00 00 00 00 00 00 00 00 00 00 00 00 00 00 00 00 00 00 00 00 00 00 00 00 00 00 00 00 00 00 00 00 00 00 00 00 00 00 00  

 --- PCD Auth Sector 1 - add card snr

2026/9/30 15:47:19.530 [TX] - 56 69 56 4F 74 65 63 68 32 00 2C 04 00 0D 0C 00 00 29 68 01 0F 60 07 7E BD BA E5 EC 40 
2026/9/30 15:47:19.542 [RX] - 56 69 56 4F 74 65 63 68 32 00 2C 00 00 05 00 00 00 00 00 14 F0 00 00 00 00 00 00 00 00 00 00 00 00 00 00 00 00 00 00 00 00 00 00 00 00 00 00 00 00 00 00 00 00 00 00 00 00 00 00 00 00 00 00  

 --- PCD Read Block 0

2026/9/30 15:47:19.980 [TX] - 56 69 56 4F 74 65 63 68 32 00 2C 04 00 09 1E 00 00 29 68 01 0F 30 00 C1 2C 
2026/9/30 15:47:19.988 [RX] - 56 69 56 4F 74 65 63 68 32 00 2C 00 00 06 00 00 00 00 08 04 B3 1A 00 00 00 00 00 00 00 00 00 00 00 00 00 00 00 00 00 00 00 00 00 00 00 00 00 00 00 00 00 00 00 00 00 00 00 00 00 00 00 00 00  

 --- PCD Read Block 1

2026/9/30 15:47:21.009 [TX] - 56 69 56 4F 74 65 63 68 32 00 2C 04 00 09 1E 00 00 29 68 01 0F 30 01 D1 0D 
2026/9/30 15:47:21.026 [RX] - 56 69 56 4F 74 65 63 68 32 00 2C 00 00 05 00 00 00 00 00 14 F0 00 00 00 00 00 00 00 00 00 00 00 00 00 00 00 00 00 00 00 00 00 00 00 00 00 00 00 00 00 00 00 00 00 00 00 00 00 00 00 00 00 00  

 --- PCD Read Block 2

2026/9/30 15:47:21.554 [TX] - 56 69 56 4F 74 65 63 68 32 00 2C 04 00 09 1E 00 00 29 68 01 0F 30 00 C1 2C 
2026/9/30 15:47:21.585 [RX] - 56 69 56 4F 74 65 63 68 32 00 2C 00 00 05 00 00 00 00 00 14 F0 00 00 00 00 00 00 00 00 00 00 00 00 00 00 00 00 00 00 00 00 00 00 00 00 00 00 00 00 00 00 00 00 00 00 00 00 00 00 00 00 00 00  

 --- PCD Read Block 3

2026/9/30 15:47:22.117 [TX] - 56 69 56 4F 74 65 63 68 32 00 2C 04 00 09 1E 00 00 29 68 01 0F 30 03 F1 4F 
2026/9/30 15:47:22.134 [RX] - 56 69 56 4F 74 65 63 68 32 00 2C 00 00 05 00 00 00 00 00 14 F0 00 00 00 00 00 00 00 00 00 00 00 00 00 00 00 00 00 00 00 00 00 00 00 00 00 00 00 00 00 00 00 00 00 00 00 00 00 00 00 00 00 00 
2026/9/30 15:47:22.147 [TX] - 56 69 56 4F 74 65 63 68 32 00 2C 01 00 01 00 0D 38 
2026/9/30 15:47:22.160 [RX] - 56 69 56 4F 74 65 63 68 32 00 2C 00 00 00 1C 9B 00 00 00 00 00 00 00 00 00 00 00 00 00 00 00 00 00 00 00 00 00 00 00 00 00 00 00 00 00 00 00 00 00 00 00 00 00 00 00 00 00 00 00 00 00 00 00  

 Result = PASSED
 ---------- END OF TEST ----------

 

 MASTER RESULT = PASSED


Docklight Log File (HEX) - Stopped 2026/9/30 15:47:23.266 

