Docklight Log File (HEX) - Started 2026/10/6 14:25:14.666 
 TEST CASE: EDC03-3

 --- Set POS COM PORT Settings
 Set POS COM PORT...
 POS operating on COM90 @ 115200 baud...
 Set POS COM PORT - COMPLETE

 --- Poll on Demand

2026/10/6 14:25:16.017 [TX] - 56 69 56 4F 74 65 63 68 32 00 01 01 00 01 01 D7 34 
2026/10/6 14:25:16.029 [RX] - 56 69 56 4F 74 65 63 68 32 00 01 00 00 00 12 53 00 00 00 00 00 00 00 00 00 00 00 00 00 00 00 00 00 00 00 00 00 00 00 00 00 00 00 00 00 00 00 00 00 00 00 00 00 00 00 00 00 00 00 00 00 00 00  

 --- Burst mode Off

2026/10/6 14:25:16.555 [TX] - 56 69 56 4F 74 65 63 68 32 00 04 00 00 05 DF EE 7E 01 00 60 1E 
2026/10/6 14:25:16.593 [RX] - 56 69 56 4F 74 65 63 68 32 00 04 00 00 00 AE 16 00 00 00 00 00 00 00 00 00 00 00 00 00 00 00 00 00 00 00 00 00 00 00 00 00 00 00 00 00 00 00 00 00 00 00 00 00 00 00 00 00 00 00 00 00 00 00 
2026/10/6 14:25:16.601 [TX] - 56 69 56 4F 74 65 63 68 32 00 04 03 00 B5 DF EE 2D 01 80 5F 57 00 9F 01 00 DF EE 28 03 00 08 08 DF EE 29 03 00 60 08 DF EE 6B 08 30 30 30 30 30 30 30 30 DF 81 1B 01 40 DF 81 1E 01 10 DF 81 2C 01 00 DF 81 1C 02 00 00 9F 15 02 11 11 9F 16 00 9F 4E 00 9F 7E 00 9F 1B 04 00 00 27 10 DF 81 24 06 00 00 00 03 00 00 DF 81 25 06 00 00 00 05 00 00 DF 81 26 06 00 00 00 00 10 00 FF FD 05 00 00 00 00 00 FF FE 05 00 00 00 00 00 FF FF 05 00 00 00 00 00 9F 33 03 00 08 08 9F 1A 02 00 56 9F 1C 00 9F 35 01 22 9A 03 FF FF FF 5F 2A 02 09 78 5F 36 01 02 9F 21 03 FF FF FF DF EE 37 01 03 DF EE 38 01 00 74 C9 
2026/10/6 14:25:16.614 [RX] - 56 69 56 4F 74 65 63 68 32 00 04 05 00 00 45 E6 00 00 00 00 00 00 00 00 00 00 00 00 00 00 00 00 00 00 00 00 00 00 00 00 00 00 00 00 00 00 00 00 00 00 00 00 00 00 00 00 00 00 00 00 00 00 00  

 --- 04-00-----DFEF4B = 60 T1+PAN

2026/10/6 14:25:17.123 [TX] - 56 69 56 4F 74 65 63 68 32 00 04 00 00 07 DF EF 4B 03 60 00 00 66 DF 
2026/10/6 14:25:17.219 [RX] - 56 69 56 4F 74 65 63 68 32 00 04 00 00 00 AE 16 00 00 00 00 00 00 00 00 00 00 00 00 00 00 00 00 00 00 00 00 00 00 00 00 00 00 00 00 00 00 00 00 00 00 00 00 00 00 00 00 00 00 00 00 00 00 00  

 --- 02-40 Activate Transaction

2026/10/6 14:25:17.954 [TX] - 56 69 56 4F 74 65 63 68 32 00 02 40 00 15 0A 9F 02 06 00 00 00 00 10 00 9A 03 07 11 21 9F 21 03 10 15 20 5E 34 
2026/10/6 14:25:18.794 [RX] - 56 69 56 4F 74 65 63 68 32 00 02 23 02 6D 31 DF EE 26 02 31 00 DF 81 16 0D 1E 04 00 00 00 65 6E 00 00 00 00 00 00 DF 81 29 08 30 F0 F0 00 30 F0 FF 00 FF 81 06 30 DF 81 2A 0D 30 30 30 30 30 30 30 30 30 30 30 30 30 DF 81 2B 07 00 00 00 00 00 00 0F DF 81 15 06 00 00 00 00 00 FF 9F 6E 07 08 40 00 00 30 30 00 FF 81 05 82 01 33 4F 07 A0 00 00 00 04 10 10 50 10 44 65 62 69 74 20 4D 61 73 74 65 72 43 61 72 64 56 29 42 35 31 32 38 35 37 30 31 30 30 30 33 38 30 37 32 5E 20 2F 5E 31 38 30 33 36 32 32 30 30 30 37 37 39 37 32 34 37 35 38 32 82 02 19 80 84 07 A0 00 00 00 04 10 10 95 05 00 00 00 00 00 9A 03 07 11 21 9B 02 00 00 9C 01 00 5F 2D 02 65 6E 9F 01 00 9F 02 06 00 00 00 00 10 00 9F 03 06 00 00 00 00 00 00 9F 06 07 A0 00 00 00 04 10 10 9F 09 02 00 02 9F 11 01 01 9F 12 10 44 65 62 69 74 20 4D 61 73 74 65 72 43 61 72 64 9F 15 02 11 11 9F 16 00 9F 1A 02 08 40 9F 1C 00 9F 1D 08 6C FF 00 00 00 00 00 00 9F 1E 08 33 5A 30 30 31 30 35 35 9F 21 03 10 15 20 9F 2A 01 02 9F 33 03 00 00 08 9F 34 03 00 00 00 9F 35 01 22 9F 36 02 1E 75 9F 37 04 58 59 C2 A6 9F 39 01 91 9F 40 05 00 00 00 00 00 9F 41 04 00 00 00 15 9F 4E 00 9F 53 01 00 9F 66 02 07 F0 9F 6A 04 00 00 00 24 9F 6B 13 51 28 57 01 00 03 80 72 D1 80 36 22 00 07 79 72 49 67 2F 9F 6D 02 00 01 DF 81 0C 01 02 96 08 02 00 00 00 00 00 00 00 DF EE 4C 01 03 DF EC 1C 1E 08 03 00 03 FF 00 1E 04 00 00 00 00 81 29 08 30 F0 F0 00 30 65 6E 00 00 00 00 00 00 FF 00 DF EF 17 29 42 35 31 32 38 35 37 30 31 30 30 30 33 38 30 37 32 5E 20 2F 5E 31 38 30 33 36 32 32 30 30 30 37 37 39 37 32 34 37 35 38 32 DF EF 18 25 35 31 32 38 35 37 30 31 30 30 30 33 38 30 37 32 3D 31 38 30 33 36 32 32 30 30 30 37 37 39 37 32 34 39 36 37 32 DF EF 4C 06 29 00 00 10 00 00 DF EF 4D 39 42 35 31 32 38 35 37 30 31 30 30 30 33 38 30 37 32 5E 20 2F 5E 31 38 30 33 36 32 32 30 30 30 37 37 39 37 32 34 37 35 38 32 35 31 32 38 35 37 30 31 30 30 30 33 38 30 37 32 FF EE 01 05 DF EE 30 01 00 22 14 00 00 00 00 00 00 00 00 00 00 00 00 00 00 00 00 00 00 00 00 00 00 00 00 00 00 00 00 00 00 00 00 00 00 00 00 00 00 00 00 00 00 00 00 00 00 00 00 00 00 00 00 00 00 00 00  

 --- 04-00-----DFEF4B = 50 T2+PAN

2026/10/6 14:25:19.338 [TX] - 56 69 56 4F 74 65 63 68 32 00 04 00 00 07 DF EF 4B 03 50 00 00 C3 1A 
2026/10/6 14:25:19.403 [RX] - 56 69 56 4F 74 65 63 68 32 00 04 00 00 00 AE 16 00 00 00 00 00 00 00 00 00 00 00 00 00 00 00 00 00 00 00 00 00 00 00 00 00 00 00 00 00 00 00 00 00 00 00 00 00 00 00 00 00 00 00 00 00 00 00  

 --- 02-40 Activate Transaction

2026/10/6 14:25:20.145 [TX] - 56 69 56 4F 74 65 63 68 32 00 02 40 00 15 0A 9F 02 06 00 00 00 00 10 00 9A 03 07 11 21 9F 21 03 10 15 20 5E 34 
2026/10/6 14:25:21.043 [RX] - 56 69 56 4F 74 65 63 68 32 00 02 23 02 69 31 DF EE 26 02 31 00 DF 81 16 0D 1E 04 00 00 00 65 6E 00 00 00 00 00 00 DF 81 29 08 30 F0 F0 00 30 F0 FF 00 FF 81 06 30 DF 81 2A 0D 30 30 30 30 30 30 30 30 30 30 30 30 30 DF 81 2B 07 00 00 00 00 00 00 0F DF 81 15 06 00 00 00 00 00 FF 9F 6E 07 08 40 00 00 30 30 00 FF 81 05 82 01 33 4F 07 A0 00 00 00 04 10 10 50 10 44 65 62 69 74 20 4D 61 73 74 65 72 43 61 72 64 56 29 42 35 31 32 38 35 37 30 31 30 30 30 33 38 30 37 32 5E 20 2F 5E 31 38 30 33 36 32 32 30 30 30 37 37 39 38 37 39 32 31 37 32 82 02 19 80 84 07 A0 00 00 00 04 10 10 95 05 00 00 00 00 00 9A 03 07 11 21 9B 02 00 00 9C 01 00 5F 2D 02 65 6E 9F 01 00 9F 02 06 00 00 00 00 10 00 9F 03 06 00 00 00 00 00 00 9F 06 07 A0 00 00 00 04 10 10 9F 09 02 00 02 9F 11 01 01 9F 12 10 44 65 62 69 74 20 4D 61 73 74 65 72 43 61 72 64 9F 15 02 11 11 9F 16 00 9F 1A 02 08 40 9F 1C 00 9F 1D 08 6C FF 00 00 00 00 00 00 9F 1E 08 33 5A 30 30 31 30 35 35 9F 21 03 10 15 20 9F 2A 01 02 9F 33 03 00 00 08 9F 34 03 00 00 00 9F 35 01 22 9F 36 02 1E 76 9F 37 04 4A 69 99 AF 9F 39 01 91 9F 40 05 00 00 00 00 00 9F 41 04 00 00 00 16 9F 4E 00 9F 53 01 00 9F 66 02 07 F0 9F 6A 04 00 00 00 79 9F 6B 13 51 28 57 01 00 03 80 72 D1 80 36 22 00 07 79 87 92 58 2F 9F 6D 02 00 01 DF 81 0C 01 02 96 08 02 00 00 00 00 00 00 00 DF EE 4C 01 03 DF EC 1C 1E 08 03 00 03 FF 00 1E 04 00 00 00 00 81 29 08 30 F0 F0 00 30 65 6E 00 00 00 00 00 00 FF 00 DF EF 17 29 42 35 31 32 38 35 37 30 31 30 30 30 33 38 30 37 32 5E 20 2F 5E 31 38 30 33 36 32 32 30 30 30 37 37 39 38 37 39 32 31 37 32 DF EF 18 25 35 31 32 38 35 37 30 31 30 30 30 33 38 30 37 32 3D 31 38 30 33 36 32 32 30 30 30 37 37 39 38 37 39 32 35 38 32 DF EF 4C 06 00 25 00 10 00 00 DF EF 4D 35 35 31 32 38 35 37 30 31 30 30 30 33 38 30 37 32 3D 31 38 30 33 36 32 32 30 30 30 37 37 39 38 37 39 32 35 38 32 35 31 32 38 35 37 30 31 30 30 30 33 38 30 37 32 FF EE 01 05 DF EE 30 01 00 16 F9 00 00 00 00 00 00 00 00 00 00 00 00 00 00 00 00 00 00 00 00 00 00 00 00 00 00 00 00 00 00 00 00 00 00 00 00 00 00 00 00 00 00 00 00 00 00 00 00 00 00 00 00 00 00 00 00 00 00 00 00  

 --- 04-00-----DFEF4B = 48 T3+PAN

2026/10/6 14:25:21.588 [TX] - 56 69 56 4F 74 65 63 68 32 00 04 00 00 07 DF EF 4B 03 48 00 00 01 F0 
2026/10/6 14:25:21.654 [RX] - 56 69 56 4F 74 65 63 68 32 00 04 00 00 00 AE 16 00 00 00 00 00 00 00 00 00 00 00 00 00 00 00 00 00 00 00 00 00 00 00 00 00 00 00 00 00 00 00 00 00 00 00 00 00 00 00 00 00 00 00 00 00 00 00  

 --- 02-40 Activate Transaction

2026/10/6 14:25:22.482 [TX] - 56 69 56 4F 74 65 63 68 32 00 02 40 00 15 0A 9F 02 06 00 00 00 00 10 00 9A 03 07 11 21 9F 21 03 10 15 20 5E 34 
2026/10/6 14:25:23.246 [RX] - 56 69 56 4F 74 65 63 68 32 00 02 23 02 44 31 DF EE 26 02 31 00 DF 81 16 0D 1E 04 00 00 00 65 6E 00 00 00 00 00 00 DF 81 29 08 30 F0 F0 00 30 F0 FF 00 FF 81 06 30 DF 81 2A 0D 30 30 30 30 30 30 30 30 30 30 30 30 30 DF 81 2B 07 00 00 00 00 00 00 0F DF 81 15 06 00 00 00 00 00 FF 9F 6E 07 08 40 00 00 30 30 00 FF 81 05 82 01 33 4F 07 A0 00 00 00 04 10 10 50 10 44 65 62 69 74 20 4D 61 73 74 65 72 43 61 72 64 56 29 42 35 31 32 38 35 37 30 31 30 30 30 33 38 30 37 32 5E 20 2F 5E 31 38 30 33 36 32 32 30 30 30 37 37 39 39 31 39 32 33 36 32 82 02 19 80 84 07 A0 00 00 00 04 10 10 95 05 00 00 00 00 00 9A 03 07 11 21 9B 02 00 00 9C 01 00 5F 2D 02 65 6E 9F 01 00 9F 02 06 00 00 00 00 10 00 9F 03 06 00 00 00 00 00 00 9F 06 07 A0 00 00 00 04 10 10 9F 09 02 00 02 9F 11 01 01 9F 12 10 44 65 62 69 74 20 4D 61 73 74 65 72 43 61 72 64 9F 15 02 11 11 9F 16 00 9F 1A 02 08 40 9F 1C 00 9F 1D 08 6C FF 00 00 00 00 00 00 9F 1E 08 33 5A 30 30 31 30 35 35 9F 21 03 10 15 20 9F 2A 01 02 9F 33 03 00 00 08 9F 34 03 00 00 00 9F 35 01 22 9F 36 02 1E 77 9F 37 04 9F FE 50 42 9F 39 01 91 9F 40 05 00 00 00 00 00 9F 41 04 00 00 00 17 9F 4E 00 9F 53 01 00 9F 66 02 07 F0 9F 6A 04 00 00 00 19 9F 6B 13 51 28 57 01 00 03 80 72 D1 80 36 22 00 07 79 91 97 52 2F 9F 6D 02 00 01 DF 81 0C 01 02 96 08 02 00 00 00 00 00 00 00 DF EE 4C 01 03 DF EC 1C 1E 08 03 00 03 FF 00 1E 04 00 00 00 00 81 29 08 30 F0 F0 00 30 65 6E 00 00 00 00 00 00 FF 00 DF EF 17 29 42 35 31 32 38 35 37 30 31 30 30 30 33 38 30 37 32 5E 20 2F 5E 31 38 30 33 36 32 32 30 30 30 37 37 39 39 31 39 32 33 36 32 DF EF 18 25 35 31 32 38 35 37 30 31 30 30 30 33 38 30 37 32 3D 31 38 30 33 36 32 32 30 30 30 37 37 39 39 31 39 37 35 32 32 DF EF 4C 06 00 00 00 10 00 00 DF EF 4D 10 35 31 32 38 35 37 30 31 30 30 30 33 38 30 37 32 FF EE 01 05 DF EE 30 01 00 2D DC 00 00 00 00 00 00 00 00 00 00 00 00 00 00 00 00 00 00 00 00 00 00 00 00 00 00 00 00 00 00 00 00 00 00  

 --- 04-00-----DFEF4B = 70 T1+T2+PAN

2026/10/6 14:25:23.787 [TX] - 56 69 56 4F 74 65 63 68 32 00 04 00 00 07 DF EF 4B 03 70 00 00 05 9C 
2026/10/6 14:25:23.887 [RX] - 56 69 56 4F 74 65 63 68 32 00 04 00 00 00 AE 16 00 00 00 00 00 00 00 00 00 00 00 00 00 00 00 00 00 00 00 00 00 00 00 00 00 00 00 00 00 00 00 00 00 00 00 00 00 00 00 00 00 00 00 00 00 00 00  

 --- 02-40 Activate Transaction

2026/10/6 14:25:24.385 [TX] - 56 69 56 4F 74 65 63 68 32 00 02 40 00 15 0A 9F 02 06 00 00 00 00 10 00 9A 03 07 11 21 9F 21 03 10 15 20 5E 34 
2026/10/6 14:25:25.072 [RX] - 56 69 56 4F 74 65 63 68 32 00 02 23 02 92 31 DF EE 26 02 31 00 DF 81 16 0D 1E 04 00 00 00 65 6E 00 00 00 00 00 00 DF 81 29 08 30 F0 F0 00 30 F0 FF 00 FF 81 06 30 DF 81 2A 0D 30 30 30 30 30 30 30 30 30 30 30 30 30 DF 81 2B 07 00 00 00 00 00 00 0F DF 81 15 06 00 00 00 00 00 FF 9F 6E 07 08 40 00 00 30 30 00 FF 81 05 82 01 33 4F 07 A0 00 00 00 04 10 10 50 10 44 65 62 69 74 20 4D 61 73 74 65 72 43 61 72 64 56 29 42 35 31 32 38 35 37 30 31 30 30 30 33 38 30 37 32 5E 20 2F 5E 31 38 30 33 36 32 32 30 30 30 37 38 30 30 37 31 32 31 34 32 82 02 19 80 84 07 A0 00 00 00 04 10 10 95 05 00 00 00 00 00 9A 03 07 11 21 9B 02 00 00 9C 01 00 5F 2D 02 65 6E 9F 01 00 9F 02 06 00 00 00 00 10 00 9F 03 06 00 00 00 00 00 00 9F 06 07 A0 00 00 00 04 10 10 9F 09 02 00 02 9F 11 01 01 9F 12 10 44 65 62 69 74 20 4D 61 73 74 65 72 43 61 72 64 9F 15 02 11 11 9F 16 00 9F 1A 02 08 40 9F 1C 00 9F 1D 08 6C FF 00 00 00 00 00 00 9F 1E 08 33 5A 30 30 31 30 35 35 9F 21 03 10 15 20 9F 2A 01 02 9F 33 03 00 00 08 9F 34 03 00 00 00 9F 35 01 22 9F 36 02 1E 78 9F 37 04 72 8D C2 D1 9F 39 01 91 9F 40 05 00 00 00 00 00 9F 41 04 00 00 00 18 9F 4E 00 9F 53 01 00 9F 66 02 07 F0 9F 6A 04 00 00 00 71 9F 6B 13 51 28 57 01 00 03 80 72 D1 80 36 22 00 07 80 07 17 35 2F 9F 6D 02 00 01 DF 81 0C 01 02 96 08 02 00 00 00 00 00 00 00 DF EE 4C 01 03 DF EC 1C 1E 08 03 00 03 FF 00 1E 04 00 00 00 00 81 29 08 30 F0 F0 00 30 65 6E 00 00 00 00 00 00 FF 00 DF EF 17 29 42 35 31 32 38 35 37 30 31 30 30 30 33 38 30 37 32 5E 20 2F 5E 31 38 30 33 36 32 32 30 30 30 37 38 30 30 37 31 32 31 34 32 DF EF 18 25 35 31 32 38 35 37 30 31 30 30 30 33 38 30 37 32 3D 31 38 30 33 36 32 32 30 30 30 37 38 30 30 37 31 37 33 35 32 DF EF 4C 06 29 25 00 10 00 00 DF EF 4D 5E 42 35 31 32 38 35 37 30 31 30 30 30 33 38 30 37 32 5E 20 2F 5E 31 38 30 33 36 32 32 30 30 30 37 38 30 30 37 31 32 31 34 32 35 31 32 38 35 37 30 31 30 30 30 33 38 30 37 32 3D 31 38 30 33 36 32 32 30 30 30 37 38 30 30 37 31 37 33 35 32 35 31 32 38 35 37 30 31 30 30 30 33 38 30 37 32 FF EE 01 05 DF EE 30 01 00 AE 23 00 00 00 00 00 00 00 00 00 00 00 00 00 00 00 00 00 00 00  

 --- 04-00-----DFEF4B = 68 T1+T3+PAN

2026/10/6 14:25:25.606 [TX] - 56 69 56 4F 74 65 63 68 32 00 04 00 00 07 DF EF 4B 03 68 00 00 C7 76 
2026/10/6 14:25:25.675 [RX] - 56 69 56 4F 74 65 63 68 32 00 04 00 00 00 AE 16 00 00 00 00 00 00 00 00 00 00 00 00 00 00 00 00 00 00 00 00 00 00 00 00 00 00 00 00 00 00 00 00 00 00 00 00 00 00 00 00 00 00 00 00 00 00 00  

 --- 02-40 Activate Transaction

2026/10/6 14:25:26.240 [TX] - 56 69 56 4F 74 65 63 68 32 00 02 40 00 15 0A 9F 02 06 00 00 00 00 10 00 9A 03 07 11 21 9F 21 03 10 15 20 5E 34 
2026/10/6 14:25:26.774 [RX] - 56 69 56 4F 74 65 63 68 32 00 02 23 02 6D 31 DF EE 26 02 31 00 DF 81 16 0D 1E 04 00 00 00 65 6E 00 00 00 00 00 00 DF 81 29 08 30 F0 F0 00 30 F0 FF 00 FF 81 06 30 DF 81 2A 0D 30 30 30 30 30 30 30 30 30 30 30 30 30 DF 81 2B 07 00 00 00 00 00 00 0F DF 81 15 06 00 00 00 00 00 FF 9F 6E 07 08 40 00 00 30 30 00 FF 81 05 82 01 33 4F 07 A0 00 00 00 04 10 10 50 10 44 65 62 69 74 20 4D 61 73 74 65 72 43 61 72 64 56 29 42 35 31 32 38 35 37 30 31 30 30 30 33 38 30 37 32 5E 20 2F 5E 31 38 30 33 36 32 32 30 30 30 37 38 30 31 32 32 38 39 35 32 82 02 19 80 84 07 A0 00 00 00 04 10 10 95 05 00 00 00 00 00 9A 03 07 11 21 9B 02 00 00 9C 01 00 5F 2D 02 65 6E 9F 01 00 9F 02 06 00 00 00 00 10 00 9F 03 06 00 00 00 00 00 00 9F 06 07 A0 00 00 00 04 10 10 9F 09 02 00 02 9F 11 01 01 9F 12 10 44 65 62 69 74 20 4D 61 73 74 65 72 43 61 72 64 9F 15 02 11 11 9F 16 00 9F 1A 02 08 40 9F 1C 00 9F 1D 08 6C FF 00 00 00 00 00 00 9F 1E 08 33 5A 30 30 31 30 35 35 9F 21 03 10 15 20 9F 2A 01 02 9F 33 03 00 00 08 9F 34 03 00 00 00 9F 35 01 22 9F 36 02 1E 79 9F 37 04 E4 5F C7 B8 9F 39 01 91 9F 40 05 00 00 00 00 00 9F 41 04 00 00 00 19 9F 4E 00 9F 53 01 00 9F 66 02 07 F0 9F 6A 04 00 00 00 22 9F 6B 13 51 28 57 01 00 03 80 72 D1 80 36 22 00 07 80 12 23 11 2F 9F 6D 02 00 01 DF 81 0C 01 02 96 08 02 00 00 00 00 00 00 00 DF EE 4C 01 03 DF EC 1C 1E 08 03 00 03 FF 00 1E 04 00 00 00 00 81 29 08 30 F0 F0 00 30 65 6E 00 00 00 00 00 00 FF 00 DF EF 17 29 42 35 31 32 38 35 37 30 31 30 30 30 33 38 30 37 32 5E 20 2F 5E 31 38 30 33 36 32 32 30 30 30 37 38 30 31 32 32 38 39 35 32 DF EF 18 25 35 31 32 38 35 37 30 31 30 30 30 33 38 30 37 32 3D 31 38 30 33 36 32 32 30 30 30 37 38 30 31 32 32 33 31 31 32 DF EF 4C 06 29 00 00 10 00 00 DF EF 4D 39 42 35 31 32 38 35 37 30 31 30 30 30 33 38 30 37 32 5E 20 2F 5E 31 38 30 33 36 32 32 30 30 30 37 38 30 31 32 32 38 39 35 32 35 31 32 38 35 37 30 31 30 30 30 33 38 30 37 32 FF EE 01 05 DF EE 30 01 00 9D F2 00 00 00 00 00 00 00 00 00 00 00 00 00 00 00 00 00 00 00 00 00 00 00 00 00 00 00 00 00 00 00 00 00 00 00 00 00 00 00 00 00 00 00 00 00 00 00 00 00 00 00 00 00 00 00 00  

 --- 04-00-----DFEF4B = 58 T2+T3+PAN

2026/10/6 14:25:27.327 [TX] - 56 69 56 4F 74 65 63 68 32 00 04 00 00 07 DF EF 4B 03 58 00 00 62 B3 
2026/10/6 14:25:27.396 [RX] - 56 69 56 4F 74 65 63 68 32 00 04 00 00 00 AE 16 00 00 00 00 00 00 00 00 00 00 00 00 00 00 00 00 00 00 00 00 00 00 00 00 00 00 00 00 00 00 00 00 00 00 00 00 00 00 00 00 00 00 00 00 00 00 00  

 --- 02-40 Activate Transaction

2026/10/6 14:25:27.825 [TX] - 56 69 56 4F 74 65 63 68 32 00 02 40 00 15 0A 9F 02 06 00 00 00 00 10 00 9A 03 07 11 21 9F 21 03 10 15 20 5E 34 
2026/10/6 14:25:28.308 [RX] - 56 69 56 4F 74 65 63 68 32 00 02 23 02 69 31 DF EE 26 02 31 00 DF 81 16 0D 1E 04 00 00 00 65 6E 00 00 00 00 00 00 DF 81 29 08 30 F0 F0 00 30 F0 FF 00 FF 81 06 30 DF 81 2A 0D 30 30 30 30 30 30 30 30 30 30 30 30 30 DF 81 2B 07 00 00 00 00 00 00 0F DF 81 15 06 00 00 00 00 00 FF 9F 6E 07 08 40 00 00 30 30 00 FF 81 05 82 01 33 4F 07 A0 00 00 00 04 10 10 50 10 44 65 62 69 74 20 4D 61 73 74 65 72 43 61 72 64 56 29 42 35 31 32 38 35 37 30 31 30 30 30 33 38 30 37 32 5E 20 2F 5E 31 38 30 33 36 32 32 30 30 30 37 38 30 32 30 39 31 31 33 32 82 02 19 80 84 07 A0 00 00 00 04 10 10 95 05 00 00 00 00 00 9A 03 07 11 21 9B 02 00 00 9C 01 00 5F 2D 02 65 6E 9F 01 00 9F 02 06 00 00 00 00 10 00 9F 03 06 00 00 00 00 00 00 9F 06 07 A0 00 00 00 04 10 10 9F 09 02 00 02 9F 11 01 01 9F 12 10 44 65 62 69 74 20 4D 61 73 74 65 72 43 61 72 64 9F 15 02 11 11 9F 16 00 9F 1A 02 08 40 9F 1C 00 9F 1D 08 6C FF 00 00 00 00 00 00 9F 1E 08 33 5A 30 30 31 30 35 35 9F 21 03 10 15 20 9F 2A 01 02 9F 33 03 00 00 08 9F 34 03 00 00 00 9F 35 01 22 9F 36 02 1E 7A 9F 37 04 61 B8 C6 27 9F 39 01 91 9F 40 05 00 00 00 00 00 9F 41 04 00 00 00 20 9F 4E 00 9F 53 01 00 9F 66 02 07 F0 9F 6A 04 00 00 00 09 9F 6B 13 51 28 57 01 00 03 80 72 D1 80 36 22 00 07 80 20 92 03 2F 9F 6D 02 00 01 DF 81 0C 01 02 96 08 02 00 00 00 00 00 00 00 DF EE 4C 01 03 DF EC 1C 1E 08 03 00 03 FF 00 1E 04 00 00 00 00 81 29 08 30 F0 F0 00 30 65 6E 00 00 00 00 00 00 FF 00 DF EF 17 29 42 35 31 32 38 35 37 30 31 30 30 30 33 38 30 37 32 5E 20 2F 5E 31 38 30 33 36 32 32 30 30 30 37 38 30 32 30 39 31 31 33 32 DF EF 18 25 35 31 32 38 35 37 30 31 30 30 30 33 38 30 37 32 3D 31 38 30 33 36 32 32 30 30 30 37 38 30 32 30 39 32 30 33 32 DF EF 4C 06 00 25 00 10 00 00 DF EF 4D 35 35 31 32 38 35 37 30 31 30 30 30 33 38 30 37 32 3D 31 38 30 33 36 32 32 30 30 30 37 38 30 32 30 39 32 30 33 32 35 31 32 38 35 37 30 31 30 30 30 33 38 30 37 32 FF EE 01 05 DF EE 30 01 00 D0 92 00 00 00 00 00 00 00 00 00 00 00 00 00 00 00 00 00 00 00 00 00 00 00 00 00 00 00 00 00 00 00 00 00 00 00 00 00 00 00 00 00 00 00 00 00 00 00 00 00 00 00 00 00 00 00 00 00 00 00 00  

 --- 04-00-----DFEF4B = 78 T1+T2+T3+PAN

2026/10/6 14:25:28.856 [TX] - 56 69 56 4F 74 65 63 68 32 00 04 00 00 07 DF EF 4B 03 78 00 00 A4 35 
2026/10/6 14:25:28.923 [RX] - 56 69 56 4F 74 65 63 68 32 00 04 00 00 00 AE 16 00 00 00 00 00 00 00 00 00 00 00 00 00 00 00 00 00 00 00 00 00 00 00 00 00 00 00 00 00 00 00 00 00 00 00 00 00 00 00 00 00 00 00 00 00 00 00  

 --- 02-40 Activate Transaction

2026/10/6 14:25:29.336 [TX] - 56 69 56 4F 74 65 63 68 32 00 02 40 00 15 0A 9F 02 06 00 00 00 00 10 00 9A 03 07 11 21 9F 21 03 10 15 20 5E 34 
2026/10/6 14:25:29.841 [RX] - 56 69 56 4F 74 65 63 68 32 00 02 23 02 92 31 DF EE 26 02 31 00 DF 81 16 0D 1E 04 00 00 00 65 6E 00 00 00 00 00 00 DF 81 29 08 30 F0 F0 00 30 F0 FF 00 FF 81 06 30 DF 81 2A 0D 30 30 30 30 30 30 30 30 30 30 30 30 30 DF 81 2B 07 00 00 00 00 00 00 0F DF 81 15 06 00 00 00 00 00 FF 9F 6E 07 08 40 00 00 30 30 00 FF 81 05 82 01 33 4F 07 A0 00 00 00 04 10 10 50 10 44 65 62 69 74 20 4D 61 73 74 65 72 43 61 72 64 56 29 42 35 31 32 38 35 37 30 31 30 30 30 33 38 30 37 32 5E 20 2F 5E 31 38 30 33 36 32 32 30 30 30 37 38 30 33 38 32 34 34 39 32 82 02 19 80 84 07 A0 00 00 00 04 10 10 95 05 00 00 00 00 00 9A 03 07 11 21 9B 02 00 00 9C 01 00 5F 2D 02 65 6E 9F 01 00 9F 02 06 00 00 00 00 10 00 9F 03 06 00 00 00 00 00 00 9F 06 07 A0 00 00 00 04 10 10 9F 09 02 00 02 9F 11 01 01 9F 12 10 44 65 62 69 74 20 4D 61 73 74 65 72 43 61 72 64 9F 15 02 11 11 9F 16 00 9F 1A 02 08 40 9F 1C 00 9F 1D 08 6C FF 00 00 00 00 00 00 9F 1E 08 33 5A 30 30 31 30 35 35 9F 21 03 10 15 20 9F 2A 01 02 9F 33 03 00 00 08 9F 34 03 00 00 00 9F 35 01 22 9F 36 02 1E 7B 9F 37 04 DA 24 2B 62 9F 39 01 91 9F 40 05 00 00 00 00 00 9F 41 04 00 00 00 21 9F 4E 00 9F 53 01 00 9F 66 02 07 F0 9F 6A 04 00 00 00 82 9F 6B 13 51 28 57 01 00 03 80 72 D1 80 36 22 00 07 80 38 29 64 2F 9F 6D 02 00 01 DF 81 0C 01 02 96 08 02 00 00 00 00 00 00 00 DF EE 4C 01 03 DF EC 1C 1E 08 03 00 03 FF 00 1E 04 00 00 00 00 81 29 08 30 F0 F0 00 30 65 6E 00 00 00 00 00 00 FF 00 DF EF 17 29 42 35 31 32 38 35 37 30 31 30 30 30 33 38 30 37 32 5E 20 2F 5E 31 38 30 33 36 32 32 30 30 30 37 38 30 33 38 32 34 34 39 32 DF EF 18 25 35 31 32 38 35 37 30 31 30 30 30 33 38 30 37 32 3D 31 38 30 33 36 32 32 30 30 30 37 38 30 33 38 32 39 36 34 32 DF EF 4C 06 29 25 00 10 00 00 DF EF 4D 5E 42 35 31 32 38 35 37 30 31 30 30 30 33 38 30 37 32 5E 20 2F 5E 31 38 30 33 36 32 32 30 30 30 37 38 30 33 38 32 34 34 39 32 35 31 32 38 35 37 30 31 30 30 30 33 38 30 37 32 3D 31 38 30 33 36 32 32 30 30 30 37 38 30 33 38 32 39 36 34 32 35 31 32 38 35 37 30 31 30 30 30 33 38 30 37 32 FF EE 01 05 DF EE 30 01 00 67 52 00 00 00 00 00 00 00 00 00 00 00 00 00 00 00 00 00 00 00  
---------- END OF TEST ----------

 Result = PASSED
 

 MASTER RESULT = PASSED


Docklight Log File (HEX) - Stopped 2026/10/6 14:25:30.489 

