Docklight Log File (HEX) - Started 2026/8/12 14:15:51.323 
 TEST CASE: USAT016-2

 --- Set POS COM PORT Settings
 Set POS COM PORT...
 POS operating on COM90 @ 115200 baud...
 Set POS COM PORT - COMPLETE


2026/8/12 14:15:56.603 [TX] - 56 69 56 4F 74 65 63 68 32 00 04 0A 00 00 D7 69 
2026/8/12 14:15:56.817 [RX] - 56 69 56 4F 74 65 63 68 32 00 04 00 00 00 AE 16 00 00 00 00 00 00 00 00 00 00 00 00 00 00 00 00 00 00 00 00 00 00 00 00 00 00 00 00 00 00 00 00 00 00 00 00 00 00 00 00 00 00 00 00 00 00 00  

 --- Set Merchant 4 - pass.com.apple.wallet.dev_Panera

2026/8/12 14:16:16.678 [TX] - 56 69 56 4F 74 65 63 68 32 00 04 11 00 63 04 01 06 41 3B 95 7A 52 59 98 3B 60 8C FC 89 CF B1 DA B9 0C E7 05 AD 8E FF 78 E9 DE 12 2C CF 8D 2C BF 00 00 00 00 00 00 00 00 00 00 00 00 00 00 00 00 00 00 00 00 00 00 00 00 00 00 00 00 00 00 00 00 00 00 00 00 00 00 00 00 00 00 00 00 00 00 00 00 00 00 00 00 00 00 00 00 00 00 00 00 00 00 00 00 00 E7 6F 
2026/8/12 14:16:16.714 [RX] - 56 69 56 4F 74 65 63 68 32 00 04 00 00 00 AE 16 00 00 00 00 00 00 00 00 00 00 00 00 00 00 00 00 00 00 00 00 00 00 00 00 00 00 00 00 00 00 00 00 00 00 00 00 00 00 00 00 00 00 00 00 00 00 00  

 --- Burst OFF mode

2026/8/12 14:16:17.244 [TX] - 56 69 56 4F 74 65 63 68 32 00 04 00 00 05 DF EE 7E 01 00 60 1E 
2026/8/12 14:16:17.303 [RX] - 56 69 56 4F 74 65 63 68 32 00 04 00 00 00 AE 16 00 00 00 00 00 00 00 00 00 00 00 00 00 00 00 00 00 00 00 00 00 00 00 00 00 00 00 00 00 00 00 00 00 00 00 00 00 00 00 00 00 00 00 00 00 00 00  

 --- Get Data Encryption (C7-37)

2026/8/12 14:16:17.335 [TX] - 56 69 56 4F 74 65 63 68 32 00 C7 37 00 00 5B C6 
2026/8/12 14:16:17.395 [RX] - 56 69 56 4F 74 65 63 68 32 00 C7 00 00 01 03 9C 1C 00 00 00 00 00 00 00 00 00 00 00 00 00 00 00 00 00 00 00 00 00 00 00 00 00 00 00 00 00 00 00 00 00 00 00 00 00 00 00 00 00 00 00 00 00 00  

 --- Poll on demand

2026/8/12 14:16:17.922 [TX] - 56 69 56 4F 74 65 63 68 32 00 01 01 00 01 01 D7 34 
2026/8/12 14:16:17.934 [RX] - 56 69 56 4F 74 65 63 68 32 00 01 00 00 00 12 53 00 00 00 00 00 00 00 00 00 00 00 00 00 00 00 00 00 00 00 00 00 00 00 00 00 00 00 00 00 00 00 00 00 00 00 00 00 00 00 00 00 00 00 00 00 00 00  

 --- 04-00 w/ DFEF7A = 00 >>>>>>>>>>>>>>>>>>>>>>>>>>>>>>>>>>>>>>>>>>>>>>>>

2026/8/12 14:16:18.469 [TX] - 56 69 56 4F 74 65 63 68 32 00 04 00 00 05 DF EF 7A 01 00 14 B4 
2026/8/12 14:16:18.526 [RX] - 56 69 56 4F 74 65 63 68 32 00 04 00 00 00 AE 16 00 00 00 00 00 00 00 00 00 00 00 00 00 00 00 00 00 00 00 00 00 00 00 00 00 00 00 00 00 00 00 00 00 00 00 00 00 00 00 00 00 00 00 00 00 00 00  

 --- 02-40 (tap iPhone (ApplePay))

2026/8/12 14:16:25.924 [TX] - 56 69 56 4F 74 65 63 68 32 00 02 40 00 1A 0A 9F 02 06 00 00 00 00 10 00 9A 03 07 11 21 9F 21 03 10 15 20 DF EF 37 01 02 D2 C2 
2026/8/12 14:16:26.998 [RX] - 56 69 56 4F 74 65 63 68 32 00 02 23 01 F0 E1 DF EE 26 02 E1 00 DF EE 12 0A FF FF FF 02 00 1B AB E0 00 01 DF 81 16 16 17 04 00 00 0D 00 00 00 00 00 00 00 00 00 00 00 00 00 00 00 00 00 DF 81 29 08 30 F0 F0 30 A0 F0 FF 00 FF 81 05 82 01 64 4F 07 A0 00 00 00 03 10 10 50 04 56 49 53 41 57 A1 13 48 31 CC CC CC CC 59 73 D2 81 2C CC CC CC CC CC CC CC CC 57 C1 18 13 52 C7 37 99 94 E0 79 74 12 77 E9 A6 2D EE 2F 07 49 0D 9E 5F 73 B5 08 5A A1 08 48 31 CC CC CC CC 59 73 5A C1 10 F6 68 77 6E D9 77 0E 6C AE 99 09 F7 20 86 9C 92 82 02 00 60 84 07 A0 00 00 00 03 10 10 95 05 00 00 00 00 00 9A 03 07 11 21 5F 28 02 07 02 5F 2A 02 08 40 5F 34 01 00 5F 36 01 02 9F 02 06 00 00 00 00 10 00 9F 06 07 A0 00 00 00 03 10 10 9F 10 20 1F 42 03 32 A0 00 00 00 00 10 03 02 73 00 00 00 00 40 00 00 00 00 00 00 00 00 00 00 00 00 00 00 9F 1A 02 08 40 9F 1B 04 00 00 1F 40 9F 1E 08 33 5A 30 30 30 36 30 34 9F 21 03 10 15 20 9F 24 1D 56 30 30 31 30 30 31 33 30 31 36 31 38 33 31 31 33 34 38 39 37 31 33 35 33 36 32 34 32 9F 26 08 2E 4F 36 04 A6 AF 22 B3 9F 27 01 80 9F 33 03 E0 08 40 9F 34 03 24 03 02 9F 35 01 15 9F 36 02 07 7B 9F 37 04 EA A1 C6 33 9F 39 01 07 9F 40 05 80 00 00 00 00 9F 41 04 00 00 00 01 9F 5A 05 40 07 02 07 02 9F 66 04 30 00 C0 00 9F 6C 02 00 80 9F 6E 04 23 88 00 00 DF 81 26 06 00 00 00 00 60 00 DF EE 5B 01 05 DF 81 16 16 1B FF 00 00 13 00 00 00 00 00 00 00 00 00 00 00 00 00 00 00 00 00 96 08 03 00 00 00 00 00 00 00 DF EE 4C 01 06 DF EC 1C 1E 08 08 00 01 FF 00 1B 00 00 00 13 FF 00 00 00 00 00 00 00 00 00 00 00 00 00 00 00 00 FF 00 36 9D 00 00 00 00 00 00 00 00 00 00 00 00 00 00 00 00 00 00 00 00 00 00 00 00 00 00 00 00 00 00 00 00 00 00 00 00 00 00 00 00 00 00 00 00 00 00 00 00 00 00 00 00 00 00 00  

 --- 02-40 (tap MChip card)

2026/8/12 14:16:32.371 [TX] - 56 69 56 4F 74 65 63 68 32 00 02 40 00 1A 0A 9F 02 06 00 00 00 00 10 00 9A 03 07 11 21 9F 21 03 10 15 20 DF EF 37 01 02 D2 C2 
2026/8/12 14:16:33.612 [RX] - 56 69 56 4F 74 65 63 68 32 00 02 23 02 2B E1 DF EE 26 02 E1 00 DF EE 12 0A FF FF FF 02 00 1B AB E0 00 02 DF 81 16 0D 1E 04 00 00 00 00 00 00 00 00 00 00 00 DF 81 29 08 30 F0 F0 00 B0 F0 FF 00 FF 81 06 1E 9F 42 02 09 78 DF 81 0B 01 00 DF 81 15 06 00 00 00 00 00 FF DF 81 0E 01 00 DF 81 0F 01 00 FF 81 05 82 01 8A 4F 07 A0 00 00 00 04 10 10 50 0F 50 50 43 20 4D 43 44 20 30 31 20 20 76 32 30 57 A1 11 54 13 CC CC CC CC 00 10 D1 41 2C CC CC CC CC CC CC 57 C1 18 83 DC 4C B0 3D 5F CC B6 8E D8 CC FC AE 3B 87 6D 75 2E AC 6F A4 70 D4 16 5A A1 08 54 13 CC CC CC CC 00 10 5A C1 10 14 01 94 19 FD 58 54 B6 7C 94 B7 74 82 C9 5B C6 82 02 59 80 84 07 A0 00 00 00 04 10 10 8E 0E 00 00 00 00 00 00 00 00 42 03 5E 03 1F 03 95 05 24 00 00 00 01 9A 03 07 11 21 9B 02 00 00 9C 01 00 5F 24 03 14 12 31 5F 25 03 04 01 01 5F 28 02 00 56 5F 34 01 01 9F 01 00 9F 02 06 00 00 00 00 10 00 9F 03 06 00 00 00 00 00 00 9F 06 07 A0 00 00 00 04 10 10 9F 07 02 FF 00 9F 09 02 00 02 9F 0D 05 00 00 00 00 00 9F 0E 05 00 00 00 00 00 9F 0F 05 00 00 00 00 00 9F 10 12 01 10 A0 00 09 22 80 00 00 00 00 00 00 00 00 00 00 FF 9F 15 02 11 11 9F 16 00 9F 1A 02 08 40 9F 1C 00 9F 1D 08 6C FF 00 00 00 00 00 00 9F 1E 08 33 5A 30 30 30 36 30 34 9F 21 03 10 15 20 9F 26 08 0B A5 8F 01 30 9B 36 8B 9F 27 01 80 9F 2A 01 02 9F 33 03 00 08 08 9F 34 03 1F 03 02 9F 35 01 22 9F 36 02 5F 6B 9F 37 04 E9 10 14 65 9F 39 01 07 9F 40 05 00 00 00 00 00 9F 41 04 00 00 00 02 9F 42 02 09 78 9F 4E 00 9F 53 01 00 9F 6D 02 00 01 DF EE 76 05 24 00 00 00 01 DF 81 16 0D 1B 00 00 00 00 00 00 00 00 00 00 00 00 DF 81 0C 01 02 96 08 02 00 00 00 00 00 00 00 DF EE 4C 01 03 DF EC 1C 1E 08 03 00 03 FF 00 1B 00 00 00 00 00 81 0C 01 02 96 08 02 00 00 00 00 00 00 00 00 00 FF 00 DF 13 00 00 00 00 00 00 00 00 00 00 00 00 00 00 00 00 00 00 00 00 00 00 00 00 00 00 00 00 00 00 00 00 00 00 00 00 00 00 00 00 00 00 00 00 00 00 00 00 00 00 00 00 00 00 00 00 00 00 00  

 --- 02-40 VAS Only (tap iPhone (AppleVAS -- Panera Bread card))

2026/8/12 14:16:38.052 [TX] - 56 69 56 4F 74 65 63 68 32 00 02 40 00 2E 30 9F 02 06 00 00 00 00 00 01 9C 01 00 FF EE 06 18 9F 22 02 01 00 9F 26 04 00 00 00 02 9F 2B 05 01 00 00 00 00 DF 01 01 01 DF EF 37 01 02 7E 57 
2026/8/12 14:16:38.721 [RX] - 56 69 56 4F 74 65 63 68 32 00 02 57 00 8D E1 DF EE 26 02 E1 00 FF EE 06 75 9A 03 74 11 27 9F 21 03 11 01 06 9F 25 20 06 41 3B 95 7A 52 59 98 3B 60 8C FC 89 CF B1 DA B9 0C E7 05 AD 8E FF 78 E9 DE 12 2C CF 8D 2C BF 9F 2A 00 9F 27 41 44 8D EC 4C B1 1D 69 E6 B0 E2 98 42 57 8F 97 EB 72 BB 9A 6D A3 B1 A8 40 83 1E 47 99 25 4B E9 C3 00 68 C3 4E A4 8D 85 B0 32 1B 8D 77 BE 74 AA C4 56 BF 48 A9 31 13 0B 01 2F 14 D9 3F 4C A3 99 5C E0 9F 39 01 07 FF EE 01 05 DF EE 30 01 00 76 4D 00 00 00 00 00 00 00 00 00 00 00 00 00 00 00 00 00 00 00 00 00 00 00 00 00 00 00 00 00 00 00 00  

 --- Poll on demand

2026/8/12 14:16:43.078 [TX] - 56 69 56 4F 74 65 63 68 32 00 01 01 00 01 01 D7 34 
2026/8/12 14:16:43.091 [RX] - 56 69 56 4F 74 65 63 68 32 00 01 00 00 00 12 53 00 00 00 00 00 00 00 00 00 00 00 00 00 00 00 00 00 00 00 00 00 00 00 00 00 00 00 00 00 00 00 00 00 00 00 00 00 00 00 00 00 00 00 00 00 00 00  

 --- 04-00 w/ DFEF7A = 01 >>>>>>>>>>>>>>>>>>>>>>>>>>>>>>>>>>>>>>>>>>>>>>>>

2026/8/12 14:16:44.127 [TX] - 56 69 56 4F 74 65 63 68 32 00 04 00 00 05 DF EF 7A 01 01 35 A4 
2026/8/12 14:16:44.186 [RX] - 56 69 56 4F 74 65 63 68 32 00 04 00 00 00 AE 16 00 00 00 00 00 00 00 00 00 00 00 00 00 00 00 00 00 00 00 00 00 00 00 00 00 00 00 00 00 00 00 00 00 00 00 00 00 00 00 00 00 00 00 00 00 00 00  

 --- 02-40 (tap iPhone (ApplePay))

2026/8/12 14:16:45.795 [TX] - 56 69 56 4F 74 65 63 68 32 00 02 40 00 1A 0A 9F 02 06 00 00 00 00 10 00 9A 03 07 11 21 9F 21 03 10 15 20 DF EF 37 01 02 D2 C2 
2026/8/12 14:16:46.763 [RX] - 56 69 56 4F 74 65 63 68 32 00 02 23 01 F5 E1 DF EE 26 02 E1 00 DF EE 12 0A FF FF FF 02 00 1B AB E0 00 03 DF 81 16 16 17 04 00 00 0D 00 00 00 00 00 00 00 00 00 00 00 00 00 00 00 00 00 DF 81 29 08 30 F0 F0 30 A0 F0 FF 00 FF 81 05 82 01 64 4F 07 A0 00 00 00 03 10 10 50 04 56 49 53 41 57 A1 13 48 31 CC CC CC CC 59 73 D2 81 2C CC CC CC CC CC CC CC CC 57 C1 18 A1 FE BF 45 8A 59 CB 5C 18 16 80 B3 1F CD 78 38 31 5D CB 01 B4 D0 D0 97 5A A1 08 48 31 CC CC CC CC 59 73 5A C1 10 08 92 48 69 EF 27 36 A6 BA 31 41 20 DB E5 54 F9 82 02 00 60 84 07 A0 00 00 00 03 10 10 95 05 00 00 00 00 00 9A 03 07 11 21 5F 28 02 07 02 5F 2A 02 08 40 5F 34 01 00 5F 36 01 02 9F 02 06 00 00 00 00 10 00 9F 06 07 A0 00 00 00 03 10 10 9F 10 20 1F 42 03 32 A0 00 00 00 00 10 03 02 73 00 00 00 00 40 00 00 00 00 00 00 00 00 00 00 00 00 00 00 9F 1A 02 08 40 9F 1B 04 00 00 1F 40 9F 1E 08 33 5A 30 30 30 36 30 34 9F 21 03 10 15 20 9F 24 1D 56 30 30 31 30 30 31 33 30 31 36 31 38 33 31 31 33 34 38 39 37 31 33 35 33 36 32 34 32 9F 26 08 B2 37 2C 18 3C 9C A0 A4 9F 27 01 80 9F 33 03 E0 08 40 9F 34 03 24 03 02 9F 35 01 15 9F 36 02 07 7C 9F 37 04 95 87 F1 22 9F 39 01 07 9F 40 05 80 00 00 00 00 9F 41 04 00 00 00 03 9F 5A 05 40 07 02 07 02 9F 66 04 30 00 C0 00 9F 6C 02 00 80 9F 6E 04 23 88 00 00 DF 81 26 06 00 00 00 00 60 00 DF EE 5B 01 05 DF 81 16 16 1B FF 00 00 13 00 00 00 00 00 00 00 00 00 00 00 00 00 00 00 00 00 96 08 03 00 00 00 00 00 00 00 DF EE 4C 01 06 DF EC 1C 1E 08 08 00 01 FF 00 1B 00 00 00 13 FF 00 00 00 00 00 00 00 00 00 00 00 00 00 00 00 00 FF 00 DF EF 7B  --> DFEF7B 01 01 EA 9C 00 00 00 00 00 00 00 00 00 00 00 00 00 00 00 00 00 00 00 00 00 00 00 00 00 00 00 00 00 00 00 00 00 00 00 00 00 00 00 00 00 00 00 00 00 00 00 00 00 00  

 --- 02-40 (tap MChip card)

2026/8/12 14:16:48.388 [TX] - 56 69 56 4F 74 65 63 68 32 00 02 40 00 1A 0A 9F 02 06 00 00 00 00 10 00 9A 03 07 11 21 9F 21 03 10 15 20 DF EF 37 01 02 D2 C2 
2026/8/12 14:16:49.436 [RX] - 56 69 56 4F 74 65 63 68 32 00 02 23 02 30 E1 DF EE 26 02 E1 00 DF EE 12 0A FF FF FF 02 00 1B AB E0 00 04 DF 81 16 0D 1E 04 00 00 00 00 00 00 00 00 00 00 00 DF 81 29 08 30 F0 F0 00 B0 F0 FF 00 FF 81 06 1E 9F 42 02 09 78 DF 81 0B 01 00 DF 81 15 06 00 00 00 00 00 FF DF 81 0E 01 00 DF 81 0F 01 00 FF 81 05 82 01 8A 4F 07 A0 00 00 00 04 10 10 50 0F 50 50 43 20 4D 43 44 20 30 31 20 20 76 32 30 57 A1 11 54 13 CC CC CC CC 00 10 D1 41 2C CC CC CC CC CC CC 57 C1 18 EB CF 7A C8 B5 FD 63 C5 11 F5 59 D3 95 1E A2 29 A9 1B 44 78 6E EC CE CE 5A A1 08 54 13 CC CC CC CC 00 10 5A C1 10 4A 74 BC 99 60 DA 0D 1D E2 5A E5 65 DD 89 22 37 82 02 59 80 84 07 A0 00 00 00 04 10 10 8E 0E 00 00 00 00 00 00 00 00 42 03 5E 03 1F 03 95 05 24 00 00 00 01 9A 03 07 11 21 9B 02 00 00 9C 01 00 5F 24 03 14 12 31 5F 25 03 04 01 01 5F 28 02 00 56 5F 34 01 01 9F 01 00 9F 02 06 00 00 00 00 10 00 9F 03 06 00 00 00 00 00 00 9F 06 07 A0 00 00 00 04 10 10 9F 07 02 FF 00 9F 09 02 00 02 9F 0D 05 00 00 00 00 00 9F 0E 05 00 00 00 00 00 9F 0F 05 00 00 00 00 00 9F 10 12 01 10 A0 00 09 22 80 00 00 00 00 00 00 00 00 00 00 FF 9F 15 02 11 11 9F 16 00 9F 1A 02 08 40 9F 1C 00 9F 1D 08 6C FF 00 00 00 00 00 00 9F 1E 08 33 5A 30 30 30 36 30 34 9F 21 03 10 15 20 9F 26 08 0B A5 8F 01 30 9B 36 8B 9F 27 01 80 9F 2A 01 02 9F 33 03 00 08 08 9F 34 03 1F 03 02 9F 35 01 22 9F 36 02 5F 6B 9F 37 04 48 A3 51 2D 9F 39 01 07 9F 40 05 00 00 00 00 00 9F 41 04 00 00 00 04 9F 42 02 09 78 9F 4E 00 9F 53 01 00 9F 6D 02 00 01 DF EE 76 05 24 00 00 00 01 DF 81 16 0D 1B 00 00 00 00 00 00 00 00 00 00 00 00 DF 81 0C 01 02 96 08 02 00 00 00 00 00 00 00 DF EE 4C 01 03 DF EC 1C 1E 08 03 00 03 FF 00 1B 00 00 00 00 00 81 0C 01 02 96 08 02 00 00 00 00 00 00 00 00 00 FF 00 DF EF 7B  --> DFEF7B 01 00 92 74 00 00 00 00 00 00 00 00 00 00 00 00 00 00 00 00 00 00 00 00 00 00 00 00 00 00 00 00 00 00 00 00 00 00 00 00 00 00 00 00 00 00 00 00 00 00 00 00 00 00 00 00 00 00  

 --- 02-40 VAS Only (tap iPhone (AppleVAS -- Panera Bread card))

2026/8/12 14:16:52.296 [TX] - 56 69 56 4F 74 65 63 68 32 00 02 40 00 2E 30 9F 02 06 00 00 00 00 00 01 9C 01 00 FF EE 06 18 9F 22 02 01 00 9F 26 04 00 00 00 02 9F 2B 05 01 00 00 00 00 DF 01 01 01 DF EF 37 01 02 7E 57 
2026/8/12 14:16:52.965 [RX] - 56 69 56 4F 74 65 63 68 32 00 02 57 00 92 E1 DF EE 26 02 E1 00 FF EE 06 75 9A 03 74 11 27 9F 21 03 11 01 20 9F 25 20 06 41 3B 95 7A 52 59 98 3B 60 8C FC 89 CF B1 DA B9 0C E7 05 AD 8E FF 78 E9 DE 12 2C CF 8D 2C BF 9F 2A 00 9F 27 41 44 8D EC 4C AA 15 53 7B 2A CF DA 6E DB A1 D7 59 C2 45 12 9D 90 B9 A2 A8 D1 0D F3 CE B1 90 CD EE 46 2C 09 02 D3 1C D7 CD DF D0 86 C4 28 B4 2C 5B 2C F5 D7 30 4A E2 45 6A 9A 10 EE E8 58 CF F5 98 CE 9F 39 01 07 FF EE 01 05 DF EE 30 01 00 DF EF 7B  --> DFEF7B 01 01 9F 1F 00 00 00 00 00 00 00 00 00 00 00 00 00 00 00 00 00 00 00 00 00 00 00 00 00 00 00  

 Result = PASSED
 ---------- END OF TEST ----------

 Result = PASSED


Docklight Log File (HEX) - Stopped 2026/8/12 14:16:54.433 

