Docklight Log File (HEX) - Started 2026/8/19 13:36:35.357 
 TEST CASE: Mag017

 --- Set POS COM PORT Settings
 Set POS COM PORT...
 POS operating on COM90 @ 9600 baud...
 Set POS COM PORT - COMPLETE

 --- Burst off

2026/8/19 13:36:38.244 [TX] - 56 69 56 4F 74 65 63 68 32 00 04 00 00 05 DF EE 7E 01 00 60 1E 
2026/8/19 13:36:38.338 [RX] - 56 69 56 4F 74 65 63 68 32 00 04 00 00 00 AE 16 00 00 00 00 00 00 00 00 00 00 00 00 00 00 00 00 00 00 00 00 00 00 00 00 00 00 00 00 00 00 00 00 00 00 00 00 00 00 00 00 00 00 00 00 00 00 00  

 --- DF7D = 00

2026/8/19 13:36:40.208 [TX] - 56 69 56 4F 74 65 63 68 32 00 04 00 00 05 DF EE 7D 01 00 30 47 
2026/8/19 13:36:40.307 [RX] - 56 69 56 4F 74 65 63 68 32 00 04 00 00 00 AE 16 00 00 00 00 00 00 00 00 00 00 00 00 00 00 00 00 00 00 00 00 00 00 00 00 00 00 00 00 00 00 00 00 00 00 00 00 00 00 00 00 00 00 00 00 00 00 00  

 --- Poll on demand

2026/8/19 13:36:40.844 [TX] - 56 69 56 4F 74 65 63 68 32 00 01 01 00 01 01 D7 34 
2026/8/19 13:36:40.867 [RX] - 56 69 56 4F 74 65 63 68 32 00 01 00 00 00 12 53 00 00 00 00 00 00 00 00 00 00 00 00 00 00 00 00 00 00 00 00 00 00 00 00 00 00 00 00 00 00 00 00 00 00 00 00 00 00 00 00 00 00 00 00 00 00 00  

 --- 02-01

2026/8/19 13:36:42.329 [TX] - 56 69 56 4F 74 65 63 68 32 00 02 01 00 15 0A 9F 02 06 00 00 00 00 10 00 9A 03 07 11 21 9F 21 03 10 15 20 30 12 
2026/8/19 13:36:43.563 [RX] - 56 69 56 4F 74 65 63 68 32 00 61 01 00 10 03 00 00 02 00 45 4E 03 00 82 55 1C 02 00 00 20 1E 38 00 00 00 00 00 00 00 00 00 00 00 00 00 00 00 00 00 00 00 00 00 00 00 00 00 00 00 00 00 00 00 56 69 56 4F 74 65 63 68 32 00 61 01 00 1A 04 00 00 02 00 45 4E 0D 00 84 01 1C 04 24 1C 04 31 30 2E 30 30 1C 02 00 F4 21 2B DF 00 00 00 00 00 00 00 00 00 00 00 00 00 00 00 00 00 00 00 00 00 56 69 56 4F 74 65 63 68 32 00 61 01 00 10 03 00 00 02 00 45 4E 03 00 82 15 1C 02 00 F4 21 2A 9D 00 00 00 00 00 00 00 00 00 00 00 00 00 00 00 00 00 00 00 00 00 00 00 00 00 00 00 00 00 00 00 56 69 56 4F 74 65 63 68 32 00 02 00 00 C9 2D 4E 59 4E 45 57 20 59 4F 52 4B 5E 4C 45 45 24 42 52 55 43 45 24 4A 52 5E 36 35 35 20 4E 2E 20 42 45 52 52 59 20 53 54 2E 2C 20 23 4B 5E 20 33 35 35 35 35 35 31 31 31 31 31 31 31 31 31 31 31 31 31 3D 30 30 30 39 31 39 37 37 30 33 30 33 4F 23 23 39 32 38 32 31 2D 30 30 34 34 30 41 41 42 42 42 42 42 42 42 42 42 42 54 54 54 54 46 35 30 37 31 32 35 42 52 57 42 4C 4B 30 31 32 33 34 35 36 37 38 39 20 20 20 20 20 20 20 20 20 20 20 20 20 20 20 20 43 43 43 43 43 43 53 53 53 53 53 00 9F 39 01 90 FF EE 01 05 DF EE 30 01 0C DF EE 26 02 28 00 9F 02 06 00 00 00 00 10 00 9F 03 06 00 00 00 00 00 00 DF 5B 01 05 52 36 00 00 00 00 00 00 00 00 00 00 00 00 00 00 00 00 00 00 00 00 00 00 00 00 00 00 00 00 00 00 00 00 00 00 00  

 --- DF7D = 01

2026/8/19 13:36:45.056 [TX] - 56 69 56 4F 74 65 63 68 32 00 04 00 00 05 DF EE 7D 01 02 72 67 
2026/8/19 13:36:45.230 [RX] - 56 69 56 4F 74 65 63 68 32 00 04 00 00 00 AE 16 00 00 00 00 00 00 00 00 00 00 00 00 00 00 00 00 00 00 00 00 00 00 00 00 00 00 00 00 00 00 00 00 00 00 00 00 00 00 00 00 00 00 00 00 00 00 00  

 --- Poll on demand

2026/8/19 13:36:46.266 [TX] - 56 69 56 4F 74 65 63 68 32 00 01 01 00 01 01 D7 34 
2026/8/19 13:36:46.282 [RX] - 56 69 56 4F 74 65 63 68 32 00 01 00 00 00 12 53 00 00 00 00 00 00 00 00 00 00 00 00 00 00 00 00 00 00 00 00 00 00 00 00 00 00 00 00 00 00 00 00 00 00 00 00 00 00 00 00 00 00 00 00 00 00 00  

 --- 02-40

2026/8/19 13:36:47.928 [TX] - 56 69 56 4F 74 65 63 68 32 00 02 40 00 15 0A 9F 02 06 00 00 00 00 10 00 9A 03 07 11 21 9F 21 03 10 15 20 5E 34 
2026/8/19 13:36:47.971 [RX] - 56 69 56 4F 74 65 63 68 32 00 02 63 00 00 4B B4 00 00 00 00 00 00 00 00 00 00 00 00 00 00 00 00 00 00 00 00 00 00 00 00 00 00 00 00 00 00 00 00 00 00 00 00 00 00 00 00 00 00 00 00 00 00 00 56 69 56 4F 74 65 63 68 32 00 61 01 00 10 03 00 00 02 00 45 4E 03 00 82 57 1C 02 00 00 20 5E B3 00 00 00 00 00 00 00 00 00 00 00 00 00 00 00 00 00 00 00 00 00 00 00 00 00 00 00 00 00 00 00 56 69 56 4F 74 65 63 68 32 00 61 01 00 1A 04 00 00 02 00 45 4E 0D 00 84 01 1C 04 24 1C 04 31 30 2E 30 30 1C 02 00 F4 21 2B DF 00 00 00 00 00 00 00 00 00 00 00 00 00 00 00 00 00 00 00 00 00 56 69 56 4F 74 65 63 68 32 00 61 01 00 10 03 00 00 02 00 45 4E 03 00 82 15 1C 02 00 F4 21 2A 9D 00 00 00 00 00 00 00 00 00 00 00 00 00 00 00 00 00 00 00 00 00 00 00 00 00 00 00 00 00 00 00 56 69 56 4F 74 65 63 68 32 00 02 00 01 20 28 DF EE 25 02 00 11 DF EE 23 81 BC 02 B6 00 81 3F 30 23 52 87 00 25 4E 59 4E 45 57 20 59 4F 52 4B 5E 4C 45 45 24 42 52 55 43 45 24 4A 52 5E 36 35 35 20 4E 2E 20 42 45 52 52 59 20 53 54 2E 2C 20 23 4B 5E 3F 52 3B 33 35 35 35 35 35 31 31 31 31 31 31 31 31 31 31 31 31 31 3D 30 30 30 39 31 39 37 37 30 33 30 33 3F 3F 25 23 23 39 32 38 32 31 2D 30 30 34 34 30 41 41 42 42 42 42 42 42 42 42 42 42 54 54 54 54 46 35 30 37 31 32 35 42 52 57 42 4C 4B 30 31 32 33 34 35 36 37 38 39 20 20 20 20 20 20 20 20 20 20 20 20 20 20 20 20 43 43 43 43 43 43 53 53 53 53 53 3F 25 34 31 32 54 32 36 31 33 30 32 2F 77 03 9F 39 01 90 FF EE 01 05 DF EE 30 01 0C DF EE 26 02 28 00 9F 02 06 00 00 00 00 10 00 9F 03 06 00 00 00 00 00 00 DF 5B 01 05 9A 03 26 08 19 9F 21 03 05 36 50 DF EC 11 20 FF 25 EC 50 ED 14 13 03 85 48 8C 05 97 19 57 7B 3E DB 8C 7D 5A 03 BE 5F 5C 3D 23 EF 35 94 4C 14 6C 01 00 00 00 00 00 00 00 00 00 00 00  


2026/8/19 13:36:50.072 [TX] - 56 69 56 4F 74 65 63 68 32 00 01 01 00 01 01 D7 34 
2026/8/19 13:36:50.088 [RX] - 56 69 56 4F 74 65 63 68 32 00 01 00 00 00 12 53 00 00 00 00 00 00 00 00 00 00 00 00 00 00 00 00 00 00 00 00 00 00 00 00 00 00 00 00 00 00 00 00 00 00 00 00 00 00 00 00 00 00 00 00 00 00 00  

 Result = PASSED
 ---------- END OF TEST ----------

 Result = PASSED
 

 MASTER RESULT = PASSED


Docklight Log File (HEX) - Stopped 2026/8/19 13:36:53.208 

