Docklight Log File (HEX) - Started 2026/8/27 11:55:40.633 
 TEST CASE: ADPT008

 --- Set POS COM PORT Settings
 Set POS COM PORT...
 POS operating on COM90 @ 115200 baud...
 Set POS COM PORT - COMPLETE

 

 --- PassThrough Start

2026/8/27 11:55:41.806 [TX] - 56 69 56 4F 74 65 63 68 32 00 2C 01 00 01 01 1D 19 
2026/8/27 11:55:41.822 [RX] - 56 69 56 4F 74 65 63 68 32 00 2C 00 00 00 1C 9B 00 00 00 00 00 00 00 00 00 00 00 00 00 00 00 00 00 00 00 00 00 00 00 00 00 00 00 00 00 00 00 00 00 00 00 00 00 00 00 00 00 00 00 00 00 00 00  

 --- Poll for token

2026/8/27 11:55:47.123 [TX] - 56 69 56 4F 74 65 63 68 32 00 2C 02 00 02 0F 00 11 4E 
2026/8/27 11:55:47.264 [RX] - 56 69 56 4F 74 65 63 68 32 00 2C 00 00 05 01 08 71 7A F9 4D FE 00 00 00 00 00 00 00 00 00 00 00 00 00 00 00 00 00 00 00 00 00 00 00 00 00 00 00 00 00 00 00 00 00 00 00 00 00 00 00 00 00 00  

 --- GetVersion 1

2026/8/27 11:55:47.800 [TX] - 56 69 56 4F 74 65 63 68 32 00 2C 03 00 05 90 60 00 00 00 A3 DD 
2026/8/27 11:55:47.811 [RX] - 56 69 56 4F 74 65 63 68 32 00 2C 00 00 02 6A 82 4F 87 00 00 00 00 00 00 00 00 00 00 00 00 00 00 00 00 00 00 00 00 00 00 00 00 00 00 00 00 00 00 00 00 00 00 00 00 00 00 00 00 00 00 00 00 00  

 --- 2c-03  AID (virtual card)

2026/8/27 11:55:48.633 [TX] - 56 69 56 4F 74 65 63 68 32 00 2C 03 00 16 00 A4 04 00 10 A0 00 00 03 96 56 43 41 03 00 30 00 00 00 00 00 00 E7 4C 
2026/8/27 11:55:48.703 [RX] - 56 69 56 4F 74 65 63 68 32 00 2C 00 00 16 6F 12 85 10 14 02 0C 11 22 33 44 55 66 77 00 00 61 41 A9 5D 90 00 44 96 00 00 00 00 00 00 00 00 00 00 00 00 00 00 00 00 00 00 00 00 00 00 00 00 00  

 --- PassThrough Stop

2026/8/27 11:55:49.529 [TX] - 56 69 56 4F 74 65 63 68 32 00 2C 01 00 01 00 0D 38 
2026/8/27 11:55:49.539 [RX] - 56 69 56 4F 74 65 63 68 32 00 2C 00 00 00 1C 9B 00 00 00 00 00 00 00 00 00 00 00 00 00 00 00 00 00 00 00 00 00 00 00 00 00 00 00 00 00 00 00 00 00 00 00 00 00 00 00 00 00 00 00 00 00 00 00  

 Result = PASSED
 ---------- END OF TEST ----------

 

 MASTER RESULT = PASSED


Docklight Log File (HEX) - Stopped 2026/8/27 11:55:50.669 

