Docklight Log File (HEX) - Started 2026/7/28 10:15:10.558 
 TEST CASE: EVT105

 --- Set POS COM PORT Settings
 Set POS COM PORT...
 POS operating on COM90 @ 115200 baud...
 Set POS COM PORT - COMPLETE

 ---  Pass-Through ON

2026/7/28 10:15:11.903 [TX] - 56 69 56 4F 74 65 63 68 32 00 2C 01 00 01 01 19 1D 
2026/7/28 10:15:11.921 [RX] - 56 69 56 4F 74 65 63 68 32 00 2C 00 00 00 1C 9B 00 00 00 00 00 00 00 00 00 00 00 00 00 00 00 00 00 00 00 00 00 00 00 00 00 00 00 00 00 00 00 00 00 00 00 00 00 00 00 00 00 00 00 00 00 00 00  

 --- SAM1 ATR_r

2026/7/28 10:15:11.939 [TX] - 56 69 56 4F 74 65 63 68 32 00 2C 12 00 01 21 00 B9 
2026/7/28 10:15:12.025 [RX] - 56 69 56 4F 74 65 63 68 32 00 2C 00 00 12 3B F8 13 00 00 81 31 FE 45 4A 43 4F 50 76 32 34 31 B7 1C 4B 00 00 00 00 00 00 00 00 00 00 00 00 00 00 00 00 00 00 00 00 00 00 00 00 00 00 00 00 00  

 --- SAM1 APDU_r

2026/7/28 10:15:12.050 [TX] - 56 69 56 4F 74 65 63 68 32 00 2C 13 00 0E 21 00 A4 04 00 08 A0 00 00 00 03 00 00 00 2D 23 
2026/7/28 10:15:12.097 [RX] - 56 69 56 4F 74 65 63 68 32 00 2C 00 00 02 6A 82 4F 87 00 00 00 00 00 00 00 00 00 00 00 00 00 00 00 00 00 00 00 00 00 00 00 00 00 00 00 00 00 00 00 00 00 00 00 00 00 00 00 00 00 00 00 00 00  

 --- SAM1 Power Down_r

2026/7/28 10:15:12.115 [TX] - 56 69 56 4F 74 65 63 68 32 00 2C 18 00 01 21 AB D1 
2026/7/28 10:15:12.126 [RX] - 56 69 56 4F 74 65 63 68 32 00 2C 00 00 00 1C 9B 00 00 00 00 00 00 00 00 00 00 00 00 00 00 00 00 00 00 00 00 00 00 00 00 00 00 00 00 00 00 00 00 00 00 00 00 00 00 00 00 00 00 00 00 00 00 00  

 --- SAM2 ATR_r

2026/7/28 10:15:12.147 [TX] - 56 69 56 4F 74 65 63 68 32 00 2C 12 00 01 22 63 89 
2026/7/28 10:15:12.215 [RX] - 56 69 56 4F 74 65 63 68 32 00 2C 00 00 12 3B F8 13 00 00 81 31 FE 45 4A 43 4F 50 76 32 34 31 B7 1C 4B 00 00 00 00 00 00 00 00 00 00 00 00 00 00 00 00 00 00 00 00 00 00 00 00 00 00 00 00 00  

 --- SAM2 APDU_r

2026/7/28 10:15:12.246 [TX] - 56 69 56 4F 74 65 63 68 32 00 2C 13 00 0E 22 00 A4 04 00 08 A0 00 00 00 03 00 00 00 8E AE 
2026/7/28 10:15:12.265 [RX] - 56 69 56 4F 74 65 63 68 32 00 2C 00 00 02 6A 82 4F 87 00 00 00 00 00 00 00 00 00 00 00 00 00 00 00 00 00 00 00 00 00 00 00 00 00 00 00 00 00 00 00 00 00 00 00 00 00 00 00 00 00 00 00 00 00  

 --- SAM2 Power Down_r

2026/7/28 10:15:12.290 [TX] - 56 69 56 4F 74 65 63 68 32 00 2C 18 00 01 22 C8 E1 
2026/7/28 10:15:12.305 [RX] - 56 69 56 4F 74 65 63 68 32 00 2C 00 00 00 1C 9B 00 00 00 00 00 00 00 00 00 00 00 00 00 00 00 00 00 00 00 00 00 00 00 00 00 00 00 00 00 00 00 00 00 00 00 00 00 00 00 00 00 00 00 00 00 00 00  

 ---------- END OF TEST ----------

 Result = PASSED


Docklight Log File (HEX) - Stopped 2026/7/28 10:15:12.418 

