Docklight Log File (HEX) - Started 2026/10/1 15:38:06.507 
 TEST CASE: AC100

 --- Set POS COM PORT Settings
 Set POS COM PORT...
 POS operating on COM90 @ 115200 baud...
 Set POS COM PORT - COMPLETE

 --- Set default config

2026/10/1 15:38:13.961 [TX] - 56 69 56 4F 74 65 63 68 32 00 04 09 00 00 87 30 
2026/10/1 15:38:14.697 [RX] - 56 69 56 4F 74 65 63 68 32 00 04 00 00 00 AE 16 00 00 00 00 00 00 00 00 00 00 00 00 00 00 00 00 00 00 00 00 00 00 00 00 00 00 00 00 00 00 00 00 00 00 00 00 00 00 00 00 00 00 00 00 00 00 00  

 --- Poll on Demand

2026/10/1 15:38:15.228 [TX] - 56 69 56 4F 74 65 63 68 32 00 01 01 00 01 01 D7 34 
2026/10/1 15:38:15.239 [RX] - 56 69 56 4F 74 65 63 68 32 00 01 00 00 00 12 53 00 00 00 00 00 00 00 00 00 00 00 00 00 00 00 00 00 00 00 00 00 00 00 00 00 00 00 00 00 00 00 00 00 00 00 00 00 00 00 00 00 00 00 00 00 00 00  

 --- Burst Off

2026/10/1 15:38:15.762 [TX] - 56 69 56 4F 74 65 63 68 32 00 04 00 00 05 DF EE 7E 01 00 60 1E 
2026/10/1 15:38:15.802 [RX] - 56 69 56 4F 74 65 63 68 32 00 04 00 00 00 AE 16 00 00 00 00 00 00 00 00 00 00 00 00 00 00 00 00 00 00 00 00 00 00 00 00 00 00 00 00 00 00 00 00 00 00 00 00 00 00 00 00 00 00 00 00 00 00 00  

 --- Set Group tag 9F66 = A0004000

2026/10/1 15:38:16.336 [TX] - 56 69 56 4F 74 65 63 68 32 00 04 03 00 0C DF EE 2D 01 90 9F 66 04 A0 00 40 00 AF CA 
2026/10/1 15:38:16.373 [RX] - 56 69 56 4F 74 65 63 68 32 00 04 00 00 00 AE 16 00 00 00 00 00 00 00 00 00 00 00 00 00 00 00 00 00 00 00 00 00 00 00 00 00 00 00 00 00 00 00 00 00 00 00 00 00 00 00 00 00 00 00 00 00 00 00  

 --- 04-00 tag FFF4 = 01 00 01 (default)

2026/10/1 15:38:16.920 [TX] - 56 69 56 4F 74 65 63 68 32 00 04 03 00 AA DF EE 2D 01 90 9F 02 06 00 00 00 00 01 00 9F 03 06 00 00 00 00 00 00 9F 1A 02 08 40 9F 1B 04 00 00 17 70 9F 33 03 00 08 E8 9F 35 01 25 9F 66 04 30 00 40 00 5F 2A 02 08 40 5F 36 01 02 9C 01 00 DF 81 22 05 F8 50 AC F8 00 DF 81 20 05 F8 50 AC A0 00 DF 81 21 05 F8 50 AC F8 00 DF 81 26 06 00 00 00 00 80 00 DF EE 34 06 00 00 00 01 00 00 DF EE 35 03 01 00 01 DF EE 67 03 02 00 00 FF EE 13 29 9F 1B 04 00 00 05 DC 9F 66 04 30 00 40 00 DF EE 34 06 00 00 00 00 20 00 DF EE 35 03 00 D7 00 DF 81 26 06 00 00 00 00 10 00 31 1C 
2026/10/1 15:38:16.959 [RX] - 56 69 56 4F 74 65 63 68 32 00 04 00 00 00 AE 16 00 00 00 00 00 00 00 00 00 00 00 00 00 00 00 00 00 00 00 00 00 00 00 00 00 00 00 00 00 00 00 00 00 00 00 00 00 00 00 00 00 00 00 00 00 00 00  

 --- AT cmd w/ tag 9F03

2026/10/1 15:38:18.116 [TX] - 56 69 56 4F 74 65 63 68 32 00 02 40 00 26 1E 9A 03 17 12 28 9C 01 00 9F 02 06 00 00 00 00 01 00 9F 03 06 00 00 00 00 01 00 9F 21 03 16 25 32 DF EF 37 01 02 38 54 
2026/10/1 15:38:19.237 [RX] - 56 69 56 4F 74 65 63 68 32 00 02 23 02 21 E1 DF EE 26 02 E1 00 DF EE 12 0A FF FF FF 02 00 1D D2 A0 00 19 DF 81 16 16 17 04 00 00 0D 00 00 00 00 00 00 00 00 00 00 00 00 00 00 00 00 00 DF 81 29 08 30 F0 F0 F0 B0 F0 FF 00 FF 81 06 09 9F 5D 06 00 00 00 01 00 00 FF 81 05 82 01 49 4F 07 A0 00 00 00 03 10 10 50 0C 56 49 53 41 20 54 45 53 54 20 30 31 57 A1 12 47 61 CC CC CC 01 00 D2 01 2C CC CC CC CC CC CC CC CC 57 C1 18 62 CE 0D 2A 52 BE D6 5A 05 1A CF 45 BD 72 E6 7B F0 B3 B2 A3 2A 30 53 C3 5A A1 07 47 61 CC CC CC 01 00 5A C1 10 86 3F 15 1A 74 8F 16 4E F3 3D 01 25 16 39 4F 14 82 02 20 20 84 07 A0 00 00 00 03 10 10 8F 01 51 95 05 00 00 00 00 00 9A 03 17 12 28 9C 01 00 5F 24 03 30 12 31 5F 28 02 08 26 5F 2A 02 08 40 5F 2D 04 65 73 65 6E 5F 34 01 01 5F 36 01 02 9F 02 06 00 00 00 00 01 00 9F 03 06 00 00 00 00 01 00 9F 10 07 06 01 11 03 90 00 00 9F 11 01 01 9F 12 0C 50 72 65 66 20 4E 61 6D 65 20 30 31 9F 1A 02 08 40 9F 1B 04 00 00 05 DC 9F 1E 08 33 5A 30 30 30 36 30 34 9F 21 03 16 25 32 9F 26 08 AA BB CC DD EE FF 11 22 9F 27 01 40 9F 33 03 00 08 E8 9F 34 03 3F 00 00 9F 35 01 25 9F 36 02 00 03 9F 37 04 2C 8F FE 9B 9F 39 01 07 9F 41 04 00 00 00 07 9F 66 04 30 00 40 00 9F 69 07 01 11 22 33 44 20 00 9F 6C 02 20 00 DF 81 26 06 00 00 00 00 10 00 DF EE 5B 01 05 DF 81 16 16 1B FF 00 00 13 65 73 65 6E 00 00 00 00 20 00 00 00 01 00 00 08 40 96 08 03 00 00 00 00 00 00 00 DF EE 4C 01 06 DF EC 1C 1E 08 03 00 04 FF 00 1B 00 00 00 13 01 00 00 00 01 00 00 08 40 65 73 65 6E 00 00 00 00 FF 00 DF EF 4C 06 00 25 00 00 00 00 DF EF 4D 28 C2 79 AF 7C 49 5D D3 29 5F BC C5 B8 6E 41 98 69 44 59 A9 4B BA 8C 3F AB A8 69 4F 40 CD 02 78 4B EC 9E 31 7D 78 47 52 14 FF EE 01 05 DF EE 30 01 00 85 20 00 00 00 00 00 00  

 --- 04-00 tag FFF4 = 01 C0 01

2026/10/1 15:38:20.765 [TX] - 56 69 56 4F 74 65 63 68 32 00 04 03 00 AA DF EE 2D 01 90 9F 02 06 00 00 00 00 01 00 9F 03 06 00 00 00 00 00 00 9F 1A 02 08 40 9F 1B 04 00 00 17 70 9F 33 03 00 08 E8 9F 35 01 25 9F 66 04 30 00 40 00 5F 2A 02 08 40 5F 36 01 02 9C 01 00 DF 81 22 05 F8 50 AC F8 00 DF 81 20 05 F8 50 AC A0 00 DF 81 21 05 F8 50 AC F8 00 DF 81 26 06 00 00 00 00 80 00 DF EE 34 06 00 00 00 01 00 00 DF EE 35 03 01 C0 01 DF EE 67 03 02 00 00 FF EE 13 29 9F 1B 04 00 00 05 DC 9F 66 04 30 00 40 00 DF EE 34 06 00 00 00 00 20 00 DF EE 35 03 00 D7 00 DF 81 26 06 00 00 00 00 10 00 FE CB 
2026/10/1 15:38:20.803 [RX] - 56 69 56 4F 74 65 63 68 32 00 04 00 00 00 AE 16 00 00 00 00 00 00 00 00 00 00 00 00 00 00 00 00 00 00 00 00 00 00 00 00 00 00 00 00 00 00 00 00 00 00 00 00 00 00 00 00 00 00 00 00 00 00 00  

 --- AT cmd w/ tag 9F03

2026/10/1 15:38:21.718 [TX] - 56 69 56 4F 74 65 63 68 32 00 02 40 00 26 1E 9A 03 17 12 28 9C 01 00 9F 02 06 00 00 00 00 01 00 9F 03 06 00 00 00 00 01 00 9F 21 03 16 25 32 DF EF 37 01 02 38 54 
2026/10/1 15:38:22.606 [RX] - 56 69 56 4F 74 65 63 68 32 00 02 0A 01 ED E1 DF EE 26 02 E1 00 DF EE 12 0A FF FF FF 02 00 1D D2 A0 00 1A DF EE 02 04 55 90 00 22 DF 81 16 16 17 04 00 00 0D 00 00 00 00 00 00 00 00 00 00 00 00 00 00 00 00 00 DF 81 29 08 20 F0 F0 00 B0 F0 FF 00 FF 81 06 09 9F 5D 06 00 00 00 01 00 00 FF 81 05 82 01 43 4F 07 A0 00 00 00 03 10 10 50 0C 56 49 53 41 20 54 45 53 54 20 30 31 57 A1 12 47 61 CC CC CC 01 00 D2 01 2C CC CC CC CC CC CC CC CC 57 C1 18 A2 F0 0D 14 9B 47 61 DF 0F D9 33 AF D5 77 93 90 26 83 E5 C3 AF AC 5E EE 5A A1 07 47 61 CC CC CC 01 00 5A C1 10 12 E1 CD 90 99 F9 BC 17 D6 2A 10 50 15 A5 08 38 82 02 20 20 84 07 A0 00 00 00 03 10 10 8F 01 51 95 05 00 00 00 00 00 9A 03 17 12 28 9C 01 00 5F 24 03 30 12 31 5F 28 02 08 26 5F 2A 02 08 40 5F 2D 04 65 73 65 6E 5F 34 01 01 5F 36 01 02 9F 02 06 00 00 00 00 01 00 9F 03 06 00 00 00 00 01 00 9F 10 07 06 01 11 03 90 00 00 9F 11 01 01 9F 12 0C 50 72 65 66 20 4E 61 6D 65 20 30 31 9F 1A 02 08 40 9F 1B 04 00 00 05 DC 9F 1E 08 33 5A 30 30 30 36 30 34 9F 21 03 16 25 32 9F 26 08 AA BB CC DD EE FF 11 22 9F 27 01 40 9F 33 03 00 08 E8 9F 35 01 25 9F 36 02 00 03 9F 37 04 24 FF 3B 7E 9F 39 01 07 9F 41 04 00 00 00 08 9F 66 04 30 00 40 00 9F 69 07 01 11 22 33 44 20 00 9F 6C 02 20 00 DF 81 26 06 00 00 00 00 10 00 DF EE 5B 01 05 DF 81 16 16 07 FF 00 00 00 65 73 65 6E 00 00 00 00 20 00 00 00 01 00 00 08 40 96 08 03 00 00 00 00 00 00 00 DF EE 4C 01 06 DF EC 1C 1E 08 02 00 03 FF 00 07 00 00 00 00 01 00 00 00 01 00 00 08 40 65 73 65 6E 00 00 00 00 FF 00 FF EE 01 05 DF EE 30 01 00 9B CF 00 00 00 00 00 00 00 00 00 00 00 00 00 00 00 00 00 00 00 00 00 00 00 00 00 00 00 00 00 00 00 00 00 00 00 00 00 00 00 00 00 00 00 00 00 00 00 00 00 00 00 00 00 00 00 00 00 00  

 --- 04-00 tag FFF4 = 01 00 01 (default)

2026/10/1 15:38:24.152 [TX] - 56 69 56 4F 74 65 63 68 32 00 04 03 00 AA DF EE 2D 01 90 9F 02 06 00 00 00 00 01 00 9F 03 06 00 00 00 00 00 00 9F 1A 02 08 40 9F 1B 04 00 00 17 70 9F 33 03 00 08 E8 9F 35 01 25 9F 66 04 30 00 40 00 5F 2A 02 08 40 5F 36 01 02 9C 01 00 DF 81 22 05 F8 50 AC F8 00 DF 81 20 05 F8 50 AC A0 00 DF 81 21 05 F8 50 AC F8 00 DF 81 26 06 00 00 00 00 80 00 DF EE 34 06 00 00 00 01 00 00 DF EE 35 03 01 00 01 DF EE 67 03 02 00 00 FF EE 13 29 9F 1B 04 00 00 05 DC 9F 66 04 30 00 40 00 DF EE 34 06 00 00 00 00 20 00 DF EE 35 03 00 D7 00 DF 81 26 06 00 00 00 00 10 00 31 1C 
2026/10/1 15:38:24.190 [RX] - 56 69 56 4F 74 65 63 68 32 00 04 00 00 00 AE 16 00 00 00 00 00 00 00 00 00 00 00 00 00 00 00 00 00 00 00 00 00 00 00 00 00 00 00 00 00 00 00 00 00 00 00 00 00 00 00 00 00 00 00 00 00 00 00  

 --- AT cmd w/ tag 9F03

2026/10/1 15:38:25.062 [TX] - 56 69 56 4F 74 65 63 68 32 00 02 40 00 26 1E 9A 03 17 12 28 9C 01 00 9F 02 06 00 00 00 00 01 00 9F 03 06 00 00 00 00 01 00 9F 21 03 16 25 32 DF EF 37 01 02 38 54 
2026/10/1 15:38:25.867 [RX] - 56 69 56 4F 74 65 63 68 32 00 02 23 02 21 E1 DF EE 26 02 E1 00 DF EE 12 0A FF FF FF 02 00 1D D2 A0 00 1B DF 81 16 16 17 04 00 00 0D 00 00 00 00 00 00 00 00 00 00 00 00 00 00 00 00 00 DF 81 29 08 30 F0 F0 F0 B0 F0 FF 00 FF 81 06 09 9F 5D 06 00 00 00 01 00 00 FF 81 05 82 01 49 4F 07 A0 00 00 00 03 10 10 50 0C 56 49 53 41 20 54 45 53 54 20 30 31 57 A1 12 47 61 CC CC CC 01 00 D2 01 2C CC CC CC CC CC CC CC CC 57 C1 18 18 F3 71 41 29 B9 A3 82 2B 77 C3 FC D0 16 E6 79 F5 2D 6B 0D A6 05 CE A1 5A A1 07 47 61 CC CC CC 01 00 5A C1 10 EA 99 41 74 94 34 6F FF 79 CD 1B BB 75 5D A5 B2 82 02 20 20 84 07 A0 00 00 00 03 10 10 8F 01 51 95 05 00 00 00 00 00 9A 03 17 12 28 9C 01 00 5F 24 03 30 12 31 5F 28 02 08 26 5F 2A 02 08 40 5F 2D 04 65 73 65 6E 5F 34 01 01 5F 36 01 02 9F 02 06 00 00 00 00 01 00 9F 03 06 00 00 00 00 01 00 9F 10 07 06 01 11 03 90 00 00 9F 11 01 01 9F 12 0C 50 72 65 66 20 4E 61 6D 65 20 30 31 9F 1A 02 08 40 9F 1B 04 00 00 05 DC 9F 1E 08 33 5A 30 30 30 36 30 34 9F 21 03 16 25 32 9F 26 08 AA BB CC DD EE FF 11 22 9F 27 01 40 9F 33 03 00 08 E8 9F 34 03 3F 00 00 9F 35 01 25 9F 36 02 00 03 9F 37 04 1F 27 1E 2D 9F 39 01 07 9F 41 04 00 00 00 09 9F 66 04 30 00 40 00 9F 69 07 01 11 22 33 44 20 00 9F 6C 02 20 00 DF 81 26 06 00 00 00 00 10 00 DF EE 5B 01 05 DF 81 16 16 1B FF 00 00 13 65 73 65 6E 00 00 00 00 20 00 00 00 01 00 00 08 40 96 08 03 00 00 00 00 00 00 00 DF EE 4C 01 06 DF EC 1C 1E 08 03 00 04 FF 00 1B 00 00 00 13 01 00 00 00 01 00 00 08 40 65 73 65 6E 00 00 00 00 FF 00 DF EF 4C 06 00 25 00 00 00 00 DF EF 4D 28 52 97 41 C2 6B E5 23 F7 61 2A 98 40 1D 98 4D A3 11 92 26 3F 30 0D F2 54 70 4D 94 39 AC 86 17 E7 89 4B 56 2E 42 3A 7B E4 FF EE 01 05 DF EE 30 01 00 62 51 00 00 00 00 00 00 
2026/10/1 15:38:27.381 [TX] - 56 69 56 4F 74 65 63 68 32 00 04 09 00 00 87 30 
2026/10/1 15:38:28.194 [RX] - 56 69 56 4F 74 65 63 68 32 00 04 00 00 00 AE 16 00 00 00 00 00 00 00 00 00 00 00 00 00 00 00 00 00 00 00 00 00 00 00 00 00 00 00 00 00 00 00 00 00 00 00 00 00 00 00 00 00 00 00 00 00 00 00  

 ---------- END OF TEST ----------

 Result = PASSED


Docklight Log File (HEX) - Stopped 2026/10/1 15:38:30.486 

