Docklight Log File (HEX) - Started 2026/9/14 14:40:09.479 
 TEST CASE: CR054

 --- Set POS COM PORT Settings
 Set POS COM PORT...
 POS operating on COM90 @ 115200 baud...
 Set POS COM PORT - COMPLETE

 --- 60-16 Contact Set ICS Identification (01)

2026/9/14 14:40:10.758 [TX] - 56 69 56 4F 74 65 63 68 32 00 60 16 00 01 01 D0 CD 
2026/9/14 14:40:10.767 [RX] - 56 69 56 4F 74 65 63 68 32 00 60 00 00 00 3D 35 00 00 00 00 00 00 00 00 00 00 00 00 00 00 00 00 00 00 00 00 00 00 00 00 00 00 00 00 00 00 00 00 00 00 00 00 00 00 00 00 00 00 00 00 00 00 00  

 --- 60-15 Contact Get ICS Identification

2026/9/14 14:40:11.303 [TX] - 56 69 56 4F 74 65 63 68 32 00 60 15 00 00 A6 95 
2026/9/14 14:40:11.312 [RX] - 56 69 56 4F 74 65 63 68 32 00 60 00 00 01 01 F1 EE 00 00 00 00 00 00 00 00 00 00 00 00 00 00 00 00 00 00 00 00 00 00 00 00 00 00 00 00 00 00 00 00 00 00 00 00 00 00 00 00 00 00 00 00 00 00  

 --- 60-16 Contact Set ICS Identification (02 = Default)

2026/9/14 14:40:11.835 [TX] - 56 69 56 4F 74 65 63 68 32 00 60 16 00 01 02 B3 FD 
2026/9/14 14:40:11.854 [RX] - 56 69 56 4F 74 65 63 68 32 00 60 00 00 00 3D 35 00 00 00 00 00 00 00 00 00 00 00 00 00 00 00 00 00 00 00 00 00 00 00 00 00 00 00 00 00 00 00 00 00 00 00 00 00 00 00 00 00 00 00 00 00 00 00  

 --- 60-15 Contact Get ICS Identification

2026/9/14 14:40:12.372 [TX] - 56 69 56 4F 74 65 63 68 32 00 60 15 00 00 A6 95 
2026/9/14 14:40:12.381 [RX] - 56 69 56 4F 74 65 63 68 32 00 60 00 00 01 02 C1 8D 00 00 00 00 00 00 00 00 00 00 00 00 00 00 00 00 00 00 00 00 00 00 00 00 00 00 00 00 00 00 00 00 00 00 00 00 00 00 00 00 00 00 00 00 00 00  

 --- 60-16 Contact Set ICS Identification (03)

2026/9/14 14:40:12.906 [TX] - 56 69 56 4F 74 65 63 68 32 00 60 16 00 01 03 92 ED 
2026/9/14 14:40:12.925 [RX] - 56 69 56 4F 74 65 63 68 32 00 60 00 00 00 3D 35 00 00 00 00 00 00 00 00 00 00 00 00 00 00 00 00 00 00 00 00 00 00 00 00 00 00 00 00 00 00 00 00 00 00 00 00 00 00 00 00 00 00 00 00 00 00 00  

 --- 60-15 Contact Get ICS Identification

2026/9/14 14:40:13.457 [TX] - 56 69 56 4F 74 65 63 68 32 00 60 15 00 00 A6 95 
2026/9/14 14:40:13.466 [RX] - 56 69 56 4F 74 65 63 68 32 00 60 00 00 01 03 D1 AC 00 00 00 00 00 00 00 00 00 00 00 00 00 00 00 00 00 00 00 00 00 00 00 00 00 00 00 00 00 00 00 00 00 00 00 00 00 00 00 00 00 00 00 00 00 00  

 --- 60-16 Contact Set ICS Identification (04)

2026/9/14 14:40:13.994 [TX] - 56 69 56 4F 74 65 63 68 32 00 60 16 00 01 04 75 9D 
2026/9/14 14:40:14.013 [RX] - 56 69 56 4F 74 65 63 68 32 00 60 00 00 00 3D 35 00 00 00 00 00 00 00 00 00 00 00 00 00 00 00 00 00 00 00 00 00 00 00 00 00 00 00 00 00 00 00 00 00 00 00 00 00 00 00 00 00 00 00 00 00 00 00  

 --- 60-15 Contact Get ICS Identification

2026/9/14 14:40:14.541 [TX] - 56 69 56 4F 74 65 63 68 32 00 60 15 00 00 A6 95 
2026/9/14 14:40:14.549 [RX] - 56 69 56 4F 74 65 63 68 32 00 60 00 00 01 04 A1 4B 00 00 00 00 00 00 00 00 00 00 00 00 00 00 00 00 00 00 00 00 00 00 00 00 00 00 00 00 00 00 00 00 00 00 00 00 00 00 00 00 00 00 00 00 00 00  


2026/9/14 14:40:15.066 [TX] - 56 69 56 4F 74 65 63 68 32 00 60 16 00 01 02 B3 FD 
2026/9/14 14:40:15.086 [RX] - 56 69 56 4F 74 65 63 68 32 00 60 00 00 00 3D 35 00 00 00 00 00 00 00 00 00 00 00 00 00 00 00 00 00 00 00 00 00 00 00 00 00 00 00 00 00 00 00 00 00 00 00 00 00 00 00 00 00 00 00 00 00 00 00  

 Result = PASSED
 ---------- END OF TEST ----------

 Result = PASSED
 

 MASTER RESULT = PASSED


Docklight Log File (HEX) - Stopped 2026/9/14 14:40:18.199 

