Docklight Log File (HEX) - Started 2026/8/12 14:17:15.297 
 TEST CASE: USAT016-3

 --- Set POS COM PORT Settings
 Set POS COM PORT...
 POS operating on COM90 @ 115200 baud...
 Set POS COM PORT - COMPLETE


2026/8/12 14:17:18.431 [TX] - 56 69 56 4F 74 65 63 68 32 00 04 0A 00 00 D7 69 
2026/8/12 14:17:18.674 [RX] - 56 69 56 4F 74 65 63 68 32 00 04 00 00 00 AE 16 00 00 00 00 00 00 00 00 00 00 00 00 00 00 00 00 00 00 00 00 00 00 00 00 00 00 00 00 00 00 00 00 00 00 00 00 00 00 00 00 00 00 00 00 00 00 00  --- DFEE44

2026/8/12 14:17:34.861 [TX] - 56 69 56 4F 74 65 63 68 32 00 04 00 00 06 DF EE 44 02 9D FF 28 26 
2026/8/12 14:17:34.945 [RX] - 56 69 56 4F 74 65 63 68 32 00 04 00 00 00 AE 16 00 00 00 00 00 00 00 00 00 00 00 00 00 00 00 00 00 00 00 00 00 00 00 00 00 00 00 00 00 00 00 00 00 00 00 00 00 00 00 00 00 00 00 00 00 00 00  

 --- Set SmartTap case 0.1 *** NEO2

2026/8/12 14:17:35.480 [TX] - 56 69 56 4F 74 65 63 68 32 00 04 03 00 3F DF EE 2D 01 8E DF EE 3B 04 00 BC 61 4E DF EE 3C 00 DF EE 3D 00 DF EF 25 00 DF ED 01 00 DF ED 02 05 00 00 00 00 01 DF ED 03 01 00 DF ED 04 01 01 DF ED 05 01 01 DF ED 06 01 00 DF ED 07 01 00 5A F0 
2026/8/12 14:17:35.522 [RX] - 56 69 56 4F 74 65 63 68 32 00 04 00 00 00 AE 16 00 00 00 00 00 00 00 00 00 00 00 00 00 00 00 00 00 00 00 00 00 00 00 00 00 00 00 00 00 00 00 00 00 00 00 00 00 00 00 00 00 00 00 00 00 00 00  

 --- Burst OFF mode

2026/8/12 14:17:36.044 [TX] - 56 69 56 4F 74 65 63 68 32 00 04 00 00 05 DF EE 7E 01 00 60 1E 
2026/8/12 14:17:36.093 [RX] - 56 69 56 4F 74 65 63 68 32 00 04 00 00 00 AE 16 00 00 00 00 00 00 00 00 00 00 00 00 00 00 00 00 00 00 00 00 00 00 00 00 00 00 00 00 00 00 00 00 00 00 00 00 00 00 00 00 00 00 00 00 00 00 00  

 --- Get Data Encryption (C7-37)

2026/8/12 14:17:36.111 [TX] - 56 69 56 4F 74 65 63 68 32 00 C7 37 00 00 5B C6 
2026/8/12 14:17:36.178 [RX] - 56 69 56 4F 74 65 63 68 32 00 C7 00 00 01 03 9C 1C 00 00 00 00 00 00 00 00 00 00 00 00 00 00 00 00 00 00 00 00 00 00 00 00 00 00 00 00 00 00 00 00 00 00 00 00 00 00 00 00 00 00 00 00 00 00  
------------------------------------------------------------Enc ON w/ key (AES), DFEF7A = 00/ 01
 

 --- Get account DUKPT encryption type (C7-33)

2026/8/12 14:17:36.708 [TX] - 56 69 56 4F 74 65 63 68 32 00 C7 33 00 00 9B 1A 
2026/8/12 14:17:36.723 [RX] - 56 69 56 4F 74 65 63 68 32 00 C7 0B 00 00 76 9F 00 00 00 00 00 00 00 00 00 00 00 00 00 00 00 00 00 00 00 00 00 00 00 00 00 00 00 00 00 00 00 00 00 00 00 00 00 00 00 00 00 00 00 00 00 00 00  

 --- Poll on demand

2026/8/12 14:17:38.742 [TX] - 56 69 56 4F 74 65 63 68 32 00 01 01 00 01 01 D7 34 
2026/8/12 14:17:38.755 [RX] - 56 69 56 4F 74 65 63 68 32 00 01 00 00 00 12 53 00 00 00 00 00 00 00 00 00 00 00 00 00 00 00 00 00 00 00 00 00 00 00 00 00 00 00 00 00 00 00 00 00 00 00 00 00 00 00 00 00 00 00 00 00 00 00  

 --- 04-00 w/ DFEF7A = 00 >>>>>>>>>>>>>>>>>>>>>>>>>>>>>>>>>>>>>>>>>>>>>>>>

2026/8/12 14:17:39.284 [TX] - 56 69 56 4F 74 65 63 68 32 00 04 00 00 05 DF EF 7A 01 00 14 B4 
2026/8/12 14:17:39.345 [RX] - 56 69 56 4F 74 65 63 68 32 00 04 00 00 00 AE 16 00 00 00 00 00 00 00 00 00 00 00 00 00 00 00 00 00 00 00 00 00 00 00 00 00 00 00 00 00 00 00 00 00 00 00 00 00 00 00 00 00 00 00 00 00 00 00  

 --- 02-40 (tap Phone (AndroidPay))

2026/8/12 14:17:41.139 [TX] - 56 69 56 4F 74 65 63 68 32 00 02 40 00 1A 20 9F 02 06 00 00 00 00 10 00 9A 03 07 11 21 9F 21 03 10 15 20 DF EF 37 01 02 28 77 
2026/8/12 14:17:42.406 [RX] - 56 69 56 4F 74 65 63 68 32 00 02 23 01 DC E1 DF EE 26 02 E1 00 DF EE 12 0A FF FF FF 02 00 1B AB E0 00 05 DF 81 16 16 17 04 00 00 0D 00 00 00 00 00 00 00 00 00 00 00 00 00 00 00 00 00 DF 81 29 08 30 F0 F0 30 A0 F0 FF 00 FF 81 05 82 01 50 4F 07 A0 00 00 00 03 10 10 50 0B 56 69 73 61 20 43 72 65 64 69 74 57 A1 13 49 21 CC CC CC CC 62 70 D2 80 4C CC CC CC CC CC CC CC CC 57 C1 18 5B 0A B8 6E 1D B9 F1 8B FF A3 F3 2D A7 04 6F 43 9A E5 65 D2 A1 FA E6 D9 5A A1 08 49 21 CC CC CC CC 62 70 5A C1 10 85 B8 E3 36 B8 EA 11 8C 89 E7 E0 AB 66 7E 67 5A 82 02 00 40 84 07 A0 00 00 00 03 10 10 95 05 00 00 00 00 00 9A 03 07 11 21 5F 28 02 01 58 5F 2A 02 08 40 5F 2D 02 7A 68 5F 34 01 00 5F 36 01 02 9F 02 06 00 00 00 00 10 00 9F 06 07 A0 00 00 00 03 10 10 9F 10 20 1F 43 FE 51 20 00 00 00 00 00 00 00 00 06 53 59 00 00 00 00 00 00 00 00 00 00 00 00 00 00 00 00 9F 1A 02 08 40 9F 1B 04 00 00 1F 40 9F 1E 08 33 5A 30 30 30 36 30 34 9F 21 03 10 15 20 9F 26 08 81 6D 75 E2 A0 FF 00 58 9F 27 01 80 9F 33 03 E0 08 40 9F 34 03 24 03 02 9F 35 01 15 9F 36 02 05 57 9F 37 04 D0 62 5A 5E 9F 39 01 07 9F 40 05 80 00 00 00 00 9F 41 04 00 00 00 01 9F 5A 05 40 01 58 01 58 9F 66 04 30 00 C0 00 9F 6C 02 01 80 9F 6E 04 23 8C 00 00 DF 81 26 06 00 00 00 00 60 00 DF EE 5B 01 05 DF 81 16 16 1B FF 00 00 13 7A 68 00 00 00 00 00 00 00 00 00 00 00 00 00 00 00 96 08 03 00 00 00 00 00 00 00 DF EE 4C 01 06 DF EC 1C 1E 08 08 00 01 FF 00 1B 00 00 00 13 FF 00 00 00 00 00 00 00 00 7A 68 00 00 00 00 00 00 FF 00 FC 6B 00 00 00 00 00 00 00 00 00 00 00 00  

 --- 02-40 VAS Only (tap Phone (SmartTap case 0.1))

2026/8/12 14:17:50.501 [TX] - 56 69 56 4F 74 65 63 68 32 00 02 40 00 20 30 9F 02 06 00 00 00 00 00 01 9C 01 00 FF EE 08 0A DF EF 1A 01 02 DF ED 28 01 00 DF EF 37 01 02 BA E5 
2026/8/12 14:17:52.880 [RX] - 56 69 56 4F 74 65 63 68 32 00 02 57 00 7E E1 DF EE 26 02 E1 00 FF EE 08 66 DF EF 76 62 94 03 2F 61 73 76 94 01 06 69 04 02 71 79 79 71 54 03 1F 63 75 73 94 03 06 63 69 64 04 12 34 56 78 90 19 01 03 03 54 63 70 6C 00 65 6E 54 03 02 63 75 74 04 7B 54 03 27 61 73 76 94 01 05 69 05 01 F7 97 98 54 02 19 6C 79 94 03 09 6F 69 64 04 21 6B 2F 8C A8 CD 32 C2 54 01 06 6E 05 F3 24 23 42 34 9F 39 01 07 FF EE 01 05 DF EE 30 01 00 98 AA 00 00 00 00 00 00 00 00 00 00 00 00 00 00 00 00 00 00 00 00 00 00 00 00 00 00 00 00 00 00 00 00 00 00 00 00 00 00 00 00 00 00 00 00 00 00 00  

 --- Poll on demand

2026/8/12 14:17:55.543 [TX] - 56 69 56 4F 74 65 63 68 32 00 01 01 00 01 01 D7 34 
2026/8/12 14:17:55.559 [RX] - 56 69 56 4F 74 65 63 68 32 00 01 00 00 00 12 53 00 00 00 00 00 00 00 00 00 00 00 00 00 00 00 00 00 00 00 00 00 00 00 00 00 00 00 00 00 00 00 00 00 00 00 00 00 00 00 00 00 00 00 00 00 00 00  

 --- 04-00 w/ DFEF7A = 01 >>>>>>>>>>>>>>>>>>>>>>>>>>>>>>>>>>>>>>>>>>>>>>>>

2026/8/12 14:17:56.088 [TX] - 56 69 56 4F 74 65 63 68 32 00 04 00 00 05 DF EF 7A 01 01 35 A4 
2026/8/12 14:17:56.145 [RX] - 56 69 56 4F 74 65 63 68 32 00 04 00 00 00 AE 16 00 00 00 00 00 00 00 00 00 00 00 00 00 00 00 00 00 00 00 00 00 00 00 00 00 00 00 00 00 00 00 00 00 00 00 00 00 00 00 00 00 00 00 00 00 00 00  

 --- 02-40 (tap Phone (AndroidPay))

2026/8/12 14:17:57.044 [TX] - 56 69 56 4F 74 65 63 68 32 00 02 40 00 1A 20 9F 02 06 00 00 00 00 10 00 9A 03 07 11 21 9F 21 03 10 15 20 DF EF 37 01 02 28 77 
2026/8/12 14:18:01.235 [RX] - 56 69 56 4F 74 65 63 68 32 00 02 23 01 E1 E1 DF EE 26 02 E1 00 DF EE 12 0A FF FF FF 02 00 1B AB E0 00 06 DF 81 16 16 17 04 00 00 0D 00 00 00 00 00 00 00 00 00 00 00 00 00 00 00 00 00 DF 81 29 08 30 F0 F0 30 A0 F0 FF 00 FF 81 05 82 01 50 4F 07 A0 00 00 00 03 10 10 50 0B 56 69 73 61 20 43 72 65 64 69 74 57 A1 13 49 21 CC CC CC CC 62 70 D2 80 4C CC CC CC CC CC CC CC CC 57 C1 18 52 02 66 3D 63 A0 78 D0 F7 D2 76 7E 15 A5 BC 75 9B 45 6F D0 71 69 44 33 5A A1 08 49 21 CC CC CC CC 62 70 5A C1 10 5F 81 93 48 0C 14 DF ED CF A0 7C 36 26 4C 29 87 82 02 00 40 84 07 A0 00 00 00 03 10 10 95 05 00 00 00 00 00 9A 03 07 11 21 5F 28 02 01 58 5F 2A 02 08 40 5F 2D 02 7A 68 5F 34 01 00 5F 36 01 02 9F 02 06 00 00 00 00 10 00 9F 06 07 A0 00 00 00 03 10 10 9F 10 20 1F 43 FE 51 20 00 00 00 00 00 00 00 00 06 53 59 00 00 00 00 00 00 00 00 00 00 00 00 00 00 00 00 9F 1A 02 08 40 9F 1B 04 00 00 1F 40 9F 1E 08 33 5A 30 30 30 36 30 34 9F 21 03 10 15 20 9F 26 08 BE 43 8D 3B 0F 9C B8 3F 9F 27 01 80 9F 33 03 E0 08 40 9F 34 03 24 03 02 9F 35 01 15 9F 36 02 05 58 9F 37 04 72 62 ED 5D 9F 39 01 07 9F 40 05 80 00 00 00 00 9F 41 04 00 00 00 02 9F 5A 05 40 01 58 01 58 9F 66 04 30 00 C0 00 9F 6C 02 01 80 9F 6E 04 23 8C 00 00 DF 81 26 06 00 00 00 00 60 00 DF EE 5B 01 05 DF 81 16 16 1B FF 00 00 13 7A 68 00 00 00 00 00 00 00 00 00 00 00 00 00 00 00 96 08 03 00 00 00 00 00 00 00 DF EE 4C 01 06 DF EC 1C 1E 08 08 00 01 FF 00 1B 00 00 00 13 FF 00 00 00 00 00 00 00 00 7A 68 00 00 00 00 00 00 FF 00 DF EF 7B  --> DFEF7B 01 02 A3 DD 00 00 00 00 00 00 00  

 --- 02-40 VAS Only (tap Phone (SmartTap case 0.1))

2026/8/12 14:18:02.982 [TX] - 56 69 56 4F 74 65 63 68 32 00 02 40 00 20 30 9F 02 06 00 00 00 00 00 01 9C 01 00 FF EE 08 0A DF EF 1A 01 02 DF ED 28 01 00 DF EF 37 01 02 BA E5 
2026/8/12 14:18:05.237 [RX] - 56 69 56 4F 74 65 63 68 32 00 02 57 00 83 E1 DF EE 26 02 E1 00 FF EE 08 66 DF EF 76 62 94 03 2F 61 73 76 94 01 06 69 04 02 71 79 79 71 54 03 1F 63 75 73 94 03 06 63 69 64 04 12 34 56 78 90 19 01 03 03 54 63 70 6C 00 65 6E 54 03 02 63 75 74 04 7B 54 03 27 61 73 76 94 01 05 69 05 01 F7 97 98 54 02 19 6C 79 94 03 09 6F 69 64 04 09 8A 30 C4 BD 30 E0 27 54 01 06 6E 05 F3 24 23 42 34 9F 39 01 07 FF EE 01 05 DF EE 30 01 00 DF EF 7B  --> DFEF7B 01 02 58 DA 00 00 00 00 00 00 00 00 00 00 00 00 00 00 00 00 00 00 00 00 00 00 00 00 00 00 00 00 00 00 00 00 00 00 00 00 00 00 00 00 00 00  

 Result = PASSED
 ---------- END OF TEST ----------

 Result = PASSED


Docklight Log File (HEX) - Stopped 2026/8/12 14:18:06.375 

