Docklight Log File (HEX) - Started 2026/9/14 16:54:10.614 
 TEST CASE: BT016

 --- Set POS COM PORT Settings
 Set POS COM PORT...
 POS operating on COM90 @ 115200 baud...
 Set POS COM PORT - COMPLETE

 --- 77-81 (reset to default)

2026/9/14 16:54:11.898 [TX] - 56 69 56 4F 74 65 63 68 32 00 77 81 00 00 7B D5 
2026/9/14 16:54:11.963 [RX] - 56 69 56 4F 74 65 63 68 32 00 77 00 00 00 77 BF 00 00 00 00 00 00 00 00 00 00 00 00 00 00 00 00 00 00 00 00 00 00 00 00 00 00 00 00 00 00 00 00 00 00 00 00 00 00 00 00 00 00 00 00 00 00 00 
2026/9/14 16:54:11.977 [TX] - 56 69 56 4F 74 65 63 68 32 00 77 05 00 00 4F 9C 
2026/9/14 16:54:11.990 [RX] - 56 69 56 4F 74 65 63 68 32 00 77 00 00 00 77 BF 00 00 00 00 00 00 00 00 00 00 00 00 00 00 00 00 00 00 00 00 00 00 00 00 00 00 00 00 00 00 00 00 00 00 00 00 00 00 00 00 00 00 00 00 00 00 00 56 69 56 4F 74 65 63 68 32 00 61 01 00 10 03 00 00 02 00 45 4E 03 00 82 23 1C 02 00 00 20 F0 63 00 00 00 00 00 00 00 00 00 00 00 00 00 00 00 00 00 00 00 00 00 00 00 00 00 00 00 00 00 00 00  

 --- 77-86 read config of ble fw option, 0 = sps only; 1 = sps + hid

2026/9/14 16:54:22.984 [TX] - 56 69 56 4F 74 65 63 68 32 00 77 86 00 03 00 05 00 6E 43 
2026/9/14 16:54:22.995 [RX] - 56 69 56 4F 74 65 63 68 32 00 77 0A 00 00 B0 7E 00 00 00 00 00 00 00 00 00 00 00 00 00 00 00 00 00 00 00 00 00 00 00 00 00 00 00 00 00 00 00 00 00 00 00 00 00 00 00 00 00 00 00 00 00 00 00  

 ---------- END OF TEST ----------

 Result = FAILED


Docklight Log File (HEX) - Stopped 2026/9/14 16:54:25.070 

