Docklight Log File (HEX) - Started 2026/9/30 15:18:48.261 
 TEST CASE: ULTR100

 --- Set POS COM PORT Settings
 Set POS COM PORT...
 POS operating on COM90 @ 115200 baud...
 Set POS COM PORT - COMPLETE

 

 --- 60-16 Contact Set ICS Identification = 02

2026/9/30 15:18:55.423 [TX] - 56 69 56 4F 74 65 63 68 32 00 60 16 00 01 02 FD B3 
2026/9/30 15:18:55.436 [RX] - 56 69 56 4F 74 65 63 68 32 00 60 00 00 00 3D 35 00 00 00 00 00 00 00 00 00 00 00 00 00 00 00 00 00 00 00 00 00 00 00 00 00 00 00 00 00 00 00 00 00 00 00 00 00 00 00 00 00 00 00 00 00 00 00  

 --- 60-06 Contact Set Terminal Data: 2C

2026/9/30 15:18:55.645 [TX] - 56 69 56 4F 74 65 63 68 32 00 60 06 00 C8 18 00 5F 36 01 02 9F 1A 02 08 40 9F 35 01 21 9F 33 03 60 28 C8 9F 40 05 F0 00 F0 A0 01 9F 1E 08 54 65 72 6D 69 6E 61 6C 9F 15 02 12 34 9F 16 0F 30 30 30 30 30 30 30 30 30 30 30 30 30 30 30 9F 1C 08 38 37 36 35 34 33 32 31 9F 4E 22 31 30 37 32 31 20 57 61 6C 6B 65 72 20 53 74 2E 20 43 79 70 72 65 73 73 2C 20 43 41 20 2C 55 53 41 2E DF 26 01 01 DF 10 08 65 6E 66 72 65 73 7A 68 DF 11 01 00 DF 27 01 00 DF EE 15 01 01 DF EE 16 01 00 DF EE 17 01 05 DF EE 18 01 80 DF EE 1E 08 D0 DC 20 D0 C4 1E 16 00 DF EE 1F 01 80 DF EE 1B 08 30 30 30 31 35 31 30 30 DF EE 20 01 3C DF EE 21 01 0A DF EE 22 03 32 3C 3C 41 C3 
2026/9/30 15:18:55.664 [RX] - 56 69 56 4F 74 65 63 68 32 00 60 00 00 00 3D 35 00 00 00 00 00 00 00 00 00 00 00 00 00 00 00 00 00 00 00 00 00 00 00 00 00 00 00 00 00 00 00 00 00 00 00 00 00 00 00 00 00 00 00 00 00 00 00  

 --- 60-03 Contact Set Application Data (VISA)

2026/9/30 15:18:55.866 [TX] - 56 69 56 4F 74 65 63 68 32 00 60 03 00 65 07 00 A0 00 00 00 03 10 10 0F 00 9F 01 06 56 49 53 41 30 30 5F 57 01 00 5F 2A 02 08 40 9F 09 02 00 96 5F 36 01 02 9F 1B 04 00 00 3A 98 DF 25 03 9F 37 04 DF 28 03 9F 08 02 DF EE 15 01 01 DF 13 05 00 00 00 00 00 DF 14 05 00 00 00 00 00 DF 15 05 00 00 00 00 00 DF 18 01 00 DF 17 04 00 00 27 10 DF 19 01 00 97 F3 
2026/9/30 15:18:55.885 [RX] - 56 69 56 4F 74 65 63 68 32 00 60 00 00 00 3D 35 00 00 00 00 00 00 00 00 00 00 00 00 00 00 00 00 00 00 00 00 00 00 00 00 00 00 00 00 00 00 00 00 00 00 00 00 00 00 00 00 00 00 00 00 00 00 00 
2026/9/30 15:18:56.076 [TX] - 56 69 56 4F 74 65 63 68 32 00 2C 01 00 01 00 0D 38 
2026/9/30 15:18:56.090 [RX] - 56 69 56 4F 74 65 63 68 32 00 2C 0C 00 00 69 FA 00 00 00 00 00 00 00 00 00 00 00 00 00 00 00 00 00 00 00 00 00 00 00 00 00 00 00 00 00 00 00 00 00 00 00 00 00 00 00 00 00 00 00 00 00 00 00 
2026/9/30 15:18:56.295 [TX] - 56 69 56 4F 74 65 63 68 32 00 04 00 00 05 DF EE 7C 01 01 60 21 
2026/9/30 15:18:56.357 [RX] - 56 69 56 4F 74 65 63 68 32 00 04 00 00 00  

2026/9/30 15:18:56.357 [RX] - AE 16 00 00 00 00 00 00 00 00 00 00 00 00 00 00 00 00 00 00 00 00 00 00 00 00 00 00 00 00 00 00 00 00 00 00 00 00 00 00 00 00 00 00 00 00 00 00 00  

 --- cmd 02-01 ==================================================================

2026/9/30 15:18:59.238 [TX] - 56 69 56 4F 74 65 63 68 32 00 02 01 00 0D 1E 9C 01 00 9F 02 06 00 00 00 00 15 00 E0 0C 
2026/9/30 15:18:59.375 [RX] - 56 69 56 4F 74 65 63 68 32 00 02 50 00 1F 21 DF EE 26 02 21 00 DF EE 02 04 27 90 00 00 DF EC 0F 0C 02 44 00 00 07 04 C2 78 9A 63 1E 80 07 52 00 00 00 00 00 00 00 00 00 00 00 00 00 00 00 00  

 ---------- READ ALL BLOCKS ----------
 
--- Read Block #0 ---

2026/9/30 15:18:59.908 [TX] - 56 69 56 4F 74 65 63 68 32 00 2C 07 00 02 41 00 43 85 
2026/9/30 15:18:59.922 [RX] - 56 69 56 4F 74 65 63 68 32 00 2C 00 00 10  Read Block OK

2026/9/30 15:18:59.922 [RX] - 04 C2 78 36 9A 63 1E 80 67 48 11 11 11 11 11 11 34 05 00 00 00 00 00 00 00 00 00 00 00 00 00 00 00 00 00 00 00 00 00 00 00 00 00 00 00 00 00 00 00  Result = PASSED
 
--- Read Block #1 ---

2026/9/30 15:18:59.945 [TX] - 56 69 56 4F 74 65 63 68 32 00 2C 07 00 02 41 01 53 A4 
2026/9/30 15:18:59.954 [RX] - 56 69 56 4F 74 65 63 68 32 00 2C 00 00 10  Read Block OK

2026/9/30 15:18:59.954 [RX] - 9A 63 1E 80 67 48 11 11 11 11 11 11 FF FF FF FF 4C 33 00 00 00 00 00 00 00 00 00 00 00 00 00 00 00 00 00 00 00 00 00 00 00 00 00 00 00 00 00 00 00  Result = PASSED
 
--- Read Block #2 ---

2026/9/30 15:18:59.977 [TX] - 56 69 56 4F 74 65 63 68 32 00 2C 07 00 02 41 02 63 C7 
2026/9/30 15:18:59.986 [RX] - 56 69 56 4F 74 65 63 68 32 00 2C 00 00 10  Read Block OK

2026/9/30 15:18:59.986 [RX] - 67 48 11 11 11 11 11 11 FF FF FF FF 00 00 00 00 F6 7B 00 00 00 00 00 00 00 00 00 00 00 00 00 00 00 00 00 00 00 00 00 00 00 00 00 00 00 00 00 00 00  Result = PASSED
 
--- Read Block #3 ---

2026/9/30 15:19:00.027 [TX] - 56 69 56 4F 74 65 63 68 32 00 2C 07 00 02 41 03 73 E6 
2026/9/30 15:19:00.036 [RX] - 56 69 56 4F 74 65 63 68 32 00 2C 00 00 10  Read Block OK

2026/9/30 15:19:00.036 [RX] - 11 11 11 11 FF FF FF FF 00 00 00 00 00 00 00 00 92 7D 00 00 00 00 00 00 00 00 00 00 00 00 00 00 00 00 00 00 00 00 00 00 00 00 00 00 00 00 00 00 00  Result = PASSED
 
--- Read Block #4 ---

2026/9/30 15:19:00.071 [TX] - 56 69 56 4F 74 65 63 68 32 00 2C 07 00 02 41 04 03 01 
2026/9/30 15:19:00.080 [RX] - 56 69 56 4F 74 65 63 68 32 00 2C 00 00 10  Read Block OK

2026/9/30 15:19:00.080 [RX] - FF FF FF FF 00 00 00 00 00 00 00 00 00 00 00 00 B1 C4 00 00 00 00 00 00 00 00 00 00 00 00 00 00 00 00 00 00 00 00 00 00 00 00 00 00 00 00 00 00 00  Result = PASSED
 
--- Read Block #5 ---

2026/9/30 15:19:00.114 [TX] - 56 69 56 4F 74 65 63 68 32 00 2C 07 00 02 41 05 13 20 
2026/9/30 15:19:00.124 [RX] - 56 69 56 4F 74 65 63 68 32 00 2C 00 00 10  Read Block OK

2026/9/30 15:19:00.124 [RX] - 00 00 00 00 00 00 00 00 00 00 00 00 00 00 00 00 72 A4 00 00 00 00 00 00 00 00 00 00 00 00 00 00 00 00 00 00 00 00 00 00 00 00 00 00 00 00 00 00 00  Result = PASSED
 
--- Read Block #6 ---

2026/9/30 15:19:00.144 [TX] - 56 69 56 4F 74 65 63 68 32 00 2C 07 00 02 41 06 23 43 
2026/9/30 15:19:00.156 [RX] - 56 69 56 4F 74 65 63 68 32 00 2C 00 00 10  Read Block OK

2026/9/30 15:19:00.156 [RX] - 00 00 00 00 00 00 00 00 00 00 00 00 11 32 33 35 82 42 00 00 00 00 00 00 00 00 00 00 00 00 00 00 00 00 00 00 00 00 00 00 00 00 00 00 00 00 00 00 00  Result = PASSED
 
--- Read Block #7 ---

2026/9/30 15:19:00.175 [TX] - 56 69 56 4F 74 65 63 68 32 00 2C 07 00 02 41 07 33 62 
2026/9/30 15:19:00.188 [RX] - 56 69 56 4F 74 65 63 68 32 00 2C 00 00 10  Read Block OK

2026/9/30 15:19:00.188 [RX] - 00 00 00 00 00 00 00 00 11 32 33 35 00 00 00 00 FF 78 00 00 00 00 00 00 00 00 00 00 00 00 00 00 00 00 00 00 00 00 00 00 00 00 00 00 00 00 00 00 00  Result = PASSED
 
--- Read Block #8 ---

2026/9/30 15:19:00.209 [TX] - 56 69 56 4F 74 65 63 68 32 00 2C 07 00 02 41 08 C2 8D 
2026/9/30 15:19:00.219 [RX] - 56 69 56 4F 74 65 63 68 32 00 2C 00 00 10  Read Block OK

2026/9/30 15:19:00.219 [RX] - 00 00 00 00 11 32 33 35 00 00 00 00 00 00 00 00 86 EF 00 00 00 00 00 00 00 00 00 00 00 00 00 00 00 00 00 00 00 00 00 00 00 00 00 00 00 00 00 00 00  Result = PASSED
 
--- Read Block #9 ---

2026/9/30 15:19:00.239 [TX] - 56 69 56 4F 74 65 63 68 32 00 2C 07 00 02 41 09 D2 AC 
2026/9/30 15:19:00.250 [RX] - 56 69 56 4F 74 65 63 68 32 00 2C 00 00 10  Read Block OK

2026/9/30 15:19:00.250 [RX] - 11 32 33 35 00 00 00 00 00 00 00 00 00 00 00 00 CA 44 00 00 00 00 00 00 00 00 00 00 00 00 00 00 00 00 00 00 00 00 00 00 00 00 00 00 00 00 00 00 00  Result = PASSED
 
--- Read Block #10 ---

2026/9/30 15:19:00.271 [TX] - 56 69 56 4F 74 65 63 68 32 00 2C 07 00 02 41 0A E2 CF 
2026/9/30 15:19:00.281 [RX] - 56 69 56 4F 74 65 63 68 32 00 2C 00 00 10  Read Block OK

2026/9/30 15:19:00.281 [RX] - 00 00 00 00 00 00 00 00 00 00 00 00 00 00 00 00 72 A4 00 00 00 00 00 00 00 00 00 00 00 00 00 00 00 00 00 00 00 00 00 00 00 00 00 00 00 00 00 00 00  Result = PASSED
 
--- Read Block #11 ---

2026/9/30 15:19:00.301 [TX] - 56 69 56 4F 74 65 63 68 32 00 2C 07 00 02 41 0B F2 EE 
2026/9/30 15:19:00.313 [RX] - 56 69 56 4F 74 65 63 68 32 00 2C 00 00 10  Read Block OK

2026/9/30 15:19:00.313 [RX] - 00 00 00 00 00 00 00 00 00 00 00 00 00 00 00 00 72 A4 00 00 00 00 00 00 00 00 00 00 00 00 00 00 00 00 00 00 00 00 00 00 00 00 00 00 00 00 00 00 00  Result = PASSED
 
--- Read Block #12 ---

2026/9/30 15:19:00.338 [TX] - 56 69 56 4F 74 65 63 68 32 00 2C 07 00 02 41 0C 82 09 
2026/9/30 15:19:00.347 [RX] - 56 69 56 4F 74 65 63 68 32 00 2C 00 00 10  Read Block OK

2026/9/30 15:19:00.347 [RX] - 00 00 00 00 00 00 00 00 00 00 00 00 00 00 00 00 72 A4 00 00 00 00 00 00 00 00 00 00 00 00 00 00 00 00 00 00 00 00 00 00 00 00 00 00 00 00 00 00 00  Result = PASSED
 
--- Read Block #13 ---

2026/9/30 15:19:00.381 [TX] - 56 69 56 4F 74 65 63 68 32 00 2C 07 00 02 41 0D 92 28 
2026/9/30 15:19:00.391 [RX] - 56 69 56 4F 74 65 63 68 32 00 2C 00 00 10  Read Block OK

2026/9/30 15:19:00.391 [RX] - 00 00 00 00 00 00 00 00 00 00 00 00 04 C2 78 36 27 A7 00 00 00 00 00 00 00 00 00 00 00 00 00 00 00 00 00 00 00 00 00 00 00 00 00 00 00 00 00 00 00  Result = PASSED
 
--- Read Block #14 ---

2026/9/30 15:19:00.411 [TX] - 56 69 56 4F 74 65 63 68 32 00 2C 07 00 02 41 0E A2 4B 
2026/9/30 15:19:00.423 [RX] - 56 69 56 4F 74 65 63 68 32 00 2C 00 00 10  Read Block OK

2026/9/30 15:19:00.423 [RX] - 00 00 00 00 00 00 00 00 04 C2 78 36 9A 63 1E 80 3F 71 00 00 00 00 00 00 00 00 00 00 00 00 00 00 00 00 00 00 00 00 00 00 00 00 00 00 00 00 00 00 00  Result = PASSED
 
--- Read Block #15 ---

2026/9/30 15:19:00.444 [TX] - 56 69 56 4F 74 65 63 68 32 00 2C 07 00 02 41 0F B2 6A 
2026/9/30 15:19:00.456 [RX] - 56 69 56 4F 74 65 63 68 32 00 2C 00 00 10  Read Block OK

2026/9/30 15:19:00.456 [RX] - 00 00 00 00 04 C2 78 36 9A 63 1E 80 67 48 11 11 25 7B 00 00 00 00 00 00 00 00 00 00 00 00 00 00 00 00 00 00 00 00 00 00 00 00 00 00 00 00 00 00 00  Result = PASSED
 
PASSED = 16
FAILED = 0
 

 ---------- WRITE BLOCKS ----------
 

 ---Write Block #2

2026/9/30 15:19:00.504 [TX] - 56 69 56 4F 74 65 63 68 32 00 2C 08 00 06 41 02 11 11 11 11 13 E9 
2026/9/30 15:19:00.519 [RX] - 56 69 56 4F 74 65 63 68 32 00 2C 00 00 00 1C 9B  

2026/9/30 15:19:00.519 [RX] - 00 00 00 00 00 00 00 00 00 00 00 00 00 00 00 00 00 00 00 00 00 00 00 00 00 00 00 00 00 00 00 00 00 00 00 00 00 00 00 00 00 00 00 00 00 00 00  

 ---Write Block #3

2026/9/30 15:19:00.537 [TX] - 56 69 56 4F 74 65 63 68 32 00 2C 08 00 06 41 03 11 11 11 11 B9 B8 
2026/9/30 15:19:00.550 [RX] - 56 69 56 4F 74 65 63 68 32 00 2C 00 00 00 1C 9B  

2026/9/30 15:19:00.550 [RX] - 00 00 00 00 00 00 00 00 00 00 00 00 00 00 00 00 00 00 00 00 00 00 00 00 00 00 00 00 00 00 00 00 00 00 00 00 00 00 00 00 00 00 00 00 00 00 00  

 ---Write Block #6

2026/9/30 15:19:00.570 [TX] - 56 69 56 4F 74 65 63 68 32 00 2C 08 00 06 41 06 00 00 00 00 B1 FD 
2026/9/30 15:19:00.582 [RX] - 56 69 56 4F 74 65 63 68 32 00 2C 00 00 00 1C 9B  

2026/9/30 15:19:00.582 [RX] - 00 00 00 00 00 00 00 00 00 00 00 00 00 00 00 00 00 00 00 00 00 00 00 00 00 00 00 00 00 00 00 00 00 00 00 00 00 00 00 00 00 00 00 00 00 00 00  

 ---Write Block #7

2026/9/30 15:19:00.600 [TX] - 56 69 56 4F 74 65 63 68 32 00 2C 08 00 06 41 07 00 00 00 00 1B AC 
2026/9/30 15:19:00.612 [RX] - 56 69 56 4F 74 65 63 68 32 00 2C 00 00 00 1C 9B  

2026/9/30 15:19:00.612 [RX] - 00 00 00 00 00 00 00 00 00 00 00 00 00 00 00 00 00 00 00 00 00 00 00 00 00 00 00 00 00 00 00 00 00 00 00 00 00 00 00 00 00 00 00 00 00 00 00  

 ---Write Block #10

2026/9/30 15:19:00.630 [TX] - 56 69 56 4F 74 65 63 68 32 00 2C 08 00 06 41 0A 00 00 00 00 3A D6 
2026/9/30 15:19:00.644 [RX] - 56 69 56 4F 74 65 63 68 32 00 2C 00 00 00 1C 9B  

2026/9/30 15:19:00.644 [RX] - 00 00 00 00 00 00 00 00 00 00 00 00 00 00 00 00 00 00 00 00 00 00 00 00 00 00 00 00 00 00 00 00 00 00 00 00 00 00 00 00 00 00 00 00 00 00 00  

 ---Write Block #11

2026/9/30 15:19:00.663 [TX] - 56 69 56 4F 74 65 63 68 32 00 2C 08 00 06 41 0B 00 00 00 00 90 87 
2026/9/30 15:19:00.675 [RX] - 56 69 56 4F 74 65 63 68 32 00 2C 00 00 00 1C 9B  

2026/9/30 15:19:00.675 [RX] - 00 00 00 00 00 00 00 00 00 00 00 00 00 00 00 00 00 00 00 00 00 00 00 00 00 00 00 00 00 00 00 00 00 00 00 00 00 00 00 00 00 00 00 00 00 00 00  

 ---Write Block #14

2026/9/30 15:19:00.697 [TX] - 56 69 56 4F 74 65 63 68 32 00 2C 08 00 06 41 0E 00 00 00 00 B3 D0 
2026/9/30 15:19:00.709 [RX] - 56 69 56 4F 74 65 63 68 32 00 2C 00 00 00 1C 9B  

2026/9/30 15:19:00.709 [RX] - 00 00 00 00 00 00 00 00 00 00 00 00 00 00 00 00 00 00 00 00 00 00 00 00 00 00 00 00 00 00 00 00 00 00 00 00 00 00 00 00 00 00 00 00 00 00 00  

 ---Write Block #15

2026/9/30 15:19:00.739 [TX] - 56 69 56 4F 74 65 63 68 32 00 2C 08 00 06 41 0F 00 00 00 00 19 81 
2026/9/30 15:19:00.752 [RX] - 56 69 56 4F 74 65 63 68 32 00 2C 00 00 00 1C 9B  

2026/9/30 15:19:00.752 [RX] - 00 00 00 00 00 00 00 00 00 00 00 00 00 00 00 00 00 00 00 00 00 00 00 00 00 00 00 00 00 00 00 00 00 00 00 00 00 00 00 00 00 00 00 00 00 00 00  

 ---PT Stop

2026/9/30 15:19:02.292 [TX] - 56 69 56 4F 74 65 63 68 32 00 2C 01 00 01 00 0D 38 
2026/9/30 15:19:02.305 [RX] - 56 69 56 4F 74 65 63 68 32 00 2C 00 00 00 1C 9B  

2026/9/30 15:19:02.305 [RX] - 00 00 00 00 00 00 00 00 00 00 00 00 00 00 00 00 00 00 00 00 00 00 00 00 00 00 00 00 00 00 00 00 00 00 00 00 00 00 00 00 00 00 00 00 00 00 00  

 --- cmd 02-40 ==================================================================

2026/9/30 15:19:05.443 [TX] - 56 69 56 4F 74 65 63 68 32 00 02 40 00 0D 1E 9C 01 00 9F 02 06 00 00 00 00 15 00 C4 00 
2026/9/30 15:19:05.584 [RX] - 56 69 56 4F 74 65 63 68 32 00 02 50 00 1F 21 DF EE 26 02 21 00 DF EE 02 04 27 90 00 00 DF EC 0F 0C 02 44 00 00 07 04 C2 78 9A 63 1E 80 07 52 00 00 00 00 00 00 00 00 00 00 00 00 00 00 00 00  

 ---------- READ ALL BLOCKS ----------
 
--- Read Block #0 ---

2026/9/30 15:19:05.820 [TX] - 56 69 56 4F 74 65 63 68 32 00 2C 07 00 02 41 00 43 85 
2026/9/30 15:19:05.880 [RX] - 56 69 56 4F 74 65 63 68 32 00 2C 00 00 10  Read Block OK

2026/9/30 15:19:05.880 [RX] - 04 C2 78 36 9A 63 1E 80 67 48 11 11 11 11 11 11 34 05 00 00 00 00 00 00 00 00 00 00 00 00 00 00 00 00 00 00 00 00 00 00 00 00 00 00 00 00 00 00 00  Result = PASSED
 
--- Read Block #1 ---

2026/9/30 15:19:05.899 [TX] - 56 69 56 4F 74 65 63 68 32 00 2C 07 00 02 41 01 53 A4 
2026/9/30 15:19:05.912 [RX] - 56 69 56 4F 74 65 63 68 32 00 2C 00 00 10  Read Block OK

2026/9/30 15:19:05.912 [RX] - 9A 63 1E 80 67 48 11 11 11 11 11 11 FF FF FF FF 4C 33 00 00 00 00 00 00 00 00 00 00 00 00 00 00 00 00 00 00 00 00 00 00 00 00 00 00 00 00 00 00 00  Result = PASSED
 
--- Read Block #2 ---

2026/9/30 15:19:05.932 [TX] - 56 69 56 4F 74 65 63 68 32 00 2C 07 00 02 41 02 63 C7 
2026/9/30 15:19:05.944 [RX] - 56 69 56 4F 74 65 63 68 32 00 2C 00 00 10  Read Block OK

2026/9/30 15:19:05.944 [RX] - 67 48 11 11 11 11 11 11 FF FF FF FF 00 00 00 00 F6 7B 00 00 00 00 00 00 00 00 00 00 00 00 00 00 00 00 00 00 00 00 00 00 00 00 00 00 00 00 00 00 00  Result = PASSED
 
--- Read Block #3 ---

2026/9/30 15:19:05.966 [TX] - 56 69 56 4F 74 65 63 68 32 00 2C 07 00 02 41 03 73 E6 
2026/9/30 15:19:05.975 [RX] - 56 69 56 4F 74 65 63 68 32 00 2C 00 00 10  Read Block OK

2026/9/30 15:19:05.975 [RX] - 11 11 11 11 FF FF FF FF 00 00 00 00 00 00 00 00 92 7D 00 00 00 00 00 00 00 00 00 00 00 00 00 00 00 00 00 00 00 00 00 00 00 00 00 00 00 00 00 00 00  Result = PASSED
 
--- Read Block #4 ---

2026/9/30 15:19:06.005 [TX] - 56 69 56 4F 74 65 63 68 32 00 2C 07 00 02 41 04 03 01 
2026/9/30 15:19:06.021 [RX] - 56 69 56 4F 74 65 63 68 32 00 2C 00 00 10  Read Block OK

2026/9/30 15:19:06.021 [RX] - FF FF FF FF 00 00 00 00 00 00 00 00 00 00 00 00 B1 C4 00 00 00 00 00 00 00 00 00 00 00 00 00 00 00 00 00 00 00 00 00 00 00 00 00 00 00 00 00 00 00  Result = PASSED
 
--- Read Block #5 ---

2026/9/30 15:19:06.044 [TX] - 56 69 56 4F 74 65 63 68 32 00 2C 07 00 02 41 05 13 20 
2026/9/30 15:19:06.054 [RX] - 56 69 56 4F 74 65 63 68 32 00 2C 00 00 10  Read Block OK

2026/9/30 15:19:06.054 [RX] - 00 00 00 00 00 00 00 00 00 00 00 00 00 00 00 00 72 A4 00 00 00 00 00 00 00 00 00 00 00 00 00 00 00 00 00 00 00 00 00 00 00 00 00 00 00 00 00 00 00  Result = PASSED
 
--- Read Block #6 ---

2026/9/30 15:19:06.077 [TX] - 56 69 56 4F 74 65 63 68 32 00 2C 07 00 02 41 06 23 43 
2026/9/30 15:19:06.086 [RX] - 56 69 56 4F 74 65 63 68 32 00 2C 00 00 10  Read Block OK

2026/9/30 15:19:06.086 [RX] - 00 00 00 00 00 00 00 00 00 00 00 00 11 32 33 35 82 42 00 00 00 00 00 00 00 00 00 00 00 00 00 00 00 00 00 00 00 00 00 00 00 00 00 00 00 00 00 00 00  Result = PASSED
 
--- Read Block #7 ---

2026/9/30 15:19:06.122 [TX] - 56 69 56 4F 74 65 63 68 32 00 2C 07 00 02 41 07 33 62 
2026/9/30 15:19:06.132 [RX] - 56 69 56 4F 74 65 63 68 32 00 2C 00 00 10  Read Block OK

2026/9/30 15:19:06.132 [RX] - 00 00 00 00 00 00 00 00 11 32 33 35 00 00 00 00 FF 78 00 00 00 00 00 00 00 00 00 00 00 00 00 00 00 00 00 00 00 00 00 00 00 00 00 00 00 00 00 00 00  Result = PASSED
 
--- Read Block #8 ---

2026/9/30 15:19:06.153 [TX] - 56 69 56 4F 74 65 63 68 32 00 2C 07 00 02 41 08 C2 8D 
2026/9/30 15:19:06.164 [RX] - 56 69 56 4F 74 65 63 68 32 00 2C 00 00 10  Read Block OK

2026/9/30 15:19:06.164 [RX] - 00 00 00 00 11 32 33 35 00 00 00 00 00 00 00 00 86 EF 00 00 00 00 00 00 00 00 00 00 00 00 00 00 00 00 00 00 00 00 00 00 00 00 00 00 00 00 00 00 00  Result = PASSED
 
--- Read Block #9 ---

2026/9/30 15:19:06.187 [TX] - 56 69 56 4F 74 65 63 68 32 00 2C 07 00 02 41 09 D2 AC 
2026/9/30 15:19:06.196 [RX] - 56 69 56 4F 74 65 63 68 32 00 2C 00 00 10  Read Block OK

2026/9/30 15:19:06.196 [RX] - 11 32 33 35 00 00 00 00 00 00 00 00 00 00 00 00 CA 44 00 00 00 00 00 00 00 00 00 00 00 00 00 00 00 00 00 00 00 00 00 00 00 00 00 00 00 00 00 00 00  Result = PASSED
 
--- Read Block #10 ---

2026/9/30 15:19:06.232 [TX] - 56 69 56 4F 74 65 63 68 32 00 2C 07 00 02 41 0A E2 CF 
2026/9/30 15:19:06.242 [RX] - 56 69 56 4F 74 65 63 68 32 00 2C 00 00 10  Read Block OK

2026/9/30 15:19:06.242 [RX] - 00 00 00 00 00 00 00 00 00 00 00 00 00 00 00 00 72 A4 00 00 00 00 00 00 00 00 00 00 00 00 00 00 00 00 00 00 00 00 00 00 00 00 00 00 00 00 00 00 00  Result = PASSED
 
--- Read Block #11 ---

2026/9/30 15:19:06.264 [TX] - 56 69 56 4F 74 65 63 68 32 00 2C 07 00 02 41 0B F2 EE 
2026/9/30 15:19:06.273 [RX] - 56 69 56 4F 74 65 63 68 32 00 2C 00 00 10  Read Block OK

2026/9/30 15:19:06.273 [RX] - 00 00 00 00 00 00 00 00 00 00 00 00 00 00 00 00 72 A4 00 00 00 00 00 00 00 00 00 00 00 00 00 00 00 00 00 00 00 00 00 00 00 00 00 00 00 00 00 00 00  Result = PASSED
 
--- Read Block #12 ---

2026/9/30 15:19:06.294 [TX] - 56 69 56 4F 74 65 63 68 32 00 2C 07 00 02 41 0C 82 09 
2026/9/30 15:19:06.305 [RX] - 56 69 56 4F 74 65 63 68 32 00 2C 00 00 10  Read Block OK

2026/9/30 15:19:06.305 [RX] - 00 00 00 00 00 00 00 00 00 00 00 00 00 00 00 00 72 A4 00 00 00 00 00 00 00 00 00 00 00 00 00 00 00 00 00 00 00 00 00 00 00 00 00 00 00 00 00 00 00  Result = PASSED
 
--- Read Block #13 ---

2026/9/30 15:19:06.325 [TX] - 56 69 56 4F 74 65 63 68 32 00 2C 07 00 02 41 0D 92 28 
2026/9/30 15:19:06.337 [RX] - 56 69 56 4F 74 65 63 68 32 00 2C 00 00 10  Read Block OK

2026/9/30 15:19:06.337 [RX] - 00 00 00 00 00 00 00 00 00 00 00 00 04 C2 78 36 27 A7 00 00 00 00 00 00 00 00 00 00 00 00 00 00 00 00 00 00 00 00 00 00 00 00 00 00 00 00 00 00 00  Result = PASSED
 
--- Read Block #14 ---

2026/9/30 15:19:06.359 [TX] - 56 69 56 4F 74 65 63 68 32 00 2C 07 00 02 41 0E A2 4B 
2026/9/30 15:19:06.368 [RX] - 56 69 56 4F 74 65 63 68 32 00 2C 00 00 10  Read Block OK

2026/9/30 15:19:06.368 [RX] - 00 00 00 00 00 00 00 00 04 C2 78 36 9A 63 1E 80 3F 71 00 00 00 00 00 00 00 00 00 00 00 00 00 00 00 00 00 00 00 00 00 00 00 00 00 00 00 00 00 00 00  Result = PASSED
 
--- Read Block #15 ---

2026/9/30 15:19:06.393 [TX] - 56 69 56 4F 74 65 63 68 32 00 2C 07 00 02 41 0F B2 6A 
2026/9/30 15:19:06.402 [RX] - 56 69 56 4F 74 65 63 68 32 00 2C 00 00 10  Read Block OK

2026/9/30 15:19:06.402 [RX] - 00 00 00 00 04 C2 78 36 9A 63 1E 80 67 48 11 11 25 7B 00 00 00 00 00 00 00 00 00 00 00 00 00 00 00 00 00 00 00 00 00 00 00 00 00 00 00 00 00 00 00  Result = PASSED
 
PASSED = 32
FAILED = 0
 

 ---------- WRITE BLOCKS ----------
 

 ---Write Block #2

2026/9/30 15:19:06.442 [TX] - 56 69 56 4F 74 65 63 68 32 00 2C 08 00 06 41 02 11 11 11 11 13 E9 
2026/9/30 15:19:06.452 [RX] - 56 69 56 4F 74 65 63 68 32 00 2C 00 00 00 1C 9B  

2026/9/30 15:19:06.452 [RX] - 00 00 00 00 00 00 00 00 00 00 00 00 00 00 00 00 00 00 00 00 00 00 00 00 00 00 00 00 00 00 00 00 00 00 00 00 00 00 00 00 00 00 00 00 00 00 00  

 ---Write Block #3

2026/9/30 15:19:06.486 [TX] - 56 69 56 4F 74 65 63 68 32 00 2C 08 00 06 41 03 11 11 11 11 B9 B8 
2026/9/30 15:19:06.496 [RX] - 56 69 56 4F 74 65 63 68 32 00 2C 00 00 00 1C 9B  

2026/9/30 15:19:06.496 [RX] - 00 00 00 00 00 00 00 00 00 00 00 00 00 00 00 00 00 00 00 00 00 00 00 00 00 00 00 00 00 00 00 00 00 00 00 00 00 00 00 00 00 00 00 00 00 00 00  

 ---Write Block #6

2026/9/30 15:19:06.530 [TX] - 56 69 56 4F 74 65 63 68 32 00 2C 08 00 06 41 06 00 00 00 00 B1 FD 
2026/9/30 15:19:06.541 [RX] - 56 69 56 4F 74 65 63 68 32 00 2C 00 00 00 1C 9B  

2026/9/30 15:19:06.541 [RX] - 00 00 00 00 00 00 00 00 00 00 00 00 00 00 00 00 00 00 00 00 00 00 00 00 00 00 00 00 00 00 00 00 00 00 00 00 00 00 00 00 00 00 00 00 00 00 00  

 ---Write Block #7

2026/9/30 15:19:06.559 [TX] - 56 69 56 4F 74 65 63 68 32 00 2C 08 00 06 41 07 00 00 00 00 1B AC 
2026/9/30 15:19:06.571 [RX] - 56 69 56 4F 74 65 63 68 32 00 2C 00 00 00 1C 9B  

2026/9/30 15:19:06.571 [RX] - 00 00 00 00 00 00 00 00 00 00 00 00 00 00 00 00 00 00 00 00 00 00 00 00 00 00 00 00 00 00 00 00 00 00 00 00 00 00 00 00 00 00 00 00 00 00 00  

 ---Write Block #10

2026/9/30 15:19:06.598 [TX] - 56 69 56 4F 74 65 63 68 32 00 2C 08 00 06 41 0A 00 00 00 00 3A D6 
2026/9/30 15:19:06.610 [RX] - 56 69 56 4F 74 65 63 68 32 00 2C 00 00 00 1C 9B  

2026/9/30 15:19:06.610 [RX] - 00 00 00 00 00 00 00 00 00 00 00 00 00 00 00 00 00 00 00 00 00 00 00 00 00 00 00 00 00 00 00 00 00 00 00 00 00 00 00 00 00 00 00 00 00 00 00  

 ---Write Block #11

2026/9/30 15:19:06.638 [TX] - 56 69 56 4F 74 65 63 68 32 00 2C 08 00 06 41 0B 00 00 00 00 90 87 
2026/9/30 15:19:06.650 [RX] - 56 69 56 4F 74 65 63 68 32 00 2C 00 00 00 1C 9B  

2026/9/30 15:19:06.650 [RX] - 00 00 00 00 00 00 00 00 00 00 00 00 00 00 00 00 00 00 00 00 00 00 00 00 00 00 00 00 00 00 00 00 00 00 00 00 00 00 00 00 00 00 00 00 00 00 00  

 ---Write Block #14

2026/9/30 15:19:06.670 [TX] - 56 69 56 4F 74 65 63 68 32 00 2C 08 00 06 41 0E 00 00 00 00 B3 D0 
2026/9/30 15:19:06.682 [RX] - 56 69 56 4F 74 65 63 68 32 00 2C 00 00 00 1C 9B  

2026/9/30 15:19:06.682 [RX] - 00 00 00 00 00 00 00 00 00 00 00 00 00 00 00 00 00 00 00 00 00 00 00 00 00 00 00 00 00 00 00 00 00 00 00 00 00 00 00 00 00 00 00 00 00 00 00  

 ---Write Block #15

2026/9/30 15:19:06.715 [TX] - 56 69 56 4F 74 65 63 68 32 00 2C 08 00 06 41 0F 00 00 00 00 19 81 
2026/9/30 15:19:06.727 [RX] - 56 69 56 4F 74 65 63 68 32 00 2C 00 00 00 1C 9B  

2026/9/30 15:19:06.727 [RX] - 00 00 00 00 00 00 00 00 00 00 00 00 00 00 00 00 00 00 00 00 00 00 00 00 00 00 00 00 00 00 00 00 00 00 00 00 00 00 00 00 00 00 00 00 00 00 00  

 ---PT Stop

2026/9/30 15:19:07.617 [TX] - 56 69 56 4F 74 65 63 68 32 00 2C 01 00 01 00 0D 38 
2026/9/30 15:19:07.630 [RX] - 56 69 56 4F 74 65 63 68 32 00 2C 00 00 00 1C 9B  

2026/9/30 15:19:07.630 [RX] - 00 00 00 00 00 00 00 00 00 00 00 00 00 00 00 00 00 00 00 00 00 00 00 00 00 00 00 00 00 00 00 00 00 00 00 00 00 00 00 00 00 00 00 00 00 00 00 
2026/9/30 15:19:07.645 [TX] - 56 69 56 4F 74 65 63 68 32 00 04 00 00 05 DF EE 7C 01 00 70 00 
2026/9/30 15:19:07.681 [RX] - 56 69 56 4F 74 65 63 68 32 00 04 00 00 00  

2026/9/30 15:19:07.681 [RX] - AE 16 00 00 00 00 00 00 00 00 00 00 00 00 00 00 00 00 00 00 00 00 00 00 00 00 00 00 00 00 00 00 00 00 00 00 00 00 00 00 00 00 00 00 00 00 00 00 00  

 ---------- END OF TEST ----------

 Result = PASSED


Docklight Log File (HEX) - Stopped 2026/9/30 15:19:07.779 

