Docklight Log File (HEX) - Started 2026/9/30 15:49:17.182 
 TEST CASE: PCD100

 --- Set POS COM PORT Settings
 Set POS COM PORT...
 POS operating on COM90 @ 115200 baud...
 Set POS COM PORT - COMPLETE


2026/9/30 15:49:18.372 [TX] - 56 69 56 4F 74 65 63 68 32 00 2C 01 00 01 00 38 0D 
2026/9/30 15:49:18.379 [RX] - 56 69 56 4F 74 65 63 68 32 00 2C 0C 00 00 69 FA 00 00 00 00 00 00 00 00 00 00 00 00 00 00 00 00 00 00 00 00 00 00 00 00 00 00 00 00 00 00 00 00 00 00 00 00 00 00 00 00 00 00 00 00 00 00 00  
 --- Start PT Mode

2026/9/30 15:49:22.046 [TX] - 56 69 56 4F 74 65 63 68 32 00 2C 01 00 01 01 19 1D 
2026/9/30 15:49:22.059 [RX] - 56 69 56 4F 74 65 63 68 32 00 2C 00 00 00 1C 9B 00 00 00 00 00 00 00 00 00 00 00 00 00 00 00 00 00 00 00 00 00 00 00 00 00 00 00 00 00 00 00 00 00 00 00 00 00 00 00 00 00 00 00 00 00 00 00  
 ---Turn On Antenna

2026/9/30 15:49:22.490 [TX] - 56 69 56 4F 74 65 63 68 32 00 28 01 00 01 01 1F 94 
2026/9/30 15:49:22.500 [RX] - 56 69 56 4F 74 65 63 68 32 00 28 00 00 00 D6 6A 00 00 00 00 00 00 00 00 00 00 00 00 00 00 00 00 00 00 00 00 00 00 00 00 00 00 00 00 00 00 00 00 00 00 00 00 00 00 00 00 00 00 00 00 00 00 00  
 ---Poll For Token

2026/9/30 15:49:22.925 [TX] - 56 69 56 4F 74 65 63 68 32 00 2C 02 00 02 00 C8 6B 06 
2026/9/30 15:49:23.068 [RX] - 56 69 56 4F 74 65 63 68 32 00 2C 00 00 08 04 04 C2 78 9A 63 1E 80 EB DA 00 00 00 00 00 00 00 00 00 00 00 00 00 00 00 00 00 00 00 00 00 00 00 00 00 00 00 00 00 00 00 00 00 00 00 00 00 00 00  
 --- PCD Write Block 6

2026/9/30 15:49:23.895 [TX] - 56 69 56 4F 74 65 63 68 32 00 2C 04 00 09 1E 00 00 29 68 01 07 A0 06 A0 10 
2026/9/30 15:49:23.903 [RX] - 56 69 56 4F 74 65 63 68 32 00 2C 00 00 06 00 00 00 00 08 0A 52 D4 00 00 00 00 00 00 00 00 00 00 00 00 00 00 00 00 00 00 00 00 00 00 00 00 00 00 00 00 00 00 00 00 00 00 00 00 00 00 00 00 00  
 --- PCD Write Data - 44's

2026/9/30 15:49:24.742 [TX] - 56 69 56 4F 74 65 63 68 32 00 2C 04 00 17 1E 00 00 29 68 01 07 44 44 44 44 44 44 44 44 44 44 44 44 44 44 44 44 68 CC 
2026/9/30 15:49:24.755 [RX] - 56 69 56 4F 74 65 63 68 32 00 2C 00 00 06 00 00 00 00 08 0A 52 D4 00 00 00 00 00 00 00 00 00 00 00 00 00 00 00 00 00 00 00 00 00 00 00 00 00 00 00 00 00 00 00 00 00 00 00 00 00 00 00 00 00  
 --- PCD Read Block 6

2026/9/30 15:49:25.586 [TX] - 56 69 56 4F 74 65 63 68 32 00 2C 04 00 09 1E 00 00 29 68 01 0F 30 06 EA A1 
2026/9/30 15:49:25.595 [RX] - 56 69 56 4F 74 65 63 68 32 00 2C 00 00 15 00 00 00 00 80 44 44 44 44 00 00 00 00 00 00 00 00 11 32 33 35 87 D3 00 00 00 00 00 00 00 00 00 00 00 00 00 00 00 00 00 00 00 00 00 00 00 00 00 00  

2026/9/30 15:49:25.620 [TX] - 56 69 56 4F 74 65 63 68 32 00 2C 01 00 01 00 38 0D 
2026/9/30 15:49:25.633 [RX] - 56 69 56 4F 74 65 63 68 32 00 2C 00 00 00 1C 9B 00 00 00 00 00 00 00 00 00 00 00 00 00 00 00 00 00 00 00 00 00 00 00 00 00 00 00 00 00 00 00 00 00 00 00 00 00 00 00 00 00 00 00 00 00 00 00  

 Result = PASSED
 ---------- END OF TEST ----------

 

 MASTER RESULT = PASSED


Docklight Log File (HEX) - Stopped 2026/9/30 15:49:28.733 

