Docklight Log File (HEX) - Started 2026/8/6 14:57:01.302 
 TEST CASE: EMT0302

 --- Set POS COM PORT Settings
 Set POS COM PORT...
 POS operating on COM14 @ 9600 baud...
 Set POS COM PORT - COMPLETE

 

Set MSR Secure Parameters (C7-38)- 08 (Default)

2026/8/6 14:57:03.020 [TX] - 56 69 56 4F 74 65 63 68 32 00 C7 38 00 05 DF DE 04 01 08 61 39 
2026/8/6 14:57:03.044 [RX] - 56 69 56 4F 74 65 63 68 32 00 C7 00 00 00 86 6E  pass pass pass  

Get MSR Secure Parameters (C7-39)

2026/8/6 14:57:03.066 [TX] - 56 69 56 4F 74 65 63 68 32 00 C7 39 00 03 DF DE 04 64 62 
2026/8/6 14:57:03.087 [RX] - 56 69 56 4F 74 65 63 68 32 00 C7 00 00 05 DF DE 04 01 08 61 67  pass  

Burst mode Off

2026/8/6 14:57:03.116 [TX] - 56 69 56 4F 74 65 63 68 32 00 04 00 00 04 FF F7 01 00 B9 2E 
2026/8/6 14:57:03.138 [RX] - 56 69 56 4F 74 65 63 68 32 00 04 00 00 00 AE 16  pass pass  

Poll on Demand

2026/8/6 14:57:03.163 [TX] - 56 69 56 4F 74 65 63 68 32 00 01 01 00 01 01 D7 34 
2026/8/6 14:57:03.182 [RX] - 56 69 56 4F 74 65 63 68 32 00 01 00 00 00 12 53  pass  

Poll on Demand

2026/8/6 14:57:03.206 [TX] - 56 69 56 4F 74 65 63 68 32 00 01 01 00 01 01 D7 34 
2026/8/6 14:57:03.225 [RX] - 56 69 56 4F 74 65 63 68 32 00 01 00 00 00 12 53  pass  

 Erase All Keys...

2026/8/6 14:57:03.255 [TX] - 56 69 56 4F 74 65 63 68 32 00 83 00 00 00 03 22 
2026/8/6 14:57:03.273 [RX] - 56 69 56 4F 74 65 63 68 32 00 83 00 00 00 22 03  pass  

 Set DUKPT Key Encryption Type...

2026/8/6 14:57:03.503 [TX] - 56 69 56 4F 74 65 63 68 32 00 C7 32 00 01 00 6D FE 
2026/8/6 14:57:03.523 [RX] - 56 69 56 4F 74 65 63 68 32 00 C7 00 00 00 86 6E  pass pass pass  

 Get DUKPT Key Encryption Type...

2026/8/6 14:57:03.756 [TX] - 56 69 56 4F 74 65 63 68 32 00 C7 33 00 00 1A 9B 
2026/8/6 14:57:03.774 [RX] - 56 69 56 4F 74 65 63 68 32 00 C7 00 00 01 00 AC 7F  pass pass  

 Loading DUKPT key...

2026/8/6 14:57:04.003 [TX] - 56 69 56 4F 74 65 63 68 32 00 80 00 00 65 30 45 43 36 30 46 33 35 31 34 37 45 43 41 30 30 38 38 4B 30 54 44 30 30 4E 30 30 30 30 30 30 38 30 39 43 30 37 41 39 39 31 44 43 38 30 33 34 45 43 31 32 45 31 36 39 43 30 44 35 34 35 35 44 45 41 32 39 34 35 31 34 32 34 37 38 30 38 30 35 36 38 32 33 34 39 38 37 31 32 30 32 33 34 30 30 30 30 30 30 30 30 12 43 
2026/8/6 14:57:04.128 [RX] - 56 69 56 4F 74 65 63 68 32 00 80 00 00 00 B9 DF  pass 
2026/8/6 14:57:04.352 [TX] - 56 69 56 4F 74 65 63 68 32 00 80 00 00 65 31 34 43 45 32 35 35 35 31 34 37 45 43 41 30 30 38 38 4B 30 54 44 30 30 4E 30 30 30 30 30 30 38 30 46 35 30 36 46 36 41 33 44 34 30 38 39 39 45 30 35 35 42 42 35 42 39 45 33 41 44 44 36 30 30 42 38 38 35 33 32 37 37 39 32 32 34 36 30 39 32 36 32 33 41 39 39 37 31 32 36 32 33 34 30 30 30 30 30 30 30 30 35 7F 
2026/8/6 14:57:04.478 [RX] - 56 69 56 4F 74 65 63 68 32 00 80 00 00 00 B9 DF  pass 
2026/8/6 14:57:04.712 [TX] - 56 69 56 4F 74 65 63 68 32 00 80 01 00 58 41 30 30 38 38 4B 30 54 44 30 30 4E 30 30 30 30 43 44 32 46 43 43 36 44 37 39 32 44 33 42 32 34 46 30 38 33 37 42 30 33 32 44 30 38 36 38 46 45 43 39 46 44 44 43 39 43 32 36 33 31 31 35 46 30 44 43 43 34 42 44 42 35 37 43 36 30 33 43 34 32 46 34 41 35 30 34 34 39 97 D5 
2026/8/6 14:57:04.826 [RX] - 56 69 56 4F 74 65 63 68 32 00 80 00 00 00 B9 DF  pass 
2026/8/6 14:57:05.055 [TX] - 56 69 56 4F 74 65 63 68 32 00 81 00 00 71 05 41 30 31 31 32 44 30 54 45 30 30 4E 30 31 30 30 4B 53 31 38 36 32 39 39 34 39 30 31 32 43 30 30 30 34 36 30 30 30 30 31 39 34 34 38 36 43 33 31 36 38 43 41 31 46 42 34 41 38 30 39 45 36 33 39 46 46 39 43 33 42 37 32 36 45 32 34 37 43 35 39 30 42 32 32 38 43 35 44 32 32 36 35 30 46 36 36 39 37 45 38 34 37 41 32 46 38 41 32 37 33 39 33 47 AE 
2026/8/6 14:57:05.206 [RX] - 56 69 56 4F 74 65 63 68 32 00 81 00 00 00 CF 6B  pass 
2026/8/6 14:57:05.428 [TX] - 56 69 56 4F 74 65 63 68 32 00 C7 36 00 01 03 6C 97 
2026/8/6 14:57:05.448 [RX] - 56 69 56 4F 74 65 63 68 32 00 C7 00 00 00 86 6E  pass pass pass  

--- IDT

2026/8/6 14:57:05.679 [TX] - 56 69 56 4F 74 65 63 68 32 00 02 40 00 0A 0A 9F 02 06 00 00 00 00 10 00 18 73 
2026/8/6 14:57:06.955 [RX] - 56 69 56 4F 74 65 63 68 32 00 02 00 01 06 C8 DF EE 25 02 00 11 DF EE 23 81 E9 02 E3 00 83 1F 4F 28 00 82 9B 3B 32 31 32 31 32 31 2A 2A 2A 2A 2A 2A 2A 2A 2A 2A 2A 2A 2A 2A 2A 2A 2A 2A 2A 2A 2A 2A 2A 2A 2A 2A 2A 31 32 31 32 3F 30 1A C4 1D 38 F3 82 4A 91 39 12 AC 21 57 37 F0 ED 81 B5 54 F8 FF 7C BF C4 0B 05 CD 25 E2 E1 EB 56 10 F8 D7 D5 4D FF 92 44 73 AC D5 6B 67 1F F1 BA B7 07 C9 90 63 9B 43 B0 5F DA 56 2C A5 7A 40 88 EE 1C 00 0B BD 24 40 AC 32 03 4A E9 1A D7 3D 70 E0 78 1B 29 C8 1C B3 77 DF 89 75 44 C5 B4 8F E7 18 7D 23 EE 38 95 AE 66 5D C0 F5 8D 6B 97 2D E3 0A D3 6C A9 F9 20 A6 23 58 78 7F 9D EB 10 29 7D F1 08 DE 4F C8 BC 7C DA 57 A9 E4 54 B4 BE BA 5E 9A C8 4F CF 5C F2 4B 10 B9 72 1D A8 8F 82 59 C6 36 30 36 54 31 32 33 34 35 36 62 99 49 01 2C 00 04 60 00 01 BE 1A 03 9F 39 01 90 FF EE 01 04 DF 30 01 0C DF EE 26 01 C8 6F 1E  IDT MagStripe card - pass  

 Erase All Keys...

2026/8/6 14:57:07.760 [TX] - 56 69 56 4F 74 65 63 68 32 00 83 00 00 00 03 22 
2026/8/6 14:57:07.779 [RX] - 56 69 56 4F 74 65 63 68 32 00 83 00 00 00 22 03  pass  

 Set DUKPT Key Encryption Type...

2026/8/6 14:57:08.008 [TX] - 56 69 56 4F 74 65 63 68 32 00 C7 32 00 01 00 6D FE 
2026/8/6 14:57:08.028 [RX] - 56 69 56 4F 74 65 63 68 32 00 C7 00 00 00 86 6E  pass pass pass  

 Get DUKPT Key Encryption Type...

2026/8/6 14:57:08.261 [TX] - 56 69 56 4F 74 65 63 68 32 00 C7 33 00 00 1A 9B 
2026/8/6 14:57:08.279 [RX] - 56 69 56 4F 74 65 63 68 32 00 C7 00 00 01 00 AC 7F  pass pass  

 Loading DUKPT key...

2026/8/6 14:57:08.512 [TX] - 56 69 56 4F 74 65 63 68 32 00 80 00 00 65 30 45 43 36 30 46 33 35 31 34 37 45 43 41 30 30 38 38 4B 30 54 44 30 30 4E 30 30 30 30 30 30 38 30 39 43 30 37 41 39 39 31 44 43 38 30 33 34 45 43 31 32 45 31 36 39 43 30 44 35 34 35 35 44 45 41 32 39 34 35 31 34 32 34 37 38 30 38 30 35 36 38 32 33 34 39 38 37 31 32 30 32 33 34 30 30 30 30 30 30 30 30 12 43 
2026/8/6 14:57:08.637 [RX] - 56 69 56 4F 74 65 63 68 32 00 80 00 00 00 B9 DF  pass 
2026/8/6 14:57:08.863 [TX] - 56 69 56 4F 74 65 63 68 32 00 80 00 00 65 31 34 43 45 32 35 35 35 31 34 37 45 43 41 30 30 38 38 4B 30 54 44 30 30 4E 30 30 30 30 30 30 38 30 46 35 30 36 46 36 41 33 44 34 30 38 39 39 45 30 35 35 42 42 35 42 39 45 33 41 44 44 36 30 30 42 38 38 35 33 32 37 37 39 32 32 34 36 30 39 32 36 32 33 41 39 39 37 31 32 36 32 33 34 30 30 30 30 30 30 30 30 35 7F 
2026/8/6 14:57:08.989 [RX] - 56 69 56 4F 74 65 63 68 32 00 80 00 00 00 B9 DF  pass 
2026/8/6 14:57:09.223 [TX] - 56 69 56 4F 74 65 63 68 32 00 80 01 00 58 41 30 30 38 38 4B 30 54 44 30 30 4E 30 30 30 30 43 44 32 46 43 43 36 44 37 39 32 44 33 42 32 34 46 30 38 33 37 42 30 33 32 44 30 38 36 38 46 45 43 39 46 44 44 43 39 43 32 36 33 31 31 35 46 30 44 43 43 34 42 44 42 35 37 43 36 30 33 43 34 32 46 34 41 35 30 34 34 39 97 D5 
2026/8/6 14:57:09.337 [RX] - 56 69 56 4F 74 65 63 68 32 00 80 00 00 00 B9 DF  pass 
2026/8/6 14:57:09.568 [TX] - 56 69 56 4F 74 65 63 68 32 00 81 00 00 71 05 41 30 31 31 32 44 30 54 45 30 30 4E 30 31 30 30 4B 53 31 38 36 32 39 39 34 39 30 31 32 43 30 30 30 34 36 30 30 30 30 31 39 34 34 38 36 43 33 31 36 38 43 41 31 46 42 34 41 38 30 39 45 36 33 39 46 46 39 43 33 42 37 32 36 45 32 34 37 43 35 39 30 42 32 32 38 43 35 44 32 32 36 35 30 46 36 36 39 37 45 38 34 37 41 32 46 38 41 32 37 33 39 33 47 AE 
2026/8/6 14:57:09.719 [RX] - 56 69 56 4F 74 65 63 68 32 00 81 00 00 00 CF 6B  pass 
2026/8/6 14:57:09.945 [TX] - 56 69 56 4F 74 65 63 68 32 00 C7 36 00 01 03 6C 97 
2026/8/6 14:57:09.965 [RX] - 56 69 56 4F 74 65 63 68 32 00 C7 00 00 00 86 6E  pass pass pass  

--- Discover

2026/8/6 14:57:10.201 [TX] - 56 69 56 4F 74 65 63 68 32 00 02 40 00 0A 0A 9F 02 06 00 00 00 00 10 00 18 73 
2026/8/6 14:57:11.571 [RX] - 56 69 56 4F 74 65 63 68 32 00 02 00 01 79 C8 DF EE 25 02 00 11 DF EE 23 82 01 25 02 1F 01 80 1F 44 28 00 A3 9B 25 2A 36 35 31 30 2A 2A 2A 2A 2A 2A 2A 2A 30 30 32 36 5E 43 41 52 44 2F 49 4D 41 47 45 20 30 33 20 20 20 20 20 20 20 20 20 20 20 20 20 5E 31 37 31 32 2A 2A 2A 2A 2A 2A 2A 2A 2A 2A 2A 2A 2A 2A 2A 2A 3F 2A 3B 36 35 31 30 2A 2A 2A 2A 2A 2A 2A 2A 30 30 32 36 3D 31 37 31 32 2A 2A 2A 2A 2A 2A 2A 2A 2A 2A 2A 2A 2A 2A 2A 2A 3F 2A C7 27 B0 60 AB FC 2B 62 4C 4D 6E 59 96 E2 2D 84 8D 87 D6 E3 82 0D 57 37 4F 6D 3F B3 1F 75 06 1A DC 17 89 FB C3 C7 50 C7 5D 06 65 00 04 08 CA B4 CA 0C 62 47 62 EE 86 0F BD 54 17 E0 FD D5 7E 1D A9 C9 FA 98 FB DF 49 CA CE 1B DC 33 AA 1A DD A5 D6 52 C6 FC CF C5 DC A9 46 A8 07 1F 1C 13 1B 7F E6 5F 75 06 01 CE C6 1E 8A 64 0E 1C 2B EC 80 D4 51 48 AB 78 7E 8B 8D 05 DC 8A C9 07 9E FC 98 53 27 0B ED B9 10 02 52 D6 AA D8 46 CB 85 69 24 FE 7C 93 52 0B 36 DA D9 25 36 30 36 54 31 32 33 34 35 36 62 99 49 01 2C 00 04 60 00 01 82 96 03 9F 39 01 90 FF EE 01 04 DF 30 01 0C DF EE 26 01 C8 DF EF  Discover MagStripe card - pass 4C 06 00 27 00 00 00 00 DF EF 4D 28 CE 1B DC 33 AA 1A DD A5 D6 52 C6 FC CF C5 DC A9 46 A8 07 1F 1C 13 1B 7F E6 5F 75 06 01 CE C6 1E 42 71 F3 A3 EF 56 39 CA CF E0  

 Erase All Keys...

2026/8/6 14:57:12.499 [TX] - 56 69 56 4F 74 65 63 68 32 00 83 00 00 00 03 22 
2026/8/6 14:57:12.518 [RX] - 56 69 56 4F 74 65 63 68 32 00 83 00 00 00 22 03  pass  

 Set DUKPT Key Encryption Type...

2026/8/6 14:57:12.748 [TX] - 56 69 56 4F 74 65 63 68 32 00 C7 32 00 01 00 6D FE 
2026/8/6 14:57:12.768 [RX] - 56 69 56 4F 74 65 63 68 32 00 C7 00 00 00 86 6E  pass pass pass  

 Get DUKPT Key Encryption Type...

2026/8/6 14:57:13.001 [TX] - 56 69 56 4F 74 65 63 68 32 00 C7 33 00 00 1A 9B 
2026/8/6 14:57:13.019 [RX] - 56 69 56 4F 74 65 63 68 32 00 C7 00 00 01 00 AC 7F  pass pass  

 Loading DUKPT key...

2026/8/6 14:57:13.250 [TX] - 56 69 56 4F 74 65 63 68 32 00 80 00 00 65 30 45 43 36 30 46 33 35 31 34 37 45 43 41 30 30 38 38 4B 30 54 44 30 30 4E 30 30 30 30 30 30 38 30 39 43 30 37 41 39 39 31 44 43 38 30 33 34 45 43 31 32 45 31 36 39 43 30 44 35 34 35 35 44 45 41 32 39 34 35 31 34 32 34 37 38 30 38 30 35 36 38 32 33 34 39 38 37 31 32 30 32 33 34 30 30 30 30 30 30 30 30 12 43 
2026/8/6 14:57:13.375 [RX] - 56 69 56 4F 74 65 63 68 32 00 80 00 00 00 B9 DF  pass 
2026/8/6 14:57:13.600 [TX] - 56 69 56 4F 74 65 63 68 32 00 80 00 00 65 31 34 43 45 32 35 35 35 31 34 37 45 43 41 30 30 38 38 4B 30 54 44 30 30 4E 30 30 30 30 30 30 38 30 46 35 30 36 46 36 41 33 44 34 30 38 39 39 45 30 35 35 42 42 35 42 39 45 33 41 44 44 36 30 30 42 38 38 35 33 32 37 37 39 32 32 34 36 30 39 32 36 32 33 41 39 39 37 31 32 36 32 33 34 30 30 30 30 30 30 30 30 35 7F 
2026/8/6 14:57:13.725 [RX] - 56 69 56 4F 74 65 63 68 32 00 80 00 00 00 B9 DF  pass 
2026/8/6 14:57:13.958 [TX] - 56 69 56 4F 74 65 63 68 32 00 80 01 00 58 41 30 30 38 38 4B 30 54 44 30 30 4E 30 30 30 30 43 44 32 46 43 43 36 44 37 39 32 44 33 42 32 34 46 30 38 33 37 42 30 33 32 44 30 38 36 38 46 45 43 39 46 44 44 43 39 43 32 36 33 31 31 35 46 30 44 43 43 34 42 44 42 35 37 43 36 30 33 43 34 32 46 34 41 35 30 34 34 39 97 D5 
2026/8/6 14:57:14.072 [RX] - 56 69 56 4F 74 65 63 68 32 00 80 00 00 00 B9 DF  pass 
2026/8/6 14:57:14.302 [TX] - 56 69 56 4F 74 65 63 68 32 00 81 00 00 71 05 41 30 31 31 32 44 30 54 45 30 30 4E 30 31 30 30 4B 53 31 38 36 32 39 39 34 39 30 31 32 43 30 30 30 34 36 30 30 30 30 31 39 34 34 38 36 43 33 31 36 38 43 41 31 46 42 34 41 38 30 39 45 36 33 39 46 46 39 43 33 42 37 32 36 45 32 34 37 43 35 39 30 42 32 32 38 43 35 44 32 32 36 35 30 46 36 36 39 37 45 38 34 37 41 32 46 38 41 32 37 33 39 33 47 AE 
2026/8/6 14:57:14.453 [RX] - 56 69 56 4F 74 65 63 68 32 00 81 00 00 00 CF 6B  pass 
2026/8/6 14:57:14.686 [TX] - 56 69 56 4F 74 65 63 68 32 00 C7 36 00 01 03 6C 97 
2026/8/6 14:57:14.705 [RX] - 56 69 56 4F 74 65 63 68 32 00 C7 00 00 00 86 6E  pass pass pass  

--- JIS1

2026/8/6 14:57:14.945 [TX] - 56 69 56 4F 74 65 63 68 32 00 02 40 00 0A 0A 9F 02 06 00 00 00 00 10 00 18 73 
2026/8/6 14:57:16.311 [RX] - 56 69 56 4F 74 65 63 68 32 00 02 00 00 FE C8 DF EE 25 02 00 11 DF EE 23 81 E1 02 DB 00 86 1F 48 28 00 82 9B 3B 34 33 32 32 30 36 2A 2A 2A 2A 2A 2A 2A 2A 2A 2A 2A 2A 2A 2A 2A 2A 2A 2A 2A 2A 2A 2A 2A 2A 2A 2A 2A 30 30 30 30 3F 3B 88 C9 A3 6E DD 0F A6 99 2C A2 29 61 EA B0 CA 2A C1 66 0E 63 45 74 03 9D 8F F0 CE 80 7F 72 DC 4B E3 F1 A4 09 59 71 EC 08 F4 0B F4 B9 E6 9B 9B 2D B6 4B E9 BE 7A 4C 91 CE 37 61 4D DB F2 B4 86 03 08 95 3E B0 A9 E4 3E 03 DA 1B F5 A0 AA B4 C9 6B B6 7D 9C 0C B7 FF 06 F5 C6 5F 35 B0 8E 97 0B CF 1E 46 87 67 8D 63 AA 01 CB 85 B9 0C 33 A2 E0 F0 22 53 BB 7F 5A 95 59 55 40 72 53 C1 06 B4 33 86 42 44 BF EC 69 E4 C5 3F F7 53 B0 2E 12 21 1F 5E 75 13 6C 76 51 C4 63 62 36 30 36 54 31 32 33 34 35 36 62 99 49 01 2C 00 04 60 00 01 CA 4E 03 9F 39 01 90 FF EE 01 04 DF 30 01 0C DF EE 26 01 C8 24 5E  JIS I MagStripe card - pass  

 Erase All Keys...

2026/8/6 14:57:17.109 [TX] - 56 69 56 4F 74 65 63 68 32 00 83 00 00 00 03 22 
2026/8/6 14:57:17.128 [RX] - 56 69 56 4F 74 65 63 68 32 00 83 00 00 00 22 03  pass  

 Set DUKPT Key Encryption Type...

2026/8/6 14:57:17.360 [TX] - 56 69 56 4F 74 65 63 68 32 00 C7 32 00 01 00 6D FE 
2026/8/6 14:57:17.379 [RX] - 56 69 56 4F 74 65 63 68 32 00 C7 00 00 00 86 6E  pass pass pass  

 Get DUKPT Key Encryption Type...

2026/8/6 14:57:17.611 [TX] - 56 69 56 4F 74 65 63 68 32 00 C7 33 00 00 1A 9B 
2026/8/6 14:57:17.629 [RX] - 56 69 56 4F 74 65 63 68 32 00 C7 00 00 01 00 AC 7F  pass pass  

 Loading DUKPT key...

2026/8/6 14:57:17.866 [TX] - 56 69 56 4F 74 65 63 68 32 00 80 00 00 65 30 45 43 36 30 46 33 35 31 34 37 45 43 41 30 30 38 38 4B 30 54 44 30 30 4E 30 30 30 30 30 30 38 30 39 43 30 37 41 39 39 31 44 43 38 30 33 34 45 43 31 32 45 31 36 39 43 30 44 35 34 35 35 44 45 41 32 39 34 35 31 34 32 34 37 38 30 38 30 35 36 38 32 33 34 39 38 37 31 32 30 32 33 34 30 30 30 30 30 30 30 30 12 43 
2026/8/6 14:57:17.991 [RX] - 56 69 56 4F 74 65 63 68 32 00 80 00 00 00 B9 DF  pass 
2026/8/6 14:57:18.218 [TX] - 56 69 56 4F 74 65 63 68 32 00 80 00 00 65 31 34 43 45 32 35 35 35 31 34 37 45 43 41 30 30 38 38 4B 30 54 44 30 30 4E 30 30 30 30 30 30 38 30 46 35 30 36 46 36 41 33 44 34 30 38 39 39 45 30 35 35 42 42 35 42 39 45 33 41 44 44 36 30 30 42 38 38 35 33 32 37 37 39 32 32 34 36 30 39 32 36 32 33 41 39 39 37 31 32 36 32 33 34 30 30 30 30 30 30 30 30 35 7F 
2026/8/6 14:57:18.344 [RX] - 56 69 56 4F 74 65 63 68 32 00 80 00 00 00 B9 DF  pass 
2026/8/6 14:57:18.580 [TX] - 56 69 56 4F 74 65 63 68 32 00 80 01 00 58 41 30 30 38 38 4B 30 54 44 30 30 4E 30 30 30 30 43 44 32 46 43 43 36 44 37 39 32 44 33 42 32 34 46 30 38 33 37 42 30 33 32 44 30 38 36 38 46 45 43 39 46 44 44 43 39 43 32 36 33 31 31 35 46 30 44 43 43 34 42 44 42 35 37 43 36 30 33 43 34 32 46 34 41 35 30 34 34 39 97 D5 
2026/8/6 14:57:18.694 [RX] - 56 69 56 4F 74 65 63 68 32 00 80 00 00 00 B9 DF  pass 
2026/8/6 14:57:18.926 [TX] - 56 69 56 4F 74 65 63 68 32 00 81 00 00 71 05 41 30 31 31 32 44 30 54 45 30 30 4E 30 31 30 30 4B 53 31 38 36 32 39 39 34 39 30 31 32 43 30 30 30 34 36 30 30 30 30 31 39 34 34 38 36 43 33 31 36 38 43 41 31 46 42 34 41 38 30 39 45 36 33 39 46 46 39 43 33 42 37 32 36 45 32 34 37 43 35 39 30 42 32 32 38 43 35 44 32 32 36 35 30 46 36 36 39 37 45 38 34 37 41 32 46 38 41 32 37 33 39 33 47 AE 
2026/8/6 14:57:19.076 [RX] - 56 69 56 4F 74 65 63 68 32 00 81 00 00 00 CF 6B  pass 
2026/8/6 14:57:19.318 [TX] - 56 69 56 4F 74 65 63 68 32 00 C7 36 00 01 03 6C 97 
2026/8/6 14:57:19.337 [RX] - 56 69 56 4F 74 65 63 68 32 00 C7 00 00 00 86 6E  pass pass pass  

--- JIS2

2026/8/6 14:57:19.572 [TX] - 56 69 56 4F 74 65 63 68 32 00 02 40 00 0A 0A 9F 02 06 00 00 00 00 10 00 18 73 
2026/8/6 14:57:20.852 [RX] - 56 69 56 4F 74 65 63 68 32 00 02 00 00 E2 C8 DF EE 25 02 00 11 DF EE 23 81 C5 02 BF 00 85 17 00 48 00 82 92 3B 31 32 33 34 35 36 2A 2A 2A 2A 2A 2A 2A 2A 2A 2A 2A 2A 2A 2A 2A 2A 2A 2A 2A 2A 2A 2A 2A 2A 2A 2A 2A 2A 2A 2A 2A 2A 2A 2A 2A 2A 2A 2A 2A 2A 2A 2A 2A 2A 2A 2A 2A 2A 2A 2A 2A 2A 2A 2A 2A 2A 2A 2A 2A 36 37 38 39 3F 4E F0 0F F8 68 D8 2A C5 AE 5C 28 C8 6D 79 19 BF 19 B0 BE F3 09 0D BB A9 96 1F 0E 99 6C 5F 21 93 D6 FF 07 91 FD B5 75 E9 BE 5B 85 9F 21 02 16 11 89 FA BD 0B 3F C2 D8 B7 59 F8 14 BC F0 99 86 0E C0 0B 07 8E B2 4E 56 9B C7 24 58 0F 0D C0 E6 79 5C 99 D3 47 72 24 57 F8 A2 FF D6 9D 95 36 30 36 54 31 32 33 34 35 36 62 99 49 01 2C 00 04 60 00 01 10 B2 03 9F 39 01 90 FF EE 01 04 DF 30 01 0C DF EE 26 01 C8 B9 14  JIS II MagStripe card - pass  

 Erase All Keys...

2026/8/6 14:57:21.619 [TX] - 56 69 56 4F 74 65 63 68 32 00 83 00 00 00 03 22 
2026/8/6 14:57:21.638 [RX] - 56 69 56 4F 74 65 63 68 32 00 83 00 00 00 22 03  pass  

 Set DUKPT Key Encryption Type...

2026/8/6 14:57:21.869 [TX] - 56 69 56 4F 74 65 63 68 32 00 C7 32 00 01 00 6D FE 
2026/8/6 14:57:21.888 [RX] - 56 69 56 4F 74 65 63 68 32 00 C7 00 00 00 86 6E  pass pass pass  

 Get DUKPT Key Encryption Type...

2026/8/6 14:57:22.116 [TX] - 56 69 56 4F 74 65 63 68 32 00 C7 33 00 00 1A 9B 
2026/8/6 14:57:22.135 [RX] - 56 69 56 4F 74 65 63 68 32 00 C7 00 00 01 00 AC 7F  pass pass  

 Loading DUKPT key...

2026/8/6 14:57:22.365 [TX] - 56 69 56 4F 74 65 63 68 32 00 80 00 00 65 30 45 43 36 30 46 33 35 31 34 37 45 43 41 30 30 38 38 4B 30 54 44 30 30 4E 30 30 30 30 30 30 38 30 39 43 30 37 41 39 39 31 44 43 38 30 33 34 45 43 31 32 45 31 36 39 43 30 44 35 34 35 35 44 45 41 32 39 34 35 31 34 32 34 37 38 30 38 30 35 36 38 32 33 34 39 38 37 31 32 30 32 33 34 30 30 30 30 30 30 30 30 12 43 
2026/8/6 14:57:22.490 [RX] - 56 69 56 4F 74 65 63 68 32 00 80 00 00 00 B9 DF  pass 
2026/8/6 14:57:22.723 [TX] - 56 69 56 4F 74 65 63 68 32 00 80 00 00 65 31 34 43 45 32 35 35 35 31 34 37 45 43 41 30 30 38 38 4B 30 54 44 30 30 4E 30 30 30 30 30 30 38 30 46 35 30 36 46 36 41 33 44 34 30 38 39 39 45 30 35 35 42 42 35 42 39 45 33 41 44 44 36 30 30 42 38 38 35 33 32 37 37 39 32 32 34 36 30 39 32 36 32 33 41 39 39 37 31 32 36 32 33 34 30 30 30 30 30 30 30 30 35 7F 
2026/8/6 14:57:22.848 [RX] - 56 69 56 4F 74 65 63 68 32 00 80 00 00 00 B9 DF  pass 
2026/8/6 14:57:23.083 [TX] - 56 69 56 4F 74 65 63 68 32 00 80 01 00 58 41 30 30 38 38 4B 30 54 44 30 30 4E 30 30 30 30 43 44 32 46 43 43 36 44 37 39 32 44 33 42 32 34 46 30 38 33 37 42 30 33 32 44 30 38 36 38 46 45 43 39 46 44 44 43 39 43 32 36 33 31 31 35 46 30 44 43 43 34 42 44 42 35 37 43 36 30 33 43 34 32 46 34 41 35 30 34 34 39 97 D5 
2026/8/6 14:57:23.196 [RX] - 56 69 56 4F 74 65 63 68 32 00 80 00 00 00 B9 DF  pass 
2026/8/6 14:57:23.427 [TX] - 56 69 56 4F 74 65 63 68 32 00 81 00 00 71 05 41 30 31 31 32 44 30 54 45 30 30 4E 30 31 30 30 4B 53 31 38 36 32 39 39 34 39 30 31 32 43 30 30 30 34 36 30 30 30 30 31 39 34 34 38 36 43 33 31 36 38 43 41 31 46 42 34 41 38 30 39 45 36 33 39 46 46 39 43 33 42 37 32 36 45 32 34 37 43 35 39 30 42 32 32 38 43 35 44 32 32 36 35 30 46 36 36 39 37 45 38 34 37 41 32 46 38 41 32 37 33 39 33 47 AE 
2026/8/6 14:57:23.577 [RX] - 56 69 56 4F 74 65 63 68 32 00 81 00 00 00 CF 6B  pass 
2026/8/6 14:57:23.801 [TX] - 56 69 56 4F 74 65 63 68 32 00 C7 36 00 01 03 6C 97 
2026/8/6 14:57:23.820 [RX] - 56 69 56 4F 74 65 63 68 32 00 C7 00 00 00 86 6E  pass pass pass  

--- AAMVA

2026/8/6 14:57:24.062 [TX] - 56 69 56 4F 74 65 63 68 32 00 02 40 00 0A 0A 9F 02 06 00 00 00 00 10 00 18 73 
2026/8/6 14:57:25.344 [RX] - 56 69 56 4F 74 65 63 68 32 00 02 00 00 E1 C8 DF EE 25 02 00 11 DF EE 23 81 C4 02 BE 00 81 1F 30 23 00 82 9B 3B 33 35 35 35 35 35 2A 2A 2A 2A 2A 2A 2A 2A 2A 2A 2A 2A 2A 2A 2A 2A 2A 2A 2A 2A 2A 2A 30 33 30 33 3F 3F 75 0A 7E B0 CC B7 5E 2A B3 8A A8 2D B7 27 5B 78 A6 49 5D 0E A9 E4 89 04 08 9F 65 96 FF D0 77 9F B7 2D C3 2E D7 00 84 3B A4 37 87 7A 7C 71 BB 34 FE 42 BA 7C 3B 42 E3 38 5A 8A 34 44 07 44 47 EC 9E 42 E0 24 A3 C2 5C 56 AF AC CE 26 EA 2A 2C 24 5B 64 79 3E 02 D5 7F 2F 48 80 A5 D4 6A 04 91 15 D9 C8 47 40 6B FB C6 3B F4 BD 57 4F C6 43 6C 69 1F 94 5A A3 C8 0D A2 0E 46 A0 28 5F 0C BA 2A 32 36 30 36 54 31 32 33 34 35 36 62 99 49 01 2C 00 04 60 00 01 4F 69 03 9F 39 01 90 FF EE 01 04 DF 30 01 0C DF EE 26 01 C8 BD 83  AAMVA MagStripe card - pass  

 Erase All Keys...

2026/8/6 14:57:26.121 [TX] - 56 69 56 4F 74 65 63 68 32 00 83 00 00 00 03 22 
2026/8/6 14:57:26.140 [RX] - 56 69 56 4F 74 65 63 68 32 00 83 00 00 00 22 03  pass  

 Set DUKPT Key Encryption Type...

2026/8/6 14:57:26.372 [TX] - 56 69 56 4F 74 65 63 68 32 00 C7 32 00 01 00 6D FE 
2026/8/6 14:57:26.391 [RX] - 56 69 56 4F 74 65 63 68 32 00 C7 00 00 00 86 6E  pass pass pass  

 Get DUKPT Key Encryption Type...

2026/8/6 14:57:26.625 [TX] - 56 69 56 4F 74 65 63 68 32 00 C7 33 00 00 1A 9B 
2026/8/6 14:57:26.643 [RX] - 56 69 56 4F 74 65 63 68 32 00 C7 00 00 01 00 AC 7F  pass pass  

 Loading DUKPT key...

2026/8/6 14:57:26.891 [TX] - 56 69 56 4F 74 65 63 68 32 00 80 00 00 65 30 45 43 36 30 46 33 35 31 34 37 45 43 41 30 30 38 38 4B 30 54 44 30 30 4E 30 30 30 30 30 30 38 30 39 43 30 37 41 39 39 31 44 43 38 30 33 34 45 43 31 32 45 31 36 39 43 30 44 35 34 35 35 44 45 41 32 39 34 35 31 34 32 34 37 38 30 38 30 35 36 38 32 33 34 39 38 37 31 32 30 32 33 34 30 30 30 30 30 30 30 30 12 43 
2026/8/6 14:57:27.016 [RX] - 56 69 56 4F 74 65 63 68 32 00 80 00 00 00 B9 DF  pass 
2026/8/6 14:57:27.240 [TX] - 56 69 56 4F 74 65 63 68 32 00 80 00 00 65 31 34 43 45 32 35 35 35 31 34 37 45 43 41 30 30 38 38 4B 30 54 44 30 30 4E 30 30 30 30 30 30 38 30 46 35 30 36 46 36 41 33 44 34 30 38 39 39 45 30 35 35 42 42 35 42 39 45 33 41 44 44 36 30 30 42 38 38 35 33 32 37 37 39 32 32 34 36 30 39 32 36 32 33 41 39 39 37 31 32 36 32 33 34 30 30 30 30 30 30 30 30 35 7F 
2026/8/6 14:57:27.366 [RX] - 56 69 56 4F 74 65 63 68 32 00 80 00 00 00 B9 DF  pass 
2026/8/6 14:57:27.585 [TX] - 56 69 56 4F 74 65 63 68 32 00 80 01 00 58 41 30 30 38 38 4B 30 54 44 30 30 4E 30 30 30 30 43 44 32 46 43 43 36 44 37 39 32 44 33 42 32 34 46 30 38 33 37 42 30 33 32 44 30 38 36 38 46 45 43 39 46 44 44 43 39 43 32 36 33 31 31 35 46 30 44 43 43 34 42 44 42 35 37 43 36 30 33 43 34 32 46 34 41 35 30 34 34 39 97 D5 
2026/8/6 14:57:27.699 [RX] - 56 69 56 4F 74 65 63 68 32 00 80 00 00 00 B9 DF  pass 
2026/8/6 14:57:27.930 [TX] - 56 69 56 4F 74 65 63 68 32 00 81 00 00 71 05 41 30 31 31 32 44 30 54 45 30 30 4E 30 31 30 30 4B 53 31 38 36 32 39 39 34 39 30 31 32 43 30 30 30 34 36 30 30 30 30 31 39 34 34 38 36 43 33 31 36 38 43 41 31 46 42 34 41 38 30 39 45 36 33 39 46 46 39 43 33 42 37 32 36 45 32 34 37 43 35 39 30 42 32 32 38 43 35 44 32 32 36 35 30 46 36 36 39 37 45 38 34 37 41 32 46 38 41 32 37 33 39 33 47 AE 
2026/8/6 14:57:28.081 [RX] - 56 69 56 4F 74 65 63 68 32 00 81 00 00 00 CF 6B  pass 
2026/8/6 14:57:28.305 [TX] - 56 69 56 4F 74 65 63 68 32 00 C7 36 00 01 03 6C 97 
2026/8/6 14:57:28.325 [RX] - 56 69 56 4F 74 65 63 68 32 00 C7 00 00 00 86 6E  pass pass pass  

--- Gift card

2026/8/6 14:57:28.560 [TX] - 56 69 56 4F 74 65 63 68 32 00 02 40 00 0A 0A 9F 02 06 00 00 00 00 10 00 18 73 
2026/8/6 14:57:29.840 [RX] - 56 69 56 4F 74 65 63 68 32 00 02 00 01 68 C8 DF EE 25 02 00 11 DF EE 23 82 01 14 02 0E 01 80 1F 3D 26 00 83 9B 25 2A 36 30 30 36 2A 2A 2A 2A 2A 2A 2A 2A 2A 2A 2A 37 31 34 37 5E 30 37 36 37 35 30 30 39 39 30 32 24 30 30 30 30 30 24 20 20 20 20 20 20 20 20 5E 38 30 31 32 2A 2A 2A 2A 2A 2A 3F 2A 3B 36 30 30 36 2A 2A 2A 2A 2A 2A 2A 2A 2A 2A 2A 37 31 34 37 3D 38 30 31 32 2A 2A 2A 2A 2A 2A 2A 2A 2A 2A 2A 3F 2A F9 77 33 C0 CF 91 D9 6B 0C A9 4F 94 A1 A0 D2 5C C4 F6 E1 E2 FD 2C 89 95 79 E2 91 C1 61 54 FE 00 EB 36 8F 95 04 51 B8 BD F8 8C 08 4C 7B BF 7F 2C C1 DD 3E 2D 73 E0 3E 5A D5 9D 27 FA 05 0B D2 9D 7C E5 05 DC 8A 63 65 57 23 59 99 0C 93 2C F1 8A 31 A7 67 BA D1 6A 5E 94 00 9E 3F F3 6F 1A 87 BE 11 AE B2 68 1B 11 3A C0 4F 96 8D 11 4A 72 0C 4F 3F 7F 90 8C E8 2E DC 54 F5 7D EE DF F5 7B 99 7B D5 25 11 FE 3A 50 34 80 4E 98 D6 B4 D6 2C C9 45 36 30 36 54 31 32 33 34 35 36 62 99 49 01 2C 00 04 60 00 01 5C 70 03 9F 39 01 90 FF EE 01 04 DF 30 01 0C DF EE 26 01 C8 DF EF  Gift card MagStripe card - pass 4C 06 00 25 00 00 00 00 DF EF 4D 28 7C E5 05 DC 8A 63 65 57 23 59 99 0C 93 2C F1 8A 31 A7 67 BA D1 6A 5E 94 00 9E 3F F3 6F 1A 87 BE 72 73 0A 1D 19 77 7E EF 87 18  

 Erase All Keys...

2026/8/6 14:57:30.696 [TX] - 56 69 56 4F 74 65 63 68 32 00 83 00 00 00 03 22 
2026/8/6 14:57:30.714 [RX] - 56 69 56 4F 74 65 63 68 32 00 83 00 00 00 22 03  pass  

 Set DUKPT Key Encryption Type...

2026/8/6 14:57:30.941 [TX] - 56 69 56 4F 74 65 63 68 32 00 C7 32 00 01 00 6D FE 
2026/8/6 14:57:30.961 [RX] - 56 69 56 4F 74 65 63 68 32 00 C7 00 00 00 86 6E  pass pass pass  

 Get DUKPT Key Encryption Type...

2026/8/6 14:57:31.191 [TX] - 56 69 56 4F 74 65 63 68 32 00 C7 33 00 00 1A 9B 
2026/8/6 14:57:31.209 [RX] - 56 69 56 4F 74 65 63 68 32 00 C7 00 00 01 00 AC 7F  pass pass  

 Loading DUKPT key...

2026/8/6 14:57:31.442 [TX] - 56 69 56 4F 74 65 63 68 32 00 80 00 00 65 30 45 43 36 30 46 33 35 31 34 37 45 43 41 30 30 38 38 4B 30 54 44 30 30 4E 30 30 30 30 30 30 38 30 39 43 30 37 41 39 39 31 44 43 38 30 33 34 45 43 31 32 45 31 36 39 43 30 44 35 34 35 35 44 45 41 32 39 34 35 31 34 32 34 37 38 30 38 30 35 36 38 32 33 34 39 38 37 31 32 30 32 33 34 30 30 30 30 30 30 30 30 12 43 
2026/8/6 14:57:31.567 [RX] - 56 69 56 4F 74 65 63 68 32 00 80 00 00 00 B9 DF  pass 
2026/8/6 14:57:31.791 [TX] - 56 69 56 4F 74 65 63 68 32 00 80 00 00 65 31 34 43 45 32 35 35 35 31 34 37 45 43 41 30 30 38 38 4B 30 54 44 30 30 4E 30 30 30 30 30 30 38 30 46 35 30 36 46 36 41 33 44 34 30 38 39 39 45 30 35 35 42 42 35 42 39 45 33 41 44 44 36 30 30 42 38 38 35 33 32 37 37 39 32 32 34 36 30 39 32 36 32 33 41 39 39 37 31 32 36 32 33 34 30 30 30 30 30 30 30 30 35 7F 
2026/8/6 14:57:31.916 [RX] - 56 69 56 4F 74 65 63 68 32 00 80 00 00 00 B9 DF  pass 
2026/8/6 14:57:32.136 [TX] - 56 69 56 4F 74 65 63 68 32 00 80 01 00 58 41 30 30 38 38 4B 30 54 44 30 30 4E 30 30 30 30 43 44 32 46 43 43 36 44 37 39 32 44 33 42 32 34 46 30 38 33 37 42 30 33 32 44 30 38 36 38 46 45 43 39 46 44 44 43 39 43 32 36 33 31 31 35 46 30 44 43 43 34 42 44 42 35 37 43 36 30 33 43 34 32 46 34 41 35 30 34 34 39 97 D5 
2026/8/6 14:57:32.250 [RX] - 56 69 56 4F 74 65 63 68 32 00 80 00 00 00 B9 DF  pass 
2026/8/6 14:57:32.480 [TX] - 56 69 56 4F 74 65 63 68 32 00 81 00 00 71 05 41 30 31 31 32 44 30 54 45 30 30 4E 30 31 30 30 4B 53 31 38 36 32 39 39 34 39 30 31 32 43 30 30 30 34 36 30 30 30 30 31 39 34 34 38 36 43 33 31 36 38 43 41 31 46 42 34 41 38 30 39 45 36 33 39 46 46 39 43 33 42 37 32 36 45 32 34 37 43 35 39 30 42 32 32 38 43 35 44 32 32 36 35 30 46 36 36 39 37 45 38 34 37 41 32 46 38 41 32 37 33 39 33 47 AE 
2026/8/6 14:57:32.630 [RX] - 56 69 56 4F 74 65 63 68 32 00 81 00 00 00 CF 6B  pass 
2026/8/6 14:57:32.852 [TX] - 56 69 56 4F 74 65 63 68 32 00 C7 36 00 01 03 6C 97 
2026/8/6 14:57:32.872 [RX] - 56 69 56 4F 74 65 63 68 32 00 C7 00 00 00 86 6E  pass pass pass  

--- Real card (PAN=11)

2026/8/6 14:57:33.110 [TX] - 56 69 56 4F 74 65 63 68 32 00 02 40 00 0A 0A 9F 02 06 00 00 00 00 10 00 18 73 
2026/8/6 14:57:34.891 [RX] - 56 69 56 4F 74 65 63 68 32 00 02 00 00 91 C8 DF EE 25 02 00 11 DF EE 23 75 02 6F 00 83 0F 3B 00 00 80 89 FB 74 0D E9 C0 1A AA 04 B9 35 3C 74 A4 88 A7 4E FB 2C 22 E0 4E 2C C6 0B 7D 4A CC CA 6A 04 5C DD BC 41 76 4E BE 81 D2 46 20 9F FF A6 11 1B BE 4C 0F 35 C7 F8 0D 20 39 64 27 1C 46 CF 4E 6E E9 8A A7 DA 3C 9C FD 62 17 EE B3 DB 63 2A 08 93 7B 4C 53 89 78 D3 36 30 36 54 31 32 33 34 35 36 62 99 49 01 2C 00 04 60 00 01 EE 5C 03 9F 39 01 90 FF EE 01 04 DF 30 01 0C DF EE 26 01 C8 C3 6F  Real card (PAN=11) MagStripe card - pass  

 Erase All Keys...

2026/8/6 14:57:35.573 [TX] - 56 69 56 4F 74 65 63 68 32 00 83 00 00 00 03 22 
2026/8/6 14:57:35.591 [RX] - 56 69 56 4F 74 65 63 68 32 00 83 00 00 00 22 03  pass  

 Set DUKPT Key Encryption Type...

2026/8/6 14:57:35.823 [TX] - 56 69 56 4F 74 65 63 68 32 00 C7 32 00 01 00 6D FE 
2026/8/6 14:57:35.843 [RX] - 56 69 56 4F 74 65 63 68 32 00 C7 00 00 00 86 6E  pass pass pass  

 Get DUKPT Key Encryption Type...

2026/8/6 14:57:36.074 [TX] - 56 69 56 4F 74 65 63 68 32 00 C7 33 00 00 1A 9B 
2026/8/6 14:57:36.093 [RX] - 56 69 56 4F 74 65 63 68 32 00 C7 00 00 01 00 AC 7F  pass pass  

 Loading DUKPT key...

2026/8/6 14:57:36.324 [TX] - 56 69 56 4F 74 65 63 68 32 00 80 00 00 65 30 45 43 36 30 46 33 35 31 34 37 45 43 41 30 30 38 38 4B 30 54 44 30 30 4E 30 30 30 30 30 30 38 30 39 43 30 37 41 39 39 31 44 43 38 30 33 34 45 43 31 32 45 31 36 39 43 30 44 35 34 35 35 44 45 41 32 39 34 35 31 34 32 34 37 38 30 38 30 35 36 38 32 33 34 39 38 37 31 32 30 32 33 34 30 30 30 30 30 30 30 30 12 43 
2026/8/6 14:57:36.448 [RX] - 56 69 56 4F 74 65 63 68 32 00 80 00 00 00 B9 DF  pass 
2026/8/6 14:57:36.678 [TX] - 56 69 56 4F 74 65 63 68 32 00 80 00 00 65 31 34 43 45 32 35 35 35 31 34 37 45 43 41 30 30 38 38 4B 30 54 44 30 30 4E 30 30 30 30 30 30 38 30 46 35 30 36 46 36 41 33 44 34 30 38 39 39 45 30 35 35 42 42 35 42 39 45 33 41 44 44 36 30 30 42 38 38 35 33 32 37 37 39 32 32 34 36 30 39 32 36 32 33 41 39 39 37 31 32 36 32 33 34 30 30 30 30 30 30 30 30 35 7F 
2026/8/6 14:57:36.803 [RX] - 56 69 56 4F 74 65 63 68 32 00 80 00 00 00 B9 DF  pass 
2026/8/6 14:57:37.023 [TX] - 56 69 56 4F 74 65 63 68 32 00 80 01 00 58 41 30 30 38 38 4B 30 54 44 30 30 4E 30 30 30 30 43 44 32 46 43 43 36 44 37 39 32 44 33 42 32 34 46 30 38 33 37 42 30 33 32 44 30 38 36 38 46 45 43 39 46 44 44 43 39 43 32 36 33 31 31 35 46 30 44 43 43 34 42 44 42 35 37 43 36 30 33 43 34 32 46 34 41 35 30 34 34 39 97 D5 
2026/8/6 14:57:37.136 [RX] - 56 69 56 4F 74 65 63 68 32 00 80 00 00 00 B9 DF  pass 
2026/8/6 14:57:37.365 [TX] - 56 69 56 4F 74 65 63 68 32 00 81 00 00 71 05 41 30 31 31 32 44 30 54 45 30 30 4E 30 31 30 30 4B 53 31 38 36 32 39 39 34 39 30 31 32 43 30 30 30 34 36 30 30 30 30 31 39 34 34 38 36 43 33 31 36 38 43 41 31 46 42 34 41 38 30 39 45 36 33 39 46 46 39 43 33 42 37 32 36 45 32 34 37 43 35 39 30 42 32 32 38 43 35 44 32 32 36 35 30 46 36 36 39 37 45 38 34 37 41 32 46 38 41 32 37 33 39 33 47 AE 
2026/8/6 14:57:37.516 [RX] - 56 69 56 4F 74 65 63 68 32 00 81 00 00 00 CF 6B  pass 
2026/8/6 14:57:37.755 [TX] - 56 69 56 4F 74 65 63 68 32 00 C7 36 00 01 03 6C 97 
2026/8/6 14:57:37.775 [RX] - 56 69 56 4F 74 65 63 68 32 00 C7 00 00 00 86 6E  pass pass pass  

--- Real card (PAN=12)

2026/8/6 14:57:38.008 [TX] - 56 69 56 4F 74 65 63 68 32 00 02 40 00 0A 0A 9F 02 06 00 00 00 00 10 00 18 73 
2026/8/6 14:57:39.297 [RX] - 56 69 56 4F 74 65 63 68 32 00 02 00 00 DA C8 DF EE 25 02 00 11 DF EE 23 81 AF 02 A9 00 80 0F 3A 00 00 A1 89 25 2A 34 30 37 31 2A 2A 2A 2A 30 34 36 39 5E 44 4F 57 2F 4A 4F 48 4E 20 5E 31 37 31 31 2A 2A 2A 2A 2A 2A 2A 2A 2A 2A 2A 2A 2A 2A 2A 2A 2A 2A 2A 2A 2A 2A 2A 2A 2A 2A 2A 3F 2A FB 74 0D E9 C0 1A AA 04 78 C2 46 EC 88 C8 A1 08 3D C4 B3 A2 7A A8 E4 6C B9 D5 43 BD CA 63 7D AD 07 4C DD D3 8B 78 FA 61 28 C3 ED F7 B2 00 B7 F5 90 6D 5B 11 14 3C C5 5B 03 EF 11 A5 FA CD 00 E6 2C D5 16 64 84 CA B1 DF 2A 0A 61 CB CB 1A 0C 82 05 67 C2 64 36 30 36 54 31 32 33 34 35 36 62 99 49 01 2C 00 04 60 00 01 CA C2 03 9F 39 01 90 FF EE 01 04 DF 30 01 0C DF EE 26 01 C8 DF EF  Real card (PAN=12) MagStripe card - pass 4C 06 00 00 00 00 00 00 DF EF 4D 00 50 68  

 Erase All Keys...

2026/8/6 14:57:40.038 [TX] - 56 69 56 4F 74 65 63 68 32 00 83 00 00 00 03 22 
2026/8/6 14:57:40.057 [RX] - 56 69 56 4F 74 65 63 68 32 00 83 00 00 00 22 03  pass  

 Set DUKPT Key Encryption Type...

2026/8/6 14:57:40.290 [TX] - 56 69 56 4F 74 65 63 68 32 00 C7 32 00 01 00 6D FE 
2026/8/6 14:57:40.310 [RX] - 56 69 56 4F 74 65 63 68 32 00 C7 00 00 00 86 6E  pass pass pass  

 Get DUKPT Key Encryption Type...

2026/8/6 14:57:40.542 [TX] - 56 69 56 4F 74 65 63 68 32 00 C7 33 00 00 1A 9B 
2026/8/6 14:57:40.561 [RX] - 56 69 56 4F 74 65 63 68 32 00 C7 00 00 01 00 AC 7F  pass pass  

 Loading DUKPT key...

2026/8/6 14:57:40.794 [TX] - 56 69 56 4F 74 65 63 68 32 00 80 00 00 65 30 45 43 36 30 46 33 35 31 34 37 45 43 41 30 30 38 38 4B 30 54 44 30 30 4E 30 30 30 30 30 30 38 30 39 43 30 37 41 39 39 31 44 43 38 30 33 34 45 43 31 32 45 31 36 39 43 30 44 35 34 35 35 44 45 41 32 39 34 35 31 34 32 34 37 38 30 38 30 35 36 38 32 33 34 39 38 37 31 32 30 32 33 34 30 30 30 30 30 30 30 30 12 43 
2026/8/6 14:57:40.919 [RX] - 56 69 56 4F 74 65 63 68 32 00 80 00 00 00 B9 DF  pass 
2026/8/6 14:57:41.148 [TX] - 56 69 56 4F 74 65 63 68 32 00 80 00 00 65 31 34 43 45 32 35 35 35 31 34 37 45 43 41 30 30 38 38 4B 30 54 44 30 30 4E 30 30 30 30 30 30 38 30 46 35 30 36 46 36 41 33 44 34 30 38 39 39 45 30 35 35 42 42 35 42 39 45 33 41 44 44 36 30 30 42 38 38 35 33 32 37 37 39 32 32 34 36 30 39 32 36 32 33 41 39 39 37 31 32 36 32 33 34 30 30 30 30 30 30 30 30 35 7F 
2026/8/6 14:57:41.274 [RX] - 56 69 56 4F 74 65 63 68 32 00 80 00 00 00 B9 DF  pass 
2026/8/6 14:57:41.506 [TX] - 56 69 56 4F 74 65 63 68 32 00 80 01 00 58 41 30 30 38 38 4B 30 54 44 30 30 4E 30 30 30 30 43 44 32 46 43 43 36 44 37 39 32 44 33 42 32 34 46 30 38 33 37 42 30 33 32 44 30 38 36 38 46 45 43 39 46 44 44 43 39 43 32 36 33 31 31 35 46 30 44 43 43 34 42 44 42 35 37 43 36 30 33 43 34 32 46 34 41 35 30 34 34 39 97 D5 
2026/8/6 14:57:41.620 [RX] - 56 69 56 4F 74 65 63 68 32 00 80 00 00 00 B9 DF  pass 
2026/8/6 14:57:41.850 [TX] - 56 69 56 4F 74 65 63 68 32 00 81 00 00 71 05 41 30 31 31 32 44 30 54 45 30 30 4E 30 31 30 30 4B 53 31 38 36 32 39 39 34 39 30 31 32 43 30 30 30 34 36 30 30 30 30 31 39 34 34 38 36 43 33 31 36 38 43 41 31 46 42 34 41 38 30 39 45 36 33 39 46 46 39 43 33 42 37 32 36 45 32 34 37 43 35 39 30 42 32 32 38 43 35 44 32 32 36 35 30 46 36 36 39 37 45 38 34 37 41 32 46 38 41 32 37 33 39 33 47 AE 
2026/8/6 14:57:42.001 [RX] - 56 69 56 4F 74 65 63 68 32 00 81 00 00 00 CF 6B  pass 
2026/8/6 14:57:42.227 [TX] - 56 69 56 4F 74 65 63 68 32 00 C7 36 00 01 03 6C 97 
2026/8/6 14:57:42.247 [RX] - 56 69 56 4F 74 65 63 68 32 00 C7 00 00 00 86 6E  pass pass pass  

--- Real card (PAN=20)

2026/8/6 14:57:42.481 [TX] - 56 69 56 4F 74 65 63 68 32 00 02 40 00 0A 0A 9F 02 06 00 00 00 00 10 00 18 73 
2026/8/6 14:57:43.783 [RX] - 56 69 56 4F 74 65 63 68 32 00 02 00 00 99 C8 DF EE 25 02 00 11 DF EE 23 7D 02 77 00 83 0F 42 00 00 80 89 FB 74 0D E9 C0 1A AA 04 D3 5A E4 A7 98 1C 63 C6 3A 2C 13 95 CB 52 C8 BF EC 8C 63 25 2E 85 0D AF 2C A5 B9 EE 3C A2 B3 68 22 7B 7C B5 C1 C0 7A 45 29 2A B9 47 56 6C 96 2F 32 16 D5 6F EB AD C4 E4 47 92 7A 6C 75 6F 52 D6 1C 8E 29 3B 13 1A 8A 3C 85 EC 1A FA E3 65 12 05 0F CE 51 84 36 30 36 54 31 32 33 34 35 36 62 99 49 01 2C 00 04 60 00 01 26 02 03 9F 39 01 90 FF EE 01 04 DF 30 01 0C DF EE 26 01 C8 28 7A  Real card (PAN=20) MagStripe card - pass  

 Erase All Keys...

2026/8/6 14:57:44.482 [TX] - 56 69 56 4F 74 65 63 68 32 00 83 00 00 00 03 22 
2026/8/6 14:57:44.501 [RX] - 56 69 56 4F 74 65 63 68 32 00 83 00 00 00 22 03  pass  

 Set DUKPT Key Encryption Type...

2026/8/6 14:57:44.734 [TX] - 56 69 56 4F 74 65 63 68 32 00 C7 32 00 01 00 6D FE 
2026/8/6 14:57:44.754 [RX] - 56 69 56 4F 74 65 63 68 32 00 C7 00 00 00 86 6E  pass pass pass  

 Get DUKPT Key Encryption Type...

2026/8/6 14:57:44.986 [TX] - 56 69 56 4F 74 65 63 68 32 00 C7 33 00 00 1A 9B 
2026/8/6 14:57:45.005 [RX] - 56 69 56 4F 74 65 63 68 32 00 C7 00 00 01 00 AC 7F  pass pass  

 Loading DUKPT key...

2026/8/6 14:57:45.238 [TX] - 56 69 56 4F 74 65 63 68 32 00 80 00 00 65 30 45 43 36 30 46 33 35 31 34 37 45 43 41 30 30 38 38 4B 30 54 44 30 30 4E 30 30 30 30 30 30 38 30 39 43 30 37 41 39 39 31 44 43 38 30 33 34 45 43 31 32 45 31 36 39 43 30 44 35 34 35 35 44 45 41 32 39 34 35 31 34 32 34 37 38 30 38 30 35 36 38 32 33 34 39 38 37 31 32 30 32 33 34 30 30 30 30 30 30 30 30 12 43 
2026/8/6 14:57:45.362 [RX] - 56 69 56 4F 74 65 63 68 32 00 80 00 00 00 B9 DF  pass 
2026/8/6 14:57:45.589 [TX] - 56 69 56 4F 74 65 63 68 32 00 80 00 00 65 31 34 43 45 32 35 35 35 31 34 37 45 43 41 30 30 38 38 4B 30 54 44 30 30 4E 30 30 30 30 30 30 38 30 46 35 30 36 46 36 41 33 44 34 30 38 39 39 45 30 35 35 42 42 35 42 39 45 33 41 44 44 36 30 30 42 38 38 35 33 32 37 37 39 32 32 34 36 30 39 32 36 32 33 41 39 39 37 31 32 36 32 33 34 30 30 30 30 30 30 30 30 35 7F 
2026/8/6 14:57:45.715 [RX] - 56 69 56 4F 74 65 63 68 32 00 80 00 00 00 B9 DF  pass 
2026/8/6 14:57:45.948 [TX] - 56 69 56 4F 74 65 63 68 32 00 80 01 00 58 41 30 30 38 38 4B 30 54 44 30 30 4E 30 30 30 30 43 44 32 46 43 43 36 44 37 39 32 44 33 42 32 34 46 30 38 33 37 42 30 33 32 44 30 38 36 38 46 45 43 39 46 44 44 43 39 43 32 36 33 31 31 35 46 30 44 43 43 34 42 44 42 35 37 43 36 30 33 43 34 32 46 34 41 35 30 34 34 39 97 D5 
2026/8/6 14:57:46.062 [RX] - 56 69 56 4F 74 65 63 68 32 00 80 00 00 00 B9 DF  pass 
2026/8/6 14:57:46.291 [TX] - 56 69 56 4F 74 65 63 68 32 00 81 00 00 71 05 41 30 31 31 32 44 30 54 45 30 30 4E 30 31 30 30 4B 53 31 38 36 32 39 39 34 39 30 31 32 43 30 30 30 34 36 30 30 30 30 31 39 34 34 38 36 43 33 31 36 38 43 41 31 46 42 34 41 38 30 39 45 36 33 39 46 46 39 43 33 42 37 32 36 45 32 34 37 43 35 39 30 42 32 32 38 43 35 44 32 32 36 35 30 46 36 36 39 37 45 38 34 37 41 32 46 38 41 32 37 33 39 33 47 AE 
2026/8/6 14:57:46.441 [RX] - 56 69 56 4F 74 65 63 68 32 00 81 00 00 00 CF 6B  pass 
2026/8/6 14:57:46.666 [TX] - 56 69 56 4F 74 65 63 68 32 00 C7 36 00 01 03 6C 97 
2026/8/6 14:57:46.686 [RX] - 56 69 56 4F 74 65 63 68 32 00 C7 00 00 00 86 6E  pass pass pass  

--- ISO4909

2026/8/6 14:57:46.923 [TX] - 56 69 56 4F 74 65 63 68 32 00 02 40 00 0A 0A 9F 02 06 00 00 00 00 10 00 18 73 
2026/8/6 14:57:48.211 [RX] - 56 69 56 4F 74 65 63 68 32 00 02 00 01 89 C8 DF EE 25 02 00 11 DF EE 23 82 01 35 02 2F 01 80 1F 4D 27 00 83 9B 25 2A 34 35 34 37 2A 2A 2A 2A 2A 2A 2A 2A 30 30 30 30 5E 4C 4C 49 42 52 45 20 52 4F 42 45 52 54 2D 47 55 49 4C 4C 45 52 4D 4F 20 5E 31 31 30 32 2A 2A 2A 2A 2A 2A 2A 2A 2A 2A 2A 2A 2A 2A 2A 2A 2A 2A 2A 2A 2A 2A 2A 2A 2A 2A 2A 3F 2A 3B 34 35 34 37 2A 2A 2A 2A 2A 2A 2A 2A 30 30 30 30 3D 31 31 30 32 2A 2A 2A 2A 2A 2A 2A 2A 2A 2A 2A 2A 2A 2A 2A 3F 2A DE 04 D2 DB BB F9 AA 18 EC 56 B9 DC 8C 3F 27 5F 5A B2 91 41 41 38 04 5F EE 1E 72 01 5B 35 30 E2 EC 75 97 64 E5 62 F9 BA 6E D0 3C 7D 7C 59 11 A0 7A 63 77 FB D6 DA DB A2 9B 3B A6 15 7A B2 92 09 4B 62 8C 26 8E A3 55 92 27 C4 20 64 EA 81 19 7A FC BB A4 7C FC 22 D8 2C 80 ED D4 1E 2C 4D DF B5 D9 A5 18 39 AC 9B 27 02 AA 76 41 75 77 9D D0 C0 89 25 0C D0 4A 03 E4 2C BC 6D B0 09 54 4A 8E 4D B4 6B E2 83 32 3D 79 6E B0 13 AF 65 DF AF 57 85 96 18 2E D3 93 78 61 C2 BD 7D 77 E1 44 D2 BE 7C 36 30 36 54 31 32 33 34 35 36 62 99 49 01 2C 00 04 60 00 01 FB 27 03 9F 39 01 90 FF EE 01 04 DF 30 01 0C DF EE 26 01 C8 DF EF  ISO4909 MagStripe card - pass 4C 06 00 26 00 00 00 00 DF EF 4D 28 FC BB A4 7C FC 22 D8 2C 80 ED D4 1E 2C 4D DF B5 D9 A5 18 39 AC 9B 27 02 AA 76 41 75 77 9D D0 C0 52 0F 5D 20 FC B3 B7 D9 22 A9  

Poll on Demand

2026/8/6 14:57:49.093 [TX] - 56 69 56 4F 74 65 63 68 32 00 01 01 00 01 01 D7 34 
2026/8/6 14:57:49.113 [RX] - 56 69 56 4F 74 65 63 68 32 00 01 00 00 00 12 53  pass  

 Erase All Keys...

2026/8/6 14:57:49.137 [TX] - 56 69 56 4F 74 65 63 68 32 00 83 00 00 00 03 22 
2026/8/6 14:57:49.156 [RX] - 56 69 56 4F 74 65 63 68 32 00 83 00 00 00 22 03  pass  

 Set DUKPT Key Encryption Type...

2026/8/6 14:57:49.395 [TX] - 56 69 56 4F 74 65 63 68 32 00 C7 32 00 01 00 6D FE 
2026/8/6 14:57:49.415 [RX] - 56 69 56 4F 74 65 63 68 32 00 C7 00 00 00 86 6E  pass pass pass  

 Get DUKPT Key Encryption Type...

2026/8/6 14:57:49.659 [TX] - 56 69 56 4F 74 65 63 68 32 00 C7 33 00 00 1A 9B 
2026/8/6 14:57:49.677 [RX] - 56 69 56 4F 74 65 63 68 32 00 C7 00 00 01 00 AC 7F  pass pass  

 Loading DUKPT key...

2026/8/6 14:57:49.911 [TX] - 56 69 56 4F 74 65 63 68 32 00 80 00 00 65 30 45 43 36 30 46 33 35 31 34 37 45 43 41 30 30 38 38 4B 30 54 44 30 30 4E 30 30 30 30 30 30 38 30 39 43 30 37 41 39 39 31 44 43 38 30 33 34 45 43 31 32 45 31 36 39 43 30 44 35 34 35 35 44 45 41 32 39 34 35 31 34 32 34 37 38 30 38 30 35 36 38 32 33 34 39 38 37 31 32 30 32 33 34 30 30 30 30 30 30 30 30 12 43 
2026/8/6 14:57:50.036 [RX] - 56 69 56 4F 74 65 63 68 32 00 80 00 00 00 B9 DF  pass 
2026/8/6 14:57:50.273 [TX] - 56 69 56 4F 74 65 63 68 32 00 80 00 00 65 31 34 43 45 32 35 35 35 31 34 37 45 43 41 30 30 38 38 4B 30 54 44 30 30 4E 30 30 30 30 30 30 38 30 46 35 30 36 46 36 41 33 44 34 30 38 39 39 45 30 35 35 42 42 35 42 39 45 33 41 44 44 36 30 30 42 38 38 35 33 32 37 37 39 32 32 34 36 30 39 32 36 32 33 41 39 39 37 31 32 36 32 33 34 30 30 30 30 30 30 30 30 35 7F 
2026/8/6 14:57:50.399 [RX] - 56 69 56 4F 74 65 63 68 32 00 80 00 00 00 B9 DF  pass 
2026/8/6 14:57:50.618 [TX] - 56 69 56 4F 74 65 63 68 32 00 80 01 00 58 41 30 30 38 38 4B 30 54 44 30 30 4E 30 30 30 30 43 44 32 46 43 43 36 44 37 39 32 44 33 42 32 34 46 30 38 33 37 42 30 33 32 44 30 38 36 38 46 45 43 39 46 44 44 43 39 43 32 36 33 31 31 35 46 30 44 43 43 34 42 44 42 35 37 43 36 30 33 43 34 32 46 34 41 35 30 34 34 39 97 D5 
2026/8/6 14:57:50.731 [RX] - 56 69 56 4F 74 65 63 68 32 00 80 00 00 00 B9 DF  pass 
2026/8/6 14:57:50.962 [TX] - 56 69 56 4F 74 65 63 68 32 00 81 00 00 71 05 41 30 31 31 32 44 30 54 45 30 30 4E 30 31 30 30 4B 53 31 38 36 32 39 39 34 39 30 31 32 43 30 30 30 34 36 30 30 30 30 31 39 34 34 38 36 43 33 31 36 38 43 41 31 46 42 34 41 38 30 39 45 36 33 39 46 46 39 43 33 42 37 32 36 45 32 34 37 43 35 39 30 42 32 32 38 43 35 44 32 32 36 35 30 46 36 36 39 37 45 38 34 37 41 32 46 38 41 32 37 33 39 33 47 AE 
2026/8/6 14:57:51.112 [RX] - 56 69 56 4F 74 65 63 68 32 00 81 00 00 00 CF 6B  pass 
2026/8/6 14:57:51.338 [TX] - 56 69 56 4F 74 65 63 68 32 00 C7 36 00 01 03 6C 97 
2026/8/6 14:57:51.357 [RX] - 56 69 56 4F 74 65 63 68 32 00 C7 00 00 00 86 6E  pass pass pass  

Auto Poll

2026/8/6 14:57:51.597 [TX] - 56 69 56 4F 74 65 63 68 32 00 01 01 00 01 00 F6 24 
2026/8/6 14:57:51.617 [RX] - 56 69 56 4F 74 65 63 68 32 00 01 00 00 00 12 53  pass  

---  IDT

2026/8/6 14:57:55.657 [TX] - 56 69 56 4F 74 65 63 68 32 00 03 40 00 00 96 E2 
2026/8/6 14:57:55.683 [RX] - 56 69 56 4F 74 65 63 68 32 00 03 00 01 06 C8 DF EE 25 02 00 11 DF EE 23 81 E9 02 E3 00 83 1F 4F 28 00 82 9B 3B 32 31 32 31 32 31 2A 2A 2A 2A 2A 2A 2A 2A 2A 2A 2A 2A 2A 2A 2A 2A 2A 2A 2A 2A 2A 2A 2A 2A 2A 2A 2A 31 32 31 32 3F 30 1A C4 1D 38 F3 82 4A 91 39 12 AC 21 57 37 F0 ED 81 B5 54 F8 FF 7C BF C4 0B 05 CD 25 E2 E1 EB 56 10 F8 D7 D5 4D FF 92 44 73 AC D5 6B 67 1F F1 BA B7 07 C9 90 63 9B 43 B0 5F DA 56 2C A5 7A 40 88 EE 1C 00 0B BD 24 40 AC 32 03 4A E9 1A D7 3D 70 E0 78 1B 29 C8 1C B3 77 DF 89 75 44 C5 B4 8F E7 18 7D 23 EE 38 95 AE 66 5D C0 F5 8D 6B 97 2D E3 0A D3 6C A9 F9 20 A6 23 58 78 7F 9D EB 10 29 7D F1 08 DE 4F C8 BC 7C DA 57 A9 E4 54 B4 BE BA 5E 9A C8 4F CF 5C F2 4B 10 B9 72 1D A8 8F 82 59 C6 36 30 36 54 31 32 33 34 35 36 62 99 49 01 2C 00 04 60 00 01 BE 1A 03 9F 39 01 90 FF EE 01 04 DF 30 01 0C DF EE 26 01 C8 90 2A  IDT MagStripe card - pass  

Poll on Demand

2026/8/6 14:57:56.489 [TX] - 56 69 56 4F 74 65 63 68 32 00 01 01 00 01 01 D7 34 
2026/8/6 14:57:56.509 [RX] - 56 69 56 4F 74 65 63 68 32 00 01 00 00 00 12 53  pass  

 Erase All Keys...

2026/8/6 14:57:56.533 [TX] - 56 69 56 4F 74 65 63 68 32 00 83 00 00 00 03 22 
2026/8/6 14:57:56.552 [RX] - 56 69 56 4F 74 65 63 68 32 00 83 00 00 00 22 03  pass  

 Set DUKPT Key Encryption Type...

2026/8/6 14:57:56.790 [TX] - 56 69 56 4F 74 65 63 68 32 00 C7 32 00 01 00 6D FE 
2026/8/6 14:57:56.810 [RX] - 56 69 56 4F 74 65 63 68 32 00 C7 00 00 00 86 6E  pass pass pass  

 Get DUKPT Key Encryption Type...

2026/8/6 14:57:57.042 [TX] - 56 69 56 4F 74 65 63 68 32 00 C7 33 00 00 1A 9B 
2026/8/6 14:57:57.060 [RX] - 56 69 56 4F 74 65 63 68 32 00 C7 00 00 01 00 AC 7F  pass pass  

 Loading DUKPT key...

2026/8/6 14:57:57.290 [TX] - 56 69 56 4F 74 65 63 68 32 00 80 00 00 65 30 45 43 36 30 46 33 35 31 34 37 45 43 41 30 30 38 38 4B 30 54 44 30 30 4E 30 30 30 30 30 30 38 30 39 43 30 37 41 39 39 31 44 43 38 30 33 34 45 43 31 32 45 31 36 39 43 30 44 35 34 35 35 44 45 41 32 39 34 35 31 34 32 34 37 38 30 38 30 35 36 38 32 33 34 39 38 37 31 32 30 32 33 34 30 30 30 30 30 30 30 30 12 43 
2026/8/6 14:57:57.415 [RX] - 56 69 56 4F 74 65 63 68 32 00 80 00 00 00 B9 DF  pass 
2026/8/6 14:57:57.641 [TX] - 56 69 56 4F 74 65 63 68 32 00 80 00 00 65 31 34 43 45 32 35 35 35 31 34 37 45 43 41 30 30 38 38 4B 30 54 44 30 30 4E 30 30 30 30 30 30 38 30 46 35 30 36 46 36 41 33 44 34 30 38 39 39 45 30 35 35 42 42 35 42 39 45 33 41 44 44 36 30 30 42 38 38 35 33 32 37 37 39 32 32 34 36 30 39 32 36 32 33 41 39 39 37 31 32 36 32 33 34 30 30 30 30 30 30 30 30 35 7F 
2026/8/6 14:57:57.767 [RX] - 56 69 56 4F 74 65 63 68 32 00 80 00 00 00 B9 DF  pass 
2026/8/6 14:57:57.987 [TX] - 56 69 56 4F 74 65 63 68 32 00 80 01 00 58 41 30 30 38 38 4B 30 54 44 30 30 4E 30 30 30 30 43 44 32 46 43 43 36 44 37 39 32 44 33 42 32 34 46 30 38 33 37 42 30 33 32 44 30 38 36 38 46 45 43 39 46 44 44 43 39 43 32 36 33 31 31 35 46 30 44 43 43 34 42 44 42 35 37 43 36 30 33 43 34 32 46 34 41 35 30 34 34 39 97 D5 
2026/8/6 14:57:58.101 [RX] - 56 69 56 4F 74 65 63 68 32 00 80 00 00 00 B9 DF  pass 
2026/8/6 14:57:58.331 [TX] - 56 69 56 4F 74 65 63 68 32 00 81 00 00 71 05 41 30 31 31 32 44 30 54 45 30 30 4E 30 31 30 30 4B 53 31 38 36 32 39 39 34 39 30 31 32 43 30 30 30 34 36 30 30 30 30 31 39 34 34 38 36 43 33 31 36 38 43 41 31 46 42 34 41 38 30 39 45 36 33 39 46 46 39 43 33 42 37 32 36 45 32 34 37 43 35 39 30 42 32 32 38 43 35 44 32 32 36 35 30 46 36 36 39 37 45 38 34 37 41 32 46 38 41 32 37 33 39 33 47 AE 
2026/8/6 14:57:58.481 [RX] - 56 69 56 4F 74 65 63 68 32 00 81 00 00 00 CF 6B  pass 
2026/8/6 14:57:58.709 [TX] - 56 69 56 4F 74 65 63 68 32 00 C7 36 00 01 03 6C 97 
2026/8/6 14:57:58.728 [RX] - 56 69 56 4F 74 65 63 68 32 00 C7 00 00 00 86 6E  pass pass pass  

Auto Poll

2026/8/6 14:57:58.969 [TX] - 56 69 56 4F 74 65 63 68 32 00 01 01 00 01 00 F6 24 
2026/8/6 14:57:58.989 [RX] - 56 69 56 4F 74 65 63 68 32 00 01 00 00 00 12 53  pass  

--- Discover

2026/8/6 14:58:03.021 [TX] - 56 69 56 4F 74 65 63 68 32 00 03 40 00 00 96 E2 
2026/8/6 14:58:03.047 [RX] - 56 69 56 4F 74 65 63 68 32 00 03 00 01 79 C8 DF EE 25 02 00 11 DF EE 23 82 01 25 02 1F 01 80 1F 44 28 00 A3 9B 25 2A 36 35 31 30 2A 2A 2A 2A 2A 2A 2A 2A 30 30 32 36 5E 43 41 52 44 2F 49 4D 41 47 45 20 30 33 20 20 20 20 20 20 20 20 20 20 20 20 20 5E 31 37 31 32 2A 2A 2A 2A 2A 2A 2A 2A 2A 2A 2A 2A 2A 2A 2A 2A 3F 2A 3B 36 35 31 30 2A 2A 2A 2A 2A 2A 2A 2A 30 30 32 36 3D 31 37 31 32 2A 2A 2A 2A 2A 2A 2A 2A 2A 2A 2A 2A 2A 2A 2A 2A 3F 2A C7 27 B0 60 AB FC 2B 62 4C 4D 6E 59 96 E2 2D 84 8D 87 D6 E3 82 0D 57 37 4F 6D 3F B3 1F 75 06 1A DC 17 89 FB C3 C7 50 C7 5D 06 65 00 04 08 CA B4 CA 0C 62 47 62 EE 86 0F BD 54 17 E0 FD D5 7E 1D A9 C9 FA 98 FB DF 49 CA CE 1B DC 33 AA 1A DD A5 D6 52 C6 FC CF C5 DC A9 46 A8 07 1F 1C 13 1B 7F E6 5F 75 06 01 CE C6 1E 8A 64 0E 1C 2B EC 80 D4 51 48 AB 78 7E 8B 8D 05 DC 8A C9 07 9E FC 98 53 27 0B ED B9 10 02 52 D6 AA D8 46 CB 85 69 24 FE 7C 93 52 0B 36 DA D9 25 36 30 36 54 31 32 33 34 35 36 62 99 49 01 2C 00 04 60 00 01 82 96 03 9F 39 01 90 FF EE 01 04 DF 30 01 0C DF EE 26 01 C8 DF EF  Discover MagStripe card - pass 4C 06 00 27 00 00 00 00 DF EF 4D 28 CE 1B DC 33 AA 1A DD A5 D6 52 C6 FC CF C5 DC A9 46 A8 07 1F 1C 13 1B 7F E6 5F 75 06 01 CE C6 1E 42 71 F3 A3 EF 56 39 CA 10 9E  

Poll on Demand

2026/8/6 14:58:03.967 [TX] - 56 69 56 4F 74 65 63 68 32 00 01 01 00 01 01 D7 34 
2026/8/6 14:58:03.987 [RX] - 56 69 56 4F 74 65 63 68 32 00 01 00 00 00 12 53  pass  

 Erase All Keys...

2026/8/6 14:58:04.019 [TX] - 56 69 56 4F 74 65 63 68 32 00 83 00 00 00 03 22 
2026/8/6 14:58:04.037 [RX] - 56 69 56 4F 74 65 63 68 32 00 83 00 00 00 22 03  pass  

 Set DUKPT Key Encryption Type...

2026/8/6 14:58:04.281 [TX] - 56 69 56 4F 74 65 63 68 32 00 C7 32 00 01 00 6D FE 
2026/8/6 14:58:04.301 [RX] - 56 69 56 4F 74 65 63 68 32 00 C7 00 00 00 86 6E  pass pass pass  

 Get DUKPT Key Encryption Type...

2026/8/6 14:58:04.529 [TX] - 56 69 56 4F 74 65 63 68 32 00 C7 33 00 00 1A 9B 
2026/8/6 14:58:04.548 [RX] - 56 69 56 4F 74 65 63 68 32 00 C7 00 00 01 00 AC 7F  pass pass  

 Loading DUKPT key...

2026/8/6 14:58:04.783 [TX] - 56 69 56 4F 74 65 63 68 32 00 80 00 00 65 30 45 43 36 30 46 33 35 31 34 37 45 43 41 30 30 38 38 4B 30 54 44 30 30 4E 30 30 30 30 30 30 38 30 39 43 30 37 41 39 39 31 44 43 38 30 33 34 45 43 31 32 45 31 36 39 43 30 44 35 34 35 35 44 45 41 32 39 34 35 31 34 32 34 37 38 30 38 30 35 36 38 32 33 34 39 38 37 31 32 30 32 33 34 30 30 30 30 30 30 30 30 12 43 
2026/8/6 14:58:04.908 [RX] - 56 69 56 4F 74 65 63 68 32 00 80 00 00 00 B9 DF  pass 
2026/8/6 14:58:05.136 [TX] - 56 69 56 4F 74 65 63 68 32 00 80 00 00 65 31 34 43 45 32 35 35 35 31 34 37 45 43 41 30 30 38 38 4B 30 54 44 30 30 4E 30 30 30 30 30 30 38 30 46 35 30 36 46 36 41 33 44 34 30 38 39 39 45 30 35 35 42 42 35 42 39 45 33 41 44 44 36 30 30 42 38 38 35 33 32 37 37 39 32 32 34 36 30 39 32 36 32 33 41 39 39 37 31 32 36 32 33 34 30 30 30 30 30 30 30 30 35 7F 
2026/8/6 14:58:05.262 [RX] - 56 69 56 4F 74 65 63 68 32 00 80 00 00 00 B9 DF  pass 
2026/8/6 14:58:05.495 [TX] - 56 69 56 4F 74 65 63 68 32 00 80 01 00 58 41 30 30 38 38 4B 30 54 44 30 30 4E 30 30 30 30 43 44 32 46 43 43 36 44 37 39 32 44 33 42 32 34 46 30 38 33 37 42 30 33 32 44 30 38 36 38 46 45 43 39 46 44 44 43 39 43 32 36 33 31 31 35 46 30 44 43 43 34 42 44 42 35 37 43 36 30 33 43 34 32 46 34 41 35 30 34 34 39 97 D5 
2026/8/6 14:58:05.608 [RX] - 56 69 56 4F 74 65 63 68 32 00 80 00 00 00 B9 DF  pass 
2026/8/6 14:58:05.838 [TX] - 56 69 56 4F 74 65 63 68 32 00 81 00 00 71 05 41 30 31 31 32 44 30 54 45 30 30 4E 30 31 30 30 4B 53 31 38 36 32 39 39 34 39 30 31 32 43 30 30 30 34 36 30 30 30 30 31 39 34 34 38 36 43 33 31 36 38 43 41 31 46 42 34 41 38 30 39 45 36 33 39 46 46 39 43 33 42 37 32 36 45 32 34 37 43 35 39 30 42 32 32 38 43 35 44 32 32 36 35 30 46 36 36 39 37 45 38 34 37 41 32 46 38 41 32 37 33 39 33 47 AE 
2026/8/6 14:58:05.989 [RX] - 56 69 56 4F 74 65 63 68 32 00 81 00 00 00 CF 6B  pass 
2026/8/6 14:58:06.211 [TX] - 56 69 56 4F 74 65 63 68 32 00 C7 36 00 01 03 6C 97 
2026/8/6 14:58:06.230 [RX] - 56 69 56 4F 74 65 63 68 32 00 C7 00 00 00 86 6E  pass pass pass  

Auto Poll

2026/8/6 14:58:06.469 [TX] - 56 69 56 4F 74 65 63 68 32 00 01 01 00 01 00 F6 24 
2026/8/6 14:58:06.489 [RX] - 56 69 56 4F 74 65 63 68 32 00 01 00 00 00 12 53  pass  

--- JIS1

2026/8/6 14:58:10.522 [TX] - 56 69 56 4F 74 65 63 68 32 00 03 40 00 00 96 E2 
2026/8/6 14:58:10.548 [RX] - 56 69 56 4F 74 65 63 68 32 00 03 00 00 FE C8 DF EE 25 02 00 11 DF EE 23 81 E1 02 DB 00 86 1F 48 28 00 82 9B 3B 34 33 32 32 30 36 2A 2A 2A 2A 2A 2A 2A 2A 2A 2A 2A 2A 2A 2A 2A 2A 2A 2A 2A 2A 2A 2A 2A 2A 2A 2A 2A 30 30 30 30 3F 3B 88 C9 A3 6E DD 0F A6 99 2C A2 29 61 EA B0 CA 2A C1 66 0E 63 45 74 03 9D 8F F0 CE 80 7F 72 DC 4B E3 F1 A4 09 59 71 EC 08 F4 0B F4 B9 E6 9B 9B 2D B6 4B E9 BE 7A 4C 91 CE 37 61 4D DB F2 B4 86 03 08 95 3E B0 A9 E4 3E 03 DA 1B F5 A0 AA B4 C9 6B B6 7D 9C 0C B7 FF 06 F5 C6 5F 35 B0 8E 97 0B CF 1E 46 87 67 8D 63 AA 01 CB 85 B9 0C 33 A2 E0 F0 22 53 BB 7F 5A 95 59 55 40 72 53 C1 06 B4 33 86 42 44 BF EC 69 E4 C5 3F F7 53 B0 2E 12 21 1F 5E 75 13 6C 76 51 C4 63 62 36 30 36 54 31 32 33 34 35 36 62 99 49 01 2C 00 04 60 00 01 CA 4E 03 9F 39 01 90 FF EE 01 04 DF 30 01 0C DF EE 26 01 C8 8B E2  JIS I MagStripe card - pass  

Poll on Demand

2026/8/6 14:58:11.340 [TX] - 56 69 56 4F 74 65 63 68 32 00 01 01 00 01 01 D7 34 
2026/8/6 14:58:11.360 [RX] - 56 69 56 4F 74 65 63 68 32 00 01 00 00 00 12 53  pass  

 Erase All Keys...

2026/8/6 14:58:11.383 [TX] - 56 69 56 4F 74 65 63 68 32 00 83 00 00 00 03 22 
2026/8/6 14:58:11.402 [RX] - 56 69 56 4F 74 65 63 68 32 00 83 00 00 00 22 03  pass  

 Set DUKPT Key Encryption Type...

2026/8/6 14:58:11.641 [TX] - 56 69 56 4F 74 65 63 68 32 00 C7 32 00 01 00 6D FE 
2026/8/6 14:58:11.660 [RX] - 56 69 56 4F 74 65 63 68 32 00 C7 00 00 00 86 6E  pass pass pass  

 Get DUKPT Key Encryption Type...

2026/8/6 14:58:11.891 [TX] - 56 69 56 4F 74 65 63 68 32 00 C7 33 00 00 1A 9B 
2026/8/6 14:58:11.910 [RX] - 56 69 56 4F 74 65 63 68 32 00 C7 00 00 01 00 AC 7F  pass pass  

 Loading DUKPT key...

2026/8/6 14:58:12.146 [TX] - 56 69 56 4F 74 65 63 68 32 00 80 00 00 65 30 45 43 36 30 46 33 35 31 34 37 45 43 41 30 30 38 38 4B 30 54 44 30 30 4E 30 30 30 30 30 30 38 30 39 43 30 37 41 39 39 31 44 43 38 30 33 34 45 43 31 32 45 31 36 39 43 30 44 35 34 35 35 44 45 41 32 39 34 35 31 34 32 34 37 38 30 38 30 35 36 38 32 33 34 39 38 37 31 32 30 32 33 34 30 30 30 30 30 30 30 30 12 43 
2026/8/6 14:58:12.271 [RX] - 56 69 56 4F 74 65 63 68 32 00 80 00 00 00 B9 DF  pass 
2026/8/6 14:58:12.494 [TX] - 56 69 56 4F 74 65 63 68 32 00 80 00 00 65 31 34 43 45 32 35 35 35 31 34 37 45 43 41 30 30 38 38 4B 30 54 44 30 30 4E 30 30 30 30 30 30 38 30 46 35 30 36 46 36 41 33 44 34 30 38 39 39 45 30 35 35 42 42 35 42 39 45 33 41 44 44 36 30 30 42 38 38 35 33 32 37 37 39 32 32 34 36 30 39 32 36 32 33 41 39 39 37 31 32 36 32 33 34 30 30 30 30 30 30 30 30 35 7F 
2026/8/6 14:58:12.619 [RX] - 56 69 56 4F 74 65 63 68 32 00 80 00 00 00 B9 DF  pass 
2026/8/6 14:58:12.838 [TX] - 56 69 56 4F 74 65 63 68 32 00 80 01 00 58 41 30 30 38 38 4B 30 54 44 30 30 4E 30 30 30 30 43 44 32 46 43 43 36 44 37 39 32 44 33 42 32 34 46 30 38 33 37 42 30 33 32 44 30 38 36 38 46 45 43 39 46 44 44 43 39 43 32 36 33 31 31 35 46 30 44 43 43 34 42 44 42 35 37 43 36 30 33 43 34 32 46 34 41 35 30 34 34 39 97 D5 
2026/8/6 14:58:12.952 [RX] - 56 69 56 4F 74 65 63 68 32 00 80 00 00 00 B9 DF  pass 
2026/8/6 14:58:13.182 [TX] - 56 69 56 4F 74 65 63 68 32 00 81 00 00 71 05 41 30 31 31 32 44 30 54 45 30 30 4E 30 31 30 30 4B 53 31 38 36 32 39 39 34 39 30 31 32 43 30 30 30 34 36 30 30 30 30 31 39 34 34 38 36 43 33 31 36 38 43 41 31 46 42 34 41 38 30 39 45 36 33 39 46 46 39 43 33 42 37 32 36 45 32 34 37 43 35 39 30 42 32 32 38 43 35 44 32 32 36 35 30 46 36 36 39 37 45 38 34 37 41 32 46 38 41 32 37 33 39 33 47 AE 
2026/8/6 14:58:13.333 [RX] - 56 69 56 4F 74 65 63 68 32 00 81 00 00 00 CF 6B  pass 
2026/8/6 14:58:13.558 [TX] - 56 69 56 4F 74 65 63 68 32 00 C7 36 00 01 03 6C 97 
2026/8/6 14:58:13.577 [RX] - 56 69 56 4F 74 65 63 68 32 00 C7 00 00 00 86 6E  pass pass pass  

Auto Poll

2026/8/6 14:58:13.818 [TX] - 56 69 56 4F 74 65 63 68 32 00 01 01 00 01 00 F6 24 
2026/8/6 14:58:13.838 [RX] - 56 69 56 4F 74 65 63 68 32 00 01 00 00 00 12 53  pass  

--- JIS2

2026/8/6 14:58:17.896 [TX] - 56 69 56 4F 74 65 63 68 32 00 03 40 00 00 96 E2 
2026/8/6 14:58:17.922 [RX] - 56 69 56 4F 74 65 63 68 32 00 03 00 00 E2 C8 DF EE 25 02 00 11 DF EE 23 81 C5 02 BF 00 85 17 00 48 00 82 92 3B 31 32 33 34 35 36 2A 2A 2A 2A 2A 2A 2A 2A 2A 2A 2A 2A 2A 2A 2A 2A 2A 2A 2A 2A 2A 2A 2A 2A 2A 2A 2A 2A 2A 2A 2A 2A 2A 2A 2A 2A 2A 2A 2A 2A 2A 2A 2A 2A 2A 2A 2A 2A 2A 2A 2A 2A 2A 2A 2A 2A 2A 2A 2A 36 37 38 39 3F 4E F0 0F F8 68 D8 2A C5 AE 5C 28 C8 6D 79 19 BF 19 B0 BE F3 09 0D BB A9 96 1F 0E 99 6C 5F 21 93 D6 FF 07 91 FD B5 75 E9 BE 5B 85 9F 21 02 16 11 89 FA BD 0B 3F C2 D8 B7 59 F8 14 BC F0 99 86 0E C0 0B 07 8E B2 4E 56 9B C7 24 58 0F 0D C0 E6 79 5C 99 D3 47 72 24 57 F8 A2 FF D6 9D 95 36 30 36 54 31 32 33 34 35 36 62 99 49 01 2C 00 04 60 00 01 10 B2 03 9F 39 01 90 FF EE 01 04 DF 30 01 0C DF EE 26 01 C8 BE EE  JIS II MagStripe card - pass  

Poll on Demand

2026/8/6 14:58:18.696 [TX] - 56 69 56 4F 74 65 63 68 32 00 01 01 00 01 01 D7 34 
2026/8/6 14:58:18.715 [RX] - 56 69 56 4F 74 65 63 68 32 00 01 00 00 00 12 53  pass  

 Erase All Keys...

2026/8/6 14:58:18.739 [TX] - 56 69 56 4F 74 65 63 68 32 00 83 00 00 00 03 22 
2026/8/6 14:58:18.758 [RX] - 56 69 56 4F 74 65 63 68 32 00 83 00 00 00 22 03  pass  

 Set DUKPT Key Encryption Type...

2026/8/6 14:58:18.995 [TX] - 56 69 56 4F 74 65 63 68 32 00 C7 32 00 01 00 6D FE 
2026/8/6 14:58:19.015 [RX] - 56 69 56 4F 74 65 63 68 32 00 C7 00 00 00 86 6E  pass pass pass  

 Get DUKPT Key Encryption Type...

2026/8/6 14:58:19.248 [TX] - 56 69 56 4F 74 65 63 68 32 00 C7 33 00 00 1A 9B 
2026/8/6 14:58:19.266 [RX] - 56 69 56 4F 74 65 63 68 32 00 C7 00 00 01 00 AC 7F  pass pass  

 Loading DUKPT key...

2026/8/6 14:58:19.499 [TX] - 56 69 56 4F 74 65 63 68 32 00 80 00 00 65 30 45 43 36 30 46 33 35 31 34 37 45 43 41 30 30 38 38 4B 30 54 44 30 30 4E 30 30 30 30 30 30 38 30 39 43 30 37 41 39 39 31 44 43 38 30 33 34 45 43 31 32 45 31 36 39 43 30 44 35 34 35 35 44 45 41 32 39 34 35 31 34 32 34 37 38 30 38 30 35 36 38 32 33 34 39 38 37 31 32 30 32 33 34 30 30 30 30 30 30 30 30 12 43 
2026/8/6 14:58:19.624 [RX] - 56 69 56 4F 74 65 63 68 32 00 80 00 00 00 B9 DF  pass 
2026/8/6 14:58:19.851 [TX] - 56 69 56 4F 74 65 63 68 32 00 80 00 00 65 31 34 43 45 32 35 35 35 31 34 37 45 43 41 30 30 38 38 4B 30 54 44 30 30 4E 30 30 30 30 30 30 38 30 46 35 30 36 46 36 41 33 44 34 30 38 39 39 45 30 35 35 42 42 35 42 39 45 33 41 44 44 36 30 30 42 38 38 35 33 32 37 37 39 32 32 34 36 30 39 32 36 32 33 41 39 39 37 31 32 36 32 33 34 30 30 30 30 30 30 30 30 35 7F 
2026/8/6 14:58:19.976 [RX] - 56 69 56 4F 74 65 63 68 32 00 80 00 00 00 B9 DF  pass 
2026/8/6 14:58:20.217 [TX] - 56 69 56 4F 74 65 63 68 32 00 80 01 00 58 41 30 30 38 38 4B 30 54 44 30 30 4E 30 30 30 30 43 44 32 46 43 43 36 44 37 39 32 44 33 42 32 34 46 30 38 33 37 42 30 33 32 44 30 38 36 38 46 45 43 39 46 44 44 43 39 43 32 36 33 31 31 35 46 30 44 43 43 34 42 44 42 35 37 43 36 30 33 43 34 32 46 34 41 35 30 34 34 39 97 D5 
2026/8/6 14:58:20.331 [RX] - 56 69 56 4F 74 65 63 68 32 00 80 00 00 00 B9 DF  pass 
2026/8/6 14:58:20.555 [TX] - 56 69 56 4F 74 65 63 68 32 00 81 00 00 71 05 41 30 31 31 32 44 30 54 45 30 30 4E 30 31 30 30 4B 53 31 38 36 32 39 39 34 39 30 31 32 43 30 30 30 34 36 30 30 30 30 31 39 34 34 38 36 43 33 31 36 38 43 41 31 46 42 34 41 38 30 39 45 36 33 39 46 46 39 43 33 42 37 32 36 45 32 34 37 43 35 39 30 42 32 32 38 43 35 44 32 32 36 35 30 46 36 36 39 37 45 38 34 37 41 32 46 38 41 32 37 33 39 33 47 AE 
2026/8/6 14:58:20.706 [RX] - 56 69 56 4F 74 65 63 68 32 00 81 00 00 00 CF 6B  pass 
2026/8/6 14:58:20.934 [TX] - 56 69 56 4F 74 65 63 68 32 00 C7 36 00 01 03 6C 97 
2026/8/6 14:58:20.953 [RX] - 56 69 56 4F 74 65 63 68 32 00 C7 00 00 00 86 6E  pass pass pass  

Auto Poll

2026/8/6 14:58:21.191 [TX] - 56 69 56 4F 74 65 63 68 32 00 01 01 00 01 00 F6 24 
2026/8/6 14:58:21.210 [RX] - 56 69 56 4F 74 65 63 68 32 00 01 00 00 00 12 53  pass  

--- AAMVA

2026/8/6 14:58:25.248 [TX] - 56 69 56 4F 74 65 63 68 32 00 03 40 00 00 96 E2 
2026/8/6 14:58:25.274 [RX] - 56 69 56 4F 74 65 63 68 32 00 03 00 00 E1 C8 DF EE 25 02 00 11 DF EE 23 81 C4 02 BE 00 81 1F 30 23 00 82 9B 3B 33 35 35 35 35 35 2A 2A 2A 2A 2A 2A 2A 2A 2A 2A 2A 2A 2A 2A 2A 2A 2A 2A 2A 2A 2A 2A 30 33 30 33 3F 3F 75 0A 7E B0 CC B7 5E 2A B3 8A A8 2D B7 27 5B 78 A6 49 5D 0E A9 E4 89 04 08 9F 65 96 FF D0 77 9F B7 2D C3 2E D7 00 84 3B A4 37 87 7A 7C 71 BB 34 FE 42 BA 7C 3B 42 E3 38 5A 8A 34 44 07 44 47 EC 9E 42 E0 24 A3 C2 5C 56 AF AC CE 26 EA 2A 2C 24 5B 64 79 3E 02 D5 7F 2F 48 80 A5 D4 6A 04 91 15 D9 C8 47 40 6B FB C6 3B F4 BD 57 4F C6 43 6C 69 1F 94 5A A3 C8 0D A2 0E 46 A0 28 5F 0C BA 2A 32 36 30 36 54 31 32 33 34 35 36 62 99 49 01 2C 00 04 60 00 01 4F 69 03 9F 39 01 90 FF EE 01 04 DF 30 01 0C DF EE 26 01 C8 0C 33  AAMVA MagStripe card - pass  

Poll on Demand

2026/8/6 14:58:26.042 [TX] - 56 69 56 4F 74 65 63 68 32 00 01 01 00 01 01 D7 34 
2026/8/6 14:58:26.063 [RX] - 56 69 56 4F 74 65 63 68 32 00 01 00 00 00 12 53  pass  

 Erase All Keys...

2026/8/6 14:58:26.088 [TX] - 56 69 56 4F 74 65 63 68 32 00 83 00 00 00 03 22 
2026/8/6 14:58:26.106 [RX] - 56 69 56 4F 74 65 63 68 32 00 83 00 00 00 22 03  pass  

 Set DUKPT Key Encryption Type...

2026/8/6 14:58:26.333 [TX] - 56 69 56 4F 74 65 63 68 32 00 C7 32 00 01 00 6D FE 
2026/8/6 14:58:26.352 [RX] - 56 69 56 4F 74 65 63 68 32 00 C7 00 00 00 86 6E  pass pass pass  

 Get DUKPT Key Encryption Type...

2026/8/6 14:58:26.585 [TX] - 56 69 56 4F 74 65 63 68 32 00 C7 33 00 00 1A 9B 
2026/8/6 14:58:26.604 [RX] - 56 69 56 4F 74 65 63 68 32 00 C7 00 00 01 00 AC 7F  pass pass  

 Loading DUKPT key...

2026/8/6 14:58:26.836 [TX] - 56 69 56 4F 74 65 63 68 32 00 80 00 00 65 30 45 43 36 30 46 33 35 31 34 37 45 43 41 30 30 38 38 4B 30 54 44 30 30 4E 30 30 30 30 30 30 38 30 39 43 30 37 41 39 39 31 44 43 38 30 33 34 45 43 31 32 45 31 36 39 43 30 44 35 34 35 35 44 45 41 32 39 34 35 31 34 32 34 37 38 30 38 30 35 36 38 32 33 34 39 38 37 31 32 30 32 33 34 30 30 30 30 30 30 30 30 12 43 
2026/8/6 14:58:26.960 [RX] - 56 69 56 4F 74 65 63 68 32 00 80 00 00 00 B9 DF  pass 
2026/8/6 14:58:27.184 [TX] - 56 69 56 4F 74 65 63 68 32 00 80 00 00 65 31 34 43 45 32 35 35 35 31 34 37 45 43 41 30 30 38 38 4B 30 54 44 30 30 4E 30 30 30 30 30 30 38 30 46 35 30 36 46 36 41 33 44 34 30 38 39 39 45 30 35 35 42 42 35 42 39 45 33 41 44 44 36 30 30 42 38 38 35 33 32 37 37 39 32 32 34 36 30 39 32 36 32 33 41 39 39 37 31 32 36 32 33 34 30 30 30 30 30 30 30 30 35 7F 
2026/8/6 14:58:27.309 [RX] - 56 69 56 4F 74 65 63 68 32 00 80 00 00 00 B9 DF  pass 
2026/8/6 14:58:27.544 [TX] - 56 69 56 4F 74 65 63 68 32 00 80 01 00 58 41 30 30 38 38 4B 30 54 44 30 30 4E 30 30 30 30 43 44 32 46 43 43 36 44 37 39 32 44 33 42 32 34 46 30 38 33 37 42 30 33 32 44 30 38 36 38 46 45 43 39 46 44 44 43 39 43 32 36 33 31 31 35 46 30 44 43 43 34 42 44 42 35 37 43 36 30 33 43 34 32 46 34 41 35 30 34 34 39 97 D5 
2026/8/6 14:58:27.658 [RX] - 56 69 56 4F 74 65 63 68 32 00 80 00 00 00 B9 DF  pass 
2026/8/6 14:58:27.890 [TX] - 56 69 56 4F 74 65 63 68 32 00 81 00 00 71 05 41 30 31 31 32 44 30 54 45 30 30 4E 30 31 30 30 4B 53 31 38 36 32 39 39 34 39 30 31 32 43 30 30 30 34 36 30 30 30 30 31 39 34 34 38 36 43 33 31 36 38 43 41 31 46 42 34 41 38 30 39 45 36 33 39 46 46 39 43 33 42 37 32 36 45 32 34 37 43 35 39 30 42 32 32 38 43 35 44 32 32 36 35 30 46 36 36 39 37 45 38 34 37 41 32 46 38 41 32 37 33 39 33 47 AE 
2026/8/6 14:58:28.041 [RX] - 56 69 56 4F 74 65 63 68 32 00 81 00 00 00 CF 6B  pass 
2026/8/6 14:58:28.269 [TX] - 56 69 56 4F 74 65 63 68 32 00 C7 36 00 01 03 6C 97 
2026/8/6 14:58:28.288 [RX] - 56 69 56 4F 74 65 63 68 32 00 C7 00 00 00 86 6E  pass pass pass  

Auto Poll

2026/8/6 14:58:28.524 [TX] - 56 69 56 4F 74 65 63 68 32 00 01 01 00 01 00 F6 24 
2026/8/6 14:58:28.544 [RX] - 56 69 56 4F 74 65 63 68 32 00 01 00 00 00 12 53  pass  

--- Gift card

2026/8/6 14:58:32.581 [TX] - 56 69 56 4F 74 65 63 68 32 00 03 40 00 00 96 E2 
2026/8/6 14:58:32.607 [RX] - 56 69 56 4F 74 65 63 68 32 00 03 00 01 68 C8 DF EE 25 02 00 11 DF EE 23 82 01 14 02 0E 01 80 1F 3D 26 00 83 9B 25 2A 36 30 30 36 2A 2A 2A 2A 2A 2A 2A 2A 2A 2A 2A 37 31 34 37 5E 30 37 36 37 35 30 30 39 39 30 32 24 30 30 30 30 30 24 20 20 20 20 20 20 20 20 5E 38 30 31 32 2A 2A 2A 2A 2A 2A 3F 2A 3B 36 30 30 36 2A 2A 2A 2A 2A 2A 2A 2A 2A 2A 2A 37 31 34 37 3D 38 30 31 32 2A 2A 2A 2A 2A 2A 2A 2A 2A 2A 2A 3F 2A F9 77 33 C0 CF 91 D9 6B 0C A9 4F 94 A1 A0 D2 5C C4 F6 E1 E2 FD 2C 89 95 79 E2 91 C1 61 54 FE 00 EB 36 8F 95 04 51 B8 BD F8 8C 08 4C 7B BF 7F 2C C1 DD 3E 2D 73 E0 3E 5A D5 9D 27 FA 05 0B D2 9D 7C E5 05 DC 8A 63 65 57 23 59 99 0C 93 2C F1 8A 31 A7 67 BA D1 6A 5E 94 00 9E 3F F3 6F 1A 87 BE 11 AE B2 68 1B 11 3A C0 4F 96 8D 11 4A 72 0C 4F 3F 7F 90 8C E8 2E DC 54 F5 7D EE DF F5 7B 99 7B D5 25 11 FE 3A 50 34 80 4E 98 D6 B4 D6 2C C9 45 36 30 36 54 31 32 33 34 35 36 62 99 49 01 2C 00 04 60 00 01 5C 70 03 9F 39 01 90 FF EE 01 04 DF 30 01 0C DF EE 26 01 C8 DF EF  Gift card MagStripe card - pass 4C 06 00 25 00 00 00 00 DF EF 4D 28 7C E5 05 DC 8A 63 65 57 23 59 99 0C 93 2C F1 8A 31 A7 67 BA D1 6A 5E 94 00 9E 3F F3 6F 1A 87 BE 72 73 0A 1D 19 77 7E EF EB B0  

Poll on Demand

2026/8/6 14:58:33.460 [TX] - 56 69 56 4F 74 65 63 68 32 00 01 01 00 01 01 D7 34 
2026/8/6 14:58:33.480 [RX] - 56 69 56 4F 74 65 63 68 32 00 01 00 00 00 12 53  pass  

 Erase All Keys...

2026/8/6 14:58:33.506 [TX] - 56 69 56 4F 74 65 63 68 32 00 83 00 00 00 03 22 
2026/8/6 14:58:33.524 [RX] - 56 69 56 4F 74 65 63 68 32 00 83 00 00 00 22 03  pass  

 Set DUKPT Key Encryption Type...

2026/8/6 14:58:33.774 [TX] - 56 69 56 4F 74 65 63 68 32 00 C7 32 00 01 00 6D FE 
2026/8/6 14:58:33.793 [RX] - 56 69 56 4F 74 65 63 68 32 00 C7 00 00 00 86 6E  pass pass pass  

 Get DUKPT Key Encryption Type...

2026/8/6 14:58:34.025 [TX] - 56 69 56 4F 74 65 63 68 32 00 C7 33 00 00 1A 9B 
2026/8/6 14:58:34.043 [RX] - 56 69 56 4F 74 65 63 68 32 00 C7 00 00 01 00 AC 7F  pass pass  

 Loading DUKPT key...

2026/8/6 14:58:34.279 [TX] - 56 69 56 4F 74 65 63 68 32 00 80 00 00 65 30 45 43 36 30 46 33 35 31 34 37 45 43 41 30 30 38 38 4B 30 54 44 30 30 4E 30 30 30 30 30 30 38 30 39 43 30 37 41 39 39 31 44 43 38 30 33 34 45 43 31 32 45 31 36 39 43 30 44 35 34 35 35 44 45 41 32 39 34 35 31 34 32 34 37 38 30 38 30 35 36 38 32 33 34 39 38 37 31 32 30 32 33 34 30 30 30 30 30 30 30 30 12 43 
2026/8/6 14:58:34.404 [RX] - 56 69 56 4F 74 65 63 68 32 00 80 00 00 00 B9 DF  pass 
2026/8/6 14:58:34.643 [TX] - 56 69 56 4F 74 65 63 68 32 00 80 00 00 65 31 34 43 45 32 35 35 35 31 34 37 45 43 41 30 30 38 38 4B 30 54 44 30 30 4E 30 30 30 30 30 30 38 30 46 35 30 36 46 36 41 33 44 34 30 38 39 39 45 30 35 35 42 42 35 42 39 45 33 41 44 44 36 30 30 42 38 38 35 33 32 37 37 39 32 32 34 36 30 39 32 36 32 33 41 39 39 37 31 32 36 32 33 34 30 30 30 30 30 30 30 30 35 7F 
2026/8/6 14:58:34.769 [RX] - 56 69 56 4F 74 65 63 68 32 00 80 00 00 00 B9 DF  pass 
2026/8/6 14:58:35.000 [TX] - 56 69 56 4F 74 65 63 68 32 00 80 01 00 58 41 30 30 38 38 4B 30 54 44 30 30 4E 30 30 30 30 43 44 32 46 43 43 36 44 37 39 32 44 33 42 32 34 46 30 38 33 37 42 30 33 32 44 30 38 36 38 46 45 43 39 46 44 44 43 39 43 32 36 33 31 31 35 46 30 44 43 43 34 42 44 42 35 37 43 36 30 33 43 34 32 46 34 41 35 30 34 34 39 97 D5 
2026/8/6 14:58:35.114 [RX] - 56 69 56 4F 74 65 63 68 32 00 80 00 00 00 B9 DF  pass 
2026/8/6 14:58:35.344 [TX] - 56 69 56 4F 74 65 63 68 32 00 81 00 00 71 05 41 30 31 31 32 44 30 54 45 30 30 4E 30 31 30 30 4B 53 31 38 36 32 39 39 34 39 30 31 32 43 30 30 30 34 36 30 30 30 30 31 39 34 34 38 36 43 33 31 36 38 43 41 31 46 42 34 41 38 30 39 45 36 33 39 46 46 39 43 33 42 37 32 36 45 32 34 37 43 35 39 30 42 32 32 38 43 35 44 32 32 36 35 30 46 36 36 39 37 45 38 34 37 41 32 46 38 41 32 37 33 39 33 47 AE 
2026/8/6 14:58:35.494 [RX] - 56 69 56 4F 74 65 63 68 32 00 81 00 00 00 CF 6B  pass 
2026/8/6 14:58:35.733 [TX] - 56 69 56 4F 74 65 63 68 32 00 C7 36 00 01 03 6C 97 
2026/8/6 14:58:35.752 [RX] - 56 69 56 4F 74 65 63 68 32 00 C7 00 00 00 86 6E  pass pass pass  

Auto Poll

2026/8/6 14:58:35.991 [TX] - 56 69 56 4F 74 65 63 68 32 00 01 01 00 01 00 F6 24 
2026/8/6 14:58:36.011 [RX] - 56 69 56 4F 74 65 63 68 32 00 01 00 00 00 12 53  pass  

--- Real card (PAN=11)

2026/8/6 14:58:40.043 [TX] - 56 69 56 4F 74 65 63 68 32 00 03 40 00 00 96 E2 
2026/8/6 14:58:40.069 [RX] - 56 69 56 4F 74 65 63 68 32 00 03 00 00 91 C8 DF EE 25 02 00 11 DF EE 23 75 02 6F 00 83 0F 3B 00 00 80 89 FB 74 0D E9 C0 1A AA 04 B9 35 3C 74 A4 88 A7 4E FB 2C 22 E0 4E 2C C6 0B 7D 4A CC CA 6A 04 5C DD BC 41 76 4E BE 81 D2 46 20 9F FF A6 11 1B BE 4C 0F 35 C7 F8 0D 20 39 64 27 1C 46 CF 4E 6E E9 8A A7 DA 3C 9C FD 62 17 EE B3 DB 63 2A 08 93 7B 4C 53 89 78 D3 36 30 36 54 31 32 33 34 35 36 62 99 49 01 2C 00 04 60 00 01 EE 5C 03 9F 39 01 90 FF EE 01 04 DF 30 01 0C DF EE 26 01 C8 22 54  Real card (PAN=11) MagStripe card - pass  

Poll on Demand

2026/8/6 14:58:40.753 [TX] - 56 69 56 4F 74 65 63 68 32 00 01 01 00 01 01 D7 34 
2026/8/6 14:58:40.773 [RX] - 56 69 56 4F 74 65 63 68 32 00 01 00 00 00 12 53  pass  

 Erase All Keys...

2026/8/6 14:58:40.798 [TX] - 56 69 56 4F 74 65 63 68 32 00 83 00 00 00 03 22 
2026/8/6 14:58:40.817 [RX] - 56 69 56 4F 74 65 63 68 32 00 83 00 00 00 22 03  pass  

 Set DUKPT Key Encryption Type...

2026/8/6 14:58:41.053 [TX] - 56 69 56 4F 74 65 63 68 32 00 C7 32 00 01 00 6D FE 
2026/8/6 14:58:41.073 [RX] - 56 69 56 4F 74 65 63 68 32 00 C7 00 00 00 86 6E  pass pass pass  

 Get DUKPT Key Encryption Type...

2026/8/6 14:58:41.300 [TX] - 56 69 56 4F 74 65 63 68 32 00 C7 33 00 00 1A 9B 
2026/8/6 14:58:41.318 [RX] - 56 69 56 4F 74 65 63 68 32 00 C7 00 00 01 00 AC 7F  pass pass  

 Loading DUKPT key...

2026/8/6 14:58:41.551 [TX] - 56 69 56 4F 74 65 63 68 32 00 80 00 00 65 30 45 43 36 30 46 33 35 31 34 37 45 43 41 30 30 38 38 4B 30 54 44 30 30 4E 30 30 30 30 30 30 38 30 39 43 30 37 41 39 39 31 44 43 38 30 33 34 45 43 31 32 45 31 36 39 43 30 44 35 34 35 35 44 45 41 32 39 34 35 31 34 32 34 37 38 30 38 30 35 36 38 32 33 34 39 38 37 31 32 30 32 33 34 30 30 30 30 30 30 30 30 12 43 
2026/8/6 14:58:41.676 [RX] - 56 69 56 4F 74 65 63 68 32 00 80 00 00 00 B9 DF  pass 
2026/8/6 14:58:41.904 [TX] - 56 69 56 4F 74 65 63 68 32 00 80 00 00 65 31 34 43 45 32 35 35 35 31 34 37 45 43 41 30 30 38 38 4B 30 54 44 30 30 4E 30 30 30 30 30 30 38 30 46 35 30 36 46 36 41 33 44 34 30 38 39 39 45 30 35 35 42 42 35 42 39 45 33 41 44 44 36 30 30 42 38 38 35 33 32 37 37 39 32 32 34 36 30 39 32 36 32 33 41 39 39 37 31 32 36 32 33 34 30 30 30 30 30 30 30 30 35 7F 
2026/8/6 14:58:42.029 [RX] - 56 69 56 4F 74 65 63 68 32 00 80 00 00 00 B9 DF  pass 
2026/8/6 14:58:42.264 [TX] - 56 69 56 4F 74 65 63 68 32 00 80 01 00 58 41 30 30 38 38 4B 30 54 44 30 30 4E 30 30 30 30 43 44 32 46 43 43 36 44 37 39 32 44 33 42 32 34 46 30 38 33 37 42 30 33 32 44 30 38 36 38 46 45 43 39 46 44 44 43 39 43 32 36 33 31 31 35 46 30 44 43 43 34 42 44 42 35 37 43 36 30 33 43 34 32 46 34 41 35 30 34 34 39 97 D5 
2026/8/6 14:58:42.378 [RX] - 56 69 56 4F 74 65 63 68 32 00 80 00 00 00 B9 DF  pass 
2026/8/6 14:58:42.606 [TX] - 56 69 56 4F 74 65 63 68 32 00 81 00 00 71 05 41 30 31 31 32 44 30 54 45 30 30 4E 30 31 30 30 4B 53 31 38 36 32 39 39 34 39 30 31 32 43 30 30 30 34 36 30 30 30 30 31 39 34 34 38 36 43 33 31 36 38 43 41 31 46 42 34 41 38 30 39 45 36 33 39 46 46 39 43 33 42 37 32 36 45 32 34 37 43 35 39 30 42 32 32 38 43 35 44 32 32 36 35 30 46 36 36 39 37 45 38 34 37 41 32 46 38 41 32 37 33 39 33 47 AE 
2026/8/6 14:58:42.757 [RX] - 56 69 56 4F 74 65 63 68 32 00 81 00 00 00 CF 6B  pass 
2026/8/6 14:58:42.993 [TX] - 56 69 56 4F 74 65 63 68 32 00 C7 36 00 01 03 6C 97 
2026/8/6 14:58:43.013 [RX] - 56 69 56 4F 74 65 63 68 32 00 C7 00 00 00 86 6E  pass pass pass  

Auto Poll

2026/8/6 14:58:43.249 [TX] - 56 69 56 4F 74 65 63 68 32 00 01 01 00 01 00 F6 24 
2026/8/6 14:58:43.270 [RX] - 56 69 56 4F 74 65 63 68 32 00 01 00 00 00 12 53  pass  

--- Real card (PAN=12)

2026/8/6 14:58:47.303 [TX] - 56 69 56 4F 74 65 63 68 32 00 03 40 00 00 96 E2 
2026/8/6 14:58:47.330 [RX] - 56 69 56 4F 74 65 63 68 32 00 03 00 00 DA C8 DF EE 25 02 00 11 DF EE 23 81 AF 02 A9 00 80 0F 3A 00 00 A1 89 25 2A 34 30 37 31 2A 2A 2A 2A 30 34 36 39 5E 44 4F 57 2F 4A 4F 48 4E 20 5E 31 37 31 31 2A 2A 2A 2A 2A 2A 2A 2A 2A 2A 2A 2A 2A 2A 2A 2A 2A 2A 2A 2A 2A 2A 2A 2A 2A 2A 2A 3F 2A FB 74 0D E9 C0 1A AA 04 78 C2 46 EC 88 C8 A1 08 3D C4 B3 A2 7A A8 E4 6C B9 D5 43 BD CA 63 7D AD 07 4C DD D3 8B 78 FA 61 28 C3 ED F7 B2 00 B7 F5 90 6D 5B 11 14 3C C5 5B 03 EF 11 A5 FA CD 00 E6 2C D5 16 64 84 CA B1 DF 2A 0A 61 CB CB 1A 0C 82 05 67 C2 64 36 30 36 54 31 32 33 34 35 36 62 99 49 01 2C 00 04 60 00 01 CA C2 03 9F 39 01 90 FF EE 01 04 DF 30 01 0C DF EE 26 01 C8 DF EF  Real card (PAN=12) MagStripe card - pass 4C 06 00 00 00 00 00 00 DF EF 4D 00 7D DB  

Poll on Demand

2026/8/6 14:58:48.073 [TX] - 56 69 56 4F 74 65 63 68 32 00 01 01 00 01 01 D7 34 
2026/8/6 14:58:48.094 [RX] - 56 69 56 4F 74 65 63 68 32 00 01 00 00 00 12 53  pass  

 Erase All Keys...

2026/8/6 14:58:48.117 [TX] - 56 69 56 4F 74 65 63 68 32 00 83 00 00 00 03 22 
2026/8/6 14:58:48.136 [RX] - 56 69 56 4F 74 65 63 68 32 00 83 00 00 00 22 03  pass  

 Set DUKPT Key Encryption Type...

2026/8/6 14:58:48.372 [TX] - 56 69 56 4F 74 65 63 68 32 00 C7 32 00 01 00 6D FE 
2026/8/6 14:58:48.391 [RX] - 56 69 56 4F 74 65 63 68 32 00 C7 00 00 00 86 6E  pass pass pass  

 Get DUKPT Key Encryption Type...

2026/8/6 14:58:48.618 [TX] - 56 69 56 4F 74 65 63 68 32 00 C7 33 00 00 1A 9B 
2026/8/6 14:58:48.637 [RX] - 56 69 56 4F 74 65 63 68 32 00 C7 00 00 01 00 AC 7F  pass pass  

 Loading DUKPT key...

2026/8/6 14:58:48.869 [TX] - 56 69 56 4F 74 65 63 68 32 00 80 00 00 65 30 45 43 36 30 46 33 35 31 34 37 45 43 41 30 30 38 38 4B 30 54 44 30 30 4E 30 30 30 30 30 30 38 30 39 43 30 37 41 39 39 31 44 43 38 30 33 34 45 43 31 32 45 31 36 39 43 30 44 35 34 35 35 44 45 41 32 39 34 35 31 34 32 34 37 38 30 38 30 35 36 38 32 33 34 39 38 37 31 32 30 32 33 34 30 30 30 30 30 30 30 30 12 43 
2026/8/6 14:58:48.994 [RX] - 56 69 56 4F 74 65 63 68 32 00 80 00 00 00 B9 DF  pass 
2026/8/6 14:58:49.221 [TX] - 56 69 56 4F 74 65 63 68 32 00 80 00 00 65 31 34 43 45 32 35 35 35 31 34 37 45 43 41 30 30 38 38 4B 30 54 44 30 30 4E 30 30 30 30 30 30 38 30 46 35 30 36 46 36 41 33 44 34 30 38 39 39 45 30 35 35 42 42 35 42 39 45 33 41 44 44 36 30 30 42 38 38 35 33 32 37 37 39 32 32 34 36 30 39 32 36 32 33 41 39 39 37 31 32 36 32 33 34 30 30 30 30 30 30 30 30 35 7F 
2026/8/6 14:58:49.346 [RX] - 56 69 56 4F 74 65 63 68 32 00 80 00 00 00 B9 DF  pass 
2026/8/6 14:58:49.580 [TX] - 56 69 56 4F 74 65 63 68 32 00 80 01 00 58 41 30 30 38 38 4B 30 54 44 30 30 4E 30 30 30 30 43 44 32 46 43 43 36 44 37 39 32 44 33 42 32 34 46 30 38 33 37 42 30 33 32 44 30 38 36 38 46 45 43 39 46 44 44 43 39 43 32 36 33 31 31 35 46 30 44 43 43 34 42 44 42 35 37 43 36 30 33 43 34 32 46 34 41 35 30 34 34 39 97 D5 
2026/8/6 14:58:49.694 [RX] - 56 69 56 4F 74 65 63 68 32 00 80 00 00 00 B9 DF  pass 
2026/8/6 14:58:49.939 [TX] - 56 69 56 4F 74 65 63 68 32 00 81 00 00 71 05 41 30 31 31 32 44 30 54 45 30 30 4E 30 31 30 30 4B 53 31 38 36 32 39 39 34 39 30 31 32 43 30 30 30 34 36 30 30 30 30 31 39 34 34 38 36 43 33 31 36 38 43 41 31 46 42 34 41 38 30 39 45 36 33 39 46 46 39 43 33 42 37 32 36 45 32 34 37 43 35 39 30 42 32 32 38 43 35 44 32 32 36 35 30 46 36 36 39 37 45 38 34 37 41 32 46 38 41 32 37 33 39 33 47 AE 
2026/8/6 14:58:50.090 [RX] - 56 69 56 4F 74 65 63 68 32 00 81 00 00 00 CF 6B  pass 
2026/8/6 14:58:50.324 [TX] - 56 69 56 4F 74 65 63 68 32 00 C7 36 00 01 03 6C 97 
2026/8/6 14:58:50.343 [RX] - 56 69 56 4F 74 65 63 68 32 00 C7 00 00 00 86 6E  pass pass pass  

Auto Poll

2026/8/6 14:58:50.589 [TX] - 56 69 56 4F 74 65 63 68 32 00 01 01 00 01 00 F6 24 
2026/8/6 14:58:50.609 [RX] - 56 69 56 4F 74 65 63 68 32 00 01 00 00 00 12 53  pass  

--- Real card (PAN=20)

2026/8/6 14:58:54.639 [TX] - 56 69 56 4F 74 65 63 68 32 00 03 40 00 00 96 E2 
2026/8/6 14:58:54.665 [RX] - 56 69 56 4F 74 65 63 68 32 00 03 00 00 99 C8 DF EE 25 02 00 11 DF EE 23 7D 02 77 00 83 0F 42 00 00 80 89 FB 74 0D E9 C0 1A AA 04 D3 5A E4 A7 98 1C 63 C6 3A 2C 13 95 CB 52 C8 BF EC 8C 63 25 2E 85 0D AF 2C A5 B9 EE 3C A2 B3 68 22 7B 7C B5 C1 C0 7A 45 29 2A B9 47 56 6C 96 2F 32 16 D5 6F EB AD C4 E4 47 92 7A 6C 75 6F 52 D6 1C 8E 29 3B 13 1A 8A 3C 85 EC 1A FA E3 65 12 05 0F CE 51 84 36 30 36 54 31 32 33 34 35 36 62 99 49 01 2C 00 04 60 00 01 26 02 03 9F 39 01 90 FF EE 01 04 DF 30 01 0C DF EE 26 01 C8 0D 32  Real card (PAN=20) MagStripe card - pass  

Poll on Demand

2026/8/6 14:58:55.363 [TX] - 56 69 56 4F 74 65 63 68 32 00 01 01 00 01 01 D7 34 
2026/8/6 14:58:55.383 [RX] - 56 69 56 4F 74 65 63 68 32 00 01 00 00 00 12 53  pass  

 Erase All Keys...

2026/8/6 14:58:55.407 [TX] - 56 69 56 4F 74 65 63 68 32 00 83 00 00 00 03 22 
2026/8/6 14:58:55.426 [RX] - 56 69 56 4F 74 65 63 68 32 00 83 00 00 00 22 03  pass  

 Set DUKPT Key Encryption Type...

2026/8/6 14:58:55.663 [TX] - 56 69 56 4F 74 65 63 68 32 00 C7 32 00 01 00 6D FE 
2026/8/6 14:58:55.683 [RX] - 56 69 56 4F 74 65 63 68 32 00 C7 00 00 00 86 6E  pass pass pass  

 Get DUKPT Key Encryption Type...

2026/8/6 14:58:55.911 [TX] - 56 69 56 4F 74 65 63 68 32 00 C7 33 00 00 1A 9B 
2026/8/6 14:58:55.930 [RX] - 56 69 56 4F 74 65 63 68 32 00 C7 00 00 01 00 AC 7F  pass pass  

 Loading DUKPT key...

2026/8/6 14:58:56.165 [TX] - 56 69 56 4F 74 65 63 68 32 00 80 00 00 65 30 45 43 36 30 46 33 35 31 34 37 45 43 41 30 30 38 38 4B 30 54 44 30 30 4E 30 30 30 30 30 30 38 30 39 43 30 37 41 39 39 31 44 43 38 30 33 34 45 43 31 32 45 31 36 39 43 30 44 35 34 35 35 44 45 41 32 39 34 35 31 34 32 34 37 38 30 38 30 35 36 38 32 33 34 39 38 37 31 32 30 32 33 34 30 30 30 30 30 30 30 30 12 43 
2026/8/6 14:58:56.289 [RX] - 56 69 56 4F 74 65 63 68 32 00 80 00 00 00 B9 DF  pass 
2026/8/6 14:58:56.519 [TX] - 56 69 56 4F 74 65 63 68 32 00 80 00 00 65 31 34 43 45 32 35 35 35 31 34 37 45 43 41 30 30 38 38 4B 30 54 44 30 30 4E 30 30 30 30 30 30 38 30 46 35 30 36 46 36 41 33 44 34 30 38 39 39 45 30 35 35 42 42 35 42 39 45 33 41 44 44 36 30 30 42 38 38 35 33 32 37 37 39 32 32 34 36 30 39 32 36 32 33 41 39 39 37 31 32 36 32 33 34 30 30 30 30 30 30 30 30 35 7F 
2026/8/6 14:58:56.644 [RX] - 56 69 56 4F 74 65 63 68 32 00 80 00 00 00 B9 DF  pass 
2026/8/6 14:58:56.878 [TX] - 56 69 56 4F 74 65 63 68 32 00 80 01 00 58 41 30 30 38 38 4B 30 54 44 30 30 4E 30 30 30 30 43 44 32 46 43 43 36 44 37 39 32 44 33 42 32 34 46 30 38 33 37 42 30 33 32 44 30 38 36 38 46 45 43 39 46 44 44 43 39 43 32 36 33 31 31 35 46 30 44 43 43 34 42 44 42 35 37 43 36 30 33 43 34 32 46 34 41 35 30 34 34 39 97 D5 
2026/8/6 14:58:56.992 [RX] - 56 69 56 4F 74 65 63 68 32 00 80 00 00 00 B9 DF  pass 
2026/8/6 14:58:57.221 [TX] - 56 69 56 4F 74 65 63 68 32 00 81 00 00 71 05 41 30 31 31 32 44 30 54 45 30 30 4E 30 31 30 30 4B 53 31 38 36 32 39 39 34 39 30 31 32 43 30 30 30 34 36 30 30 30 30 31 39 34 34 38 36 43 33 31 36 38 43 41 31 46 42 34 41 38 30 39 45 36 33 39 46 46 39 43 33 42 37 32 36 45 32 34 37 43 35 39 30 42 32 32 38 43 35 44 32 32 36 35 30 46 36 36 39 37 45 38 34 37 41 32 46 38 41 32 37 33 39 33 47 AE 
2026/8/6 14:58:57.372 [RX] - 56 69 56 4F 74 65 63 68 32 00 81 00 00 00 CF 6B  pass 
2026/8/6 14:58:57.609 [TX] - 56 69 56 4F 74 65 63 68 32 00 C7 36 00 01 03 6C 97 
2026/8/6 14:58:57.628 [RX] - 56 69 56 4F 74 65 63 68 32 00 C7 00 00 00 86 6E  pass pass pass  

Auto Poll

2026/8/6 14:58:57.869 [TX] - 56 69 56 4F 74 65 63 68 32 00 01 01 00 01 00 F6 24 
2026/8/6 14:58:57.889 [RX] - 56 69 56 4F 74 65 63 68 32 00 01 00 00 00 12 53  pass  

--- ISO4909

2026/8/6 14:59:01.932 [TX] - 56 69 56 4F 74 65 63 68 32 00 03 40 00 00 96 E2 
2026/8/6 14:59:01.958 [RX] - 56 69 56 4F 74 65 63 68 32 00 03 00 01 89 C8 DF EE 25 02 00 11 DF EE 23 82 01 35 02 2F 01 80 1F 4D 27 00 83 9B 25 2A 34 35 34 37 2A 2A 2A 2A 2A 2A 2A 2A 30 30 30 30 5E 4C 4C 49 42 52 45 20 52 4F 42 45 52 54 2D 47 55 49 4C 4C 45 52 4D 4F 20 5E 31 31 30 32 2A 2A 2A 2A 2A 2A 2A 2A 2A 2A 2A 2A 2A 2A 2A 2A 2A 2A 2A 2A 2A 2A 2A 2A 2A 2A 2A 3F 2A 3B 34 35 34 37 2A 2A 2A 2A 2A 2A 2A 2A 30 30 30 30 3D 31 31 30 32 2A 2A 2A 2A 2A 2A 2A 2A 2A 2A 2A 2A 2A 2A 2A 3F 2A DE 04 D2 DB BB F9 AA 18 EC 56 B9 DC 8C 3F 27 5F 5A B2 91 41 41 38 04 5F EE 1E 72 01 5B 35 30 E2 EC 75 97 64 E5 62 F9 BA 6E D0 3C 7D 7C 59 11 A0 7A 63 77 FB D6 DA DB A2 9B 3B A6 15 7A B2 92 09 4B 62 8C 26 8E A3 55 92 27 C4 20 64 EA 81 19 7A FC BB A4 7C FC 22 D8 2C 80 ED D4 1E 2C 4D DF B5 D9 A5 18 39 AC 9B 27 02 AA 76 41 75 77 9D D0 C0 89 25 0C D0 4A 03 E4 2C BC 6D B0 09 54 4A 8E 4D B4 6B E2 83 32 3D 79 6E B0 13 AF 65 DF AF 57 85 96 18 2E D3 93 78 61 C2 BD 7D 77 E1 44 D2 BE 7C 36 30 36 54 31 32 33 34 35 36 62 99 49 01 2C 00 04 60 00 01 FB 27 03 9F 39 01 90 FF EE 01 04 DF 30 01 0C DF EE 26 01 C8 DF EF  ISO4909 MagStripe card - pass 4C 06 00 26 00 00 00 00 DF EF 4D 28 FC BB A4 7C FC 22 D8 2C 80 ED D4 1E 2C 4D DF B5 D9 A5 18 39 AC 9B 27 02 AA 76 41 75 77 9D D0 C0 52 0F 5D 20 FC B3 B7 D9 F4 59  

 ---------- END OF TEST ----------

 Result = PASSED
 

 MASTER RESULT = PASSED


Docklight Log File (HEX) - Stopped 2026/8/6 14:59:03.976 

