Docklight Log File (HEX) - Started 2026/8/28 14:47:58.713 
 TEST CASE: CRLST003

 --- Set POS COM PORT Settings
 Set POS COM PORT...
 POS operating on COM90 @ 115200 baud...
 Set POS COM PORT - COMPLETE

 
--- Enable Revocation List (DF26=1) *** NEO2

2026/8/28 14:48:00.036 [TX] - 56 69 56 4F 74 65 63 68 32 00 04 00 00 05 DF EE 0F 01 01 79 E1 
2026/8/28 14:48:00.074 [RX] - 56 69 56 4F 74 65 63 68 32 00 04 00 00 00 AE 16 00 00 00 00 00 00 00 00 00 00 00 00 00 00 00 00 00 00 00 00 00 00 00 00 00 00 00 00 00 00 00 00 00 00 00 00 00 00 00 00 00 00 00 00 00 00 00  

--- Add Entry to EMV Revocation List (84-04) - VISA

2026/8/28 14:48:00.093 [TX] - 56 69 56 4F 74 65 63 68 32 00 84 04 00 09 A0 00 00 00 03 50 01 44 55 F3 34 
2026/8/28 14:48:00.127 [RX] - 56 69 56 4F 74 65 63 68 32 00 84 00 00 00 73 2E  PASS !!! 00 00 00 00 00 00 00 00 00 00 00 00 00 00 00 00 00 00 00 00 00 00 00 00 00 00 00 00 00 00 00 00 00 00 00 00 00 00 00 00 00 00 00 00 00 00 00  
--- Delete All Entries from EMV Revocation List (84-06)

2026/8/28 14:48:00.142 [TX] - 56 69 56 4F 74 65 63 68 32 00 84 06 00 00 8E C1 
2026/8/28 14:48:00.206 [RX] - 56 69 56 4F 74 65 63 68 32 00 84 00 00 00 73 2E  PASS !!! 00 00 00 00 00 00 00 00 00 00 00 00 00 00 00 00 00 00 00 00 00 00 00 00 00 00 00 00 00 00 00 00 00 00 00 00 00 00 00 00 00 00 00 00 00 00 00  

--- Get EMV Revocation Log Status (84-03)

2026/8/28 14:48:00.220 [TX] - 56 69 56 4F 74 65 63 68 32 00 84 03 00 00 7E 2A 
2026/8/28 14:48:00.228 [RX] - 56 69 56 4F 74 65 63 68 32 00 84 00 00 0C 00 00 00 00 00 00 00 00 00 00 00 09 E7 F1 00 00 00 00 00 00 00 00 00 00 00 00 00 00 00 00 00 00 00 00 00 00 00 00 00 00 00 00 00 00 00 00 00 00 00  

--- Get EMV Revocation List (84-07)

2026/8/28 14:48:00.238 [TX] - 56 69 56 4F 74 65 63 68 32 00 84 07 00 04 40 80 00 00 EA 81 
2026/8/28 14:48:00.262 [RX] - 56 69 56 4F 74 65 63 68 32 00 84 60 00 00 E8 45 00 00 00 00 00 00 00 00 00 00 00 00 00 00 00 00 00 00 00 00 00 00 00 00 00 00 00 00 00 00 00 00 00 00 00 00 00 00 00 00 00 00 00 00 00 00 00  

--- Add Entry to EMV Revocation List (84-04) - TEST

2026/8/28 14:48:00.285 [TX] - 56 69 56 4F 74 65 63 68 32 00 84 04 00 09 A0 00 00 99 99 E1 01 43 94 0E 05 
2026/8/28 14:48:00.330 [RX] - 56 69 56 4F 74 65 63 68 32 00 84 00 00 00 73 2E  PASS !!! 00 00 00 00 00 00 00 00 00 00 00 00 00 00 00 00 00 00 00 00 00 00 00 00 00 00 00 00 00 00 00 00 00 00 00 00 00 00 00 00 00 00 00 00 00 00 00  

--- Add Entry to EMV Revocation List (84-04) - TEST SN 01 88 99

2026/8/28 14:48:00.351 [TX] - 56 69 56 4F 74 65 63 68 32 00 84 04 00 09 A0 00 00 99 99 E1 01 88 99 0D 1E 
2026/8/28 14:48:00.398 [RX] - 56 69 56 4F 74 65 63 68 32 00 84 00 00 00 73 2E  PASS !!! 00 00 00 00 00 00 00 00 00 00 00 00 00 00 00 00 00 00 00 00 00 00 00 00 00 00 00 00 00 00 00 00 00 00 00 00 00 00 00 00 00 00 00 00 00 00 00  

--- Add Entry to EMV Revocation List (84-04) - VISA

2026/8/28 14:48:00.415 [TX] - 56 69 56 4F 74 65 63 68 32 00 84 04 00 09 A0 00 00 00 03 50 01 44 55 F3 34 
2026/8/28 14:48:00.447 [RX] - 56 69 56 4F 74 65 63 68 32 00 84 00 00 00 73 2E  PASS !!! 00 00 00 00 00 00 00 00 00 00 00 00 00 00 00 00 00 00 00 00 00 00 00 00 00 00 00 00 00 00 00 00 00 00 00 00 00 00 00 00 00 00 00 00 00 00 00  

--- Add Entry to EMV Revocation List (84-04) - VISA SN 01 66 77

2026/8/28 14:48:00.466 [TX] - 56 69 56 4F 74 65 63 68 32 00 84 04 00 09 A0 00 00 00 03 50 01 66 77 57 50 
2026/8/28 14:48:00.498 [RX] - 56 69 56 4F 74 65 63 68 32 00 84 00 00 00 73 2E  PASS !!! 00 00 00 00 00 00 00 00 00 00 00 00 00 00 00 00 00 00 00 00 00 00 00 00 00 00 00 00 00 00 00 00 00 00 00 00 00 00 00 00 00 00 00 00 00 00 00  

--- Add Entry to EMV Revocation List (84-04) - MC

2026/8/28 14:48:00.522 [TX] - 56 69 56 4F 74 65 63 68 32 00 84 04 00 09 A0 00 00 00 04 FE 09 23 55 17 20 
2026/8/28 14:48:00.554 [RX] - 56 69 56 4F 74 65 63 68 32 00 84 00 00 00 73 2E  PASS !!! 00 00 00 00 00 00 00 00 00 00 00 00 00 00 00 00 00 00 00 00 00 00 00 00 00 00 00 00 00 00 00 00 00 00 00 00 00 00 00 00 00 00 00 00 00 00 00  

--- Add Entry to EMV Revocation List (84-04) - MC SN 09 22 33

2026/8/28 14:48:00.570 [TX] - 56 69 56 4F 74 65 63 68 32 00 84 04 00 09 A0 00 00 00 04 FE 09 22 33 46 1F 
2026/8/28 14:48:00.603 [RX] - 56 69 56 4F 74 65 63 68 32 00 84 00 00 00 73 2E  PASS !!! 00 00 00 00 00 00 00 00 00 00 00 00 00 00 00 00 00 00 00 00 00 00 00 00 00 00 00 00 00 00 00 00 00 00 00 00 00 00 00 00 00 00 00 00 00 00 00  

--- Get EMV Revocation Log Status (84-03)

2026/8/28 14:48:00.617 [TX] - 56 69 56 4F 74 65 63 68 32 00 84 03 00 00 7E 2A 
2026/8/28 14:48:00.624 [RX] - 56 69 56 4F 74 65 63 68 32 00 84 00 00 0C 00 00 00 00 00 00 00 06 00 00 00 09 2A 74 00 00 00 00 00 00 00 00 00 00 00 00 00 00 00 00 00 00 00 00 00 00 00 00 00 00 00 00 00 00 00 00 00 00 00  

--- Get EMV Revocation List (84-07)

2026/8/28 14:48:00.654 [TX] - 56 69 56 4F 74 65 63 68 32 00 84 07 00 04 40 80 00 00 EA 81 
2026/8/28 14:48:00.668 [RX] - 56 69 56 4F 74 65 63 68 32 00 84 00 00 42 00 00 00 06 00 00 00 00 00 00 00 09 A0 00 00 00 03 50 01 44 55 A0 00 00 00 03 50 01 66 77 A0 00 00 00 04 FE 09 22 33 A0 00 00 00 04 FE 09 23 55 A0 00 00 99 99 E1 01 43 94 A0 00 00 99 99 E1 01 88 99 C8 62 00 00 00 00 00 00 00 00 00 00 00 00 00 00 00 00 00 00 00 00 00 00 00 00 00 00 00 00 00 00 00 00 00 00 00 00 00 00 00 00 00 00 00 00  

--- Delete Entry to EMV Revocation List (84-0D) - VISA

2026/8/28 14:48:01.879 [TX] - 56 69 56 4F 74 65 63 68 32 00 84 0D 00 09 A0 00 00 00 03 50 01 44 55 2E 2C 
2026/8/28 14:48:01.908 [RX] - 56 69 56 4F 74 65 63 68 32 00 84 00 00 00 73 2E  PASS !!! 00 00 00 00 00 00 00 00 00 00 00 00 00 00 00 00 00 00 00 00 00 00 00 00 00 00 00 00 00 00 00 00 00 00 00 00 00 00 00 00 00 00 00 00 00 00 00  

--- Delete Entry to EMV Revocation List (84-0D) - MC

2026/8/28 14:48:01.934 [TX] - 56 69 56 4F 74 65 63 68 32 00 84 0D 00 09 A0 00 00 00 04 FE 09 23 55 CA 38 
2026/8/28 14:48:01.964 [RX] - 56 69 56 4F 74 65 63 68 32 00 84 00 00 00 73 2E  PASS !!! 00 00 00 00 00 00 00 00 00 00 00 00 00 00 00 00 00 00 00 00 00 00 00 00 00 00 00 00 00 00 00 00 00 00 00 00 00 00 00 00 00 00 00 00 00 00 00  

--- Delete Entry from EMV Revocation List (84-0D) TEST

2026/8/28 14:48:01.977 [TX] - 56 69 56 4F 74 65 63 68 32 00 84 0D 00 09 A0 00 00 99 99 E1 01 43 94 D3 1D 
2026/8/28 14:48:02.007 [RX] - 56 69 56 4F 74 65 63 68 32 00 84 00 00 00 73 2E  PASS !!! 00 00 00 00 00 00 00 00 00 00 00 00 00 00 00 00 00 00 00 00 00 00 00 00 00 00 00 00 00 00 00 00 00 00 00 00 00 00 00 00 00 00 00 00 00 00 00  

--- Get EMV Revocation Log Status (84-03)

2026/8/28 14:48:02.024 [TX] - 56 69 56 4F 74 65 63 68 32 00 84 03 00 00 7E 2A 
2026/8/28 14:48:02.031 [RX] - 56 69 56 4F 74 65 63 68 32 00 84 00 00 0C 00 00 00 00 00 00 00 03 00 00 00 09 09 23 00 00 00 00 00 00 00 00 00 00 00 00 00 00 00 00 00 00 00 00 00 00 00 00 00 00 00 00 00 00 00 00 00 00 00  

--- Get EMV Revocation List (84-07) -size 0c start rec 0

2026/8/28 14:48:02.050 [TX] - 56 69 56 4F 74 65 63 68 32 00 84 07 00 04 00 0C 00 00 4D A1 
2026/8/28 14:48:02.058 [RX] - 56 69 56 4F 74 65 63 68 32 00 84 00 00 0C 00 00 00 00 00 00 00 03 00 00 00 09 09 23 00 00 00 00 00 00 00 00 00 00 00 00 00 00 00 00 00 00 00 00 00 00 00 00 00 00 00 00 00 00 00 00 00 00 00  

 ---------- END OF TEST ----------

 Result = FAILED


Docklight Log File (HEX) - Stopped 2026/8/28 14:48:12.150 

