Docklight Log File (HEX) - Started 2026/8/12 13:46:18.831 
 TEST CASE: USAT016

 --- Set POS COM PORT Settings
 Set POS COM PORT...
 POS operating on COM90 @ 115200 baud...
 Set POS COM PORT - COMPLETE

 
------------------------------------------------------------DFEF7A changed, 04-09/ 04-0A
 

 --- 04-00 w/ DFEF7A = 00

2026/8/12 13:46:27.238 [TX] - 56 69 56 4F 74 65 63 68 32 00 04 00 00 05 DF EF 7A 01 00 14 B4 
2026/8/12 13:46:27.296 [RX] - 56 69 56 4F 74 65 63 68 32 00 04 00 00 00 AE 16 00 00 00 00 00 00 00 00 00 00 00 00 00 00 00 00 00 00 00 00 00 00 00 00 00 00 00 00 00 00 00 00 00 00 00 00 00 00 00 00 00 00 00 00 00 00 00  

 --- 03-02

2026/8/12 13:46:27.818 [TX] - 56 69 56 4F 74 65 63 68 32 00 03 02 00 00 5B 91 
2026/8/12 13:46:27.835 [RX] - 56 69 56 4F 74 65 63 68 32 00 03 00 01 54 DF EE 2D 01 00 DF EF 7A  --> DFEF7A 01 00 9C 01 00 5F 2A 02 08 40 5F 36 01 02 9F 02 06 00 00 00 00 00 01 9F 03 06 00 00 00 00 00 00 DF EF 59 06 00 00 00 00 04 44 9F 09 02 00 02 9F 15 02 00 00 9F 1A 02 08 40 9F 40 05 60 00 00 30 00 9F 53 01 00 9F 66 04 30 00 40 00 9F 6D 02 00 01 9F 7C 14 00 00 00 00 00 00 00 00 00 00 00 00 00 00 00 00 00 00 00 00 DF EE 28 03 00 08 E8 DF EE 29 03 00 68 E8 DF EE 34 06 00 00 00 01 00 00 DF EE 35 03 00 06 01 DF EE 36 06 00 00 00 00 80 00 DF EE 37 01 03 DF EE 38 01 00 DF 81 22 05 F8 50 AC F8 00 DF 81 20 05 F8 50 AC A0 00 DF 81 21 05 00 00 00 00 00 DF EE 44 02 FD FF DF EC 1B 04 FF FF FF FF DF ED 4A 02 00 06 DF ED 5A 08 00 00 80 00 00 00 00 00 DF EE 5C 04 01 50 00 00 DF EE 6B 08 00 00 00 00 00 00 00 00 DF EE 70 01 00 DF EE 71 02 00 00 DF EE 72 02 00 00 DF EE 73 02 00 00 DF EE 74 01 00 DF ED 18 01 01 DF EE 7E 01 00 DF EE 1C 01 03 DF EF 29 02 00 00 9F 4E 1E 00 00 00 00 00 00 00 00 00 00 00 00 00 00 00 00 00 00 00 00 00 00 00 00 00 00 00 00 00 00 DF EE 7D 01 02 9A 03 00 01 01 9F 21 03 10 04 12 DD 80 00 00 00 00 00 00 00 00 00 00 00 00 00 00 00 00 00 00 00 00 00 00  

 --- 04-09

2026/8/12 13:46:28.841 [TX] - 56 69 56 4F 74 65 63 68 32 00 04 09 00 00 87 30 
2026/8/12 13:46:29.742 [RX] - 56 69 56 4F 74 65 63 68 32 00 04 00 00 00 AE 16 00 00 00 00 00 00 00 00 00 00 00 00 00 00 00 00 00 00 00 00 00 00 00 00 00 00 00 00 00 00 00 00 00 00 00 00 00 00 00 00 00 00 00 00 00 00 00  

 --- 03-02

2026/8/12 13:46:31.770 [TX] - 56 69 56 4F 74 65 63 68 32 00 03 02 00 00 5B 91 
2026/8/12 13:46:31.788 [RX] - 56 69 56 4F 74 65 63 68 32 00 03 00 01 4F DF EE 2D 01 00 9C 01 00 5F 2A 02 08 40 5F 36 01 02 9F 02 06 00 00 00 00 00 01 9F 03 06 00 00 00 00 00 00 DF EF 59 06 00 00 00 00 04 44 9F 09 02 00 02 9F 15 02 00 00 9F 1A 02 08 40 9F 40 05 60 00 00 30 00 9F 53 01 00 9F 66 04 30 00 40 00 9F 6D 02 00 01 9F 7C 14 00 00 00 00 00 00 00 00 00 00 00 00 00 00 00 00 00 00 00 00 DF EE 28 03 00 08 E8 DF EE 29 03 00 68 E8 DF EE 34 06 00 00 00 01 00 00 DF EE 35 03 00 06 01 DF EE 36 06 00 00 00 00 80 00 DF EE 37 01 03 DF EE 38 01 00 DF 81 22 05 F8 50 AC F8 00 DF 81 20 05 F8 50 AC A0 00 DF 81 21 05 00 00 00 00 00 DF EE 44 02 FD FF DF EC 1B 04 FF FF FF FF DF ED 4A 02 00 06 DF ED 5A 08 00 00 80 00 00 00 00 00 DF EE 5C 04 01 50 00 00 DF EE 6B 08 00 00 00 00 00 00 00 00 DF EE 70 01 00 DF EE 71 02 00 00 DF EE 72 02 00 00 DF EE 73 02 00 00 DF EE 74 01 00 DF ED 18 01 01 DF EE 7E 01 00 DF EE 1C 01 03 DF EF 29 02 00 00 9F 4E 1E 00 00 00 00 00 00 00 00 00 00 00 00 00 00 00 00 00 00 00 00 00 00 00 00 00 00 00 00 00 00 DF EE 7D 01 02 9A 03 00 01 01 9F 21 03 10 04 15 2C A4 00 00 00 00 00 00 00 00 00 00 00 00 00 00 00 00 00 00 00 00 00 00 00 00 00 00 00  

 --- 04-00 w/ DFEF7A = 01

2026/8/12 13:46:34.805 [TX] - 56 69 56 4F 74 65 63 68 32 00 04 00 00 05 DF EF 7A 01 01 35 A4 
2026/8/12 13:46:34.863 [RX] - 56 69 56 4F 74 65 63 68 32 00 04 00 00 00 AE 16 00 00 00 00 00 00 00 00 00 00 00 00 00 00 00 00 00 00 00 00 00 00 00 00 00 00 00 00 00 00 00 00 00 00 00 00 00 00 00 00 00 00 00 00 00 00 00  

 --- 03-02

2026/8/12 13:46:35.399 [TX] - 56 69 56 4F 74 65 63 68 32 00 03 02 00 00 5B 91 
2026/8/12 13:46:35.416 [RX] - 56 69 56 4F 74 65 63 68 32 00 03 00 01 54 DF EE 2D 01 00 DF EF 7A  --> DFEF7A 01 01 9C 01 00 5F 2A 02 08 40 5F 36 01 02 9F 02 06 00 00 00 00 00 01 9F 03 06 00 00 00 00 00 00 DF EF 59 06 00 00 00 00 04 44 9F 09 02 00 02 9F 15 02 00 00 9F 1A 02 08 40 9F 40 05 60 00 00 30 00 9F 53 01 00 9F 66 04 30 00 40 00 9F 6D 02 00 01 9F 7C 14 00 00 00 00 00 00 00 00 00 00 00 00 00 00 00 00 00 00 00 00 DF EE 28 03 00 08 E8 DF EE 29 03 00 68 E8 DF EE 34 06 00 00 00 01 00 00 DF EE 35 03 00 06 01 DF EE 36 06 00 00 00 00 80 00 DF EE 37 01 03 DF EE 38 01 00 DF 81 22 05 F8 50 AC F8 00 DF 81 20 05 F8 50 AC A0 00 DF 81 21 05 00 00 00 00 00 DF EE 44 02 FD FF DF EC 1B 04 FF FF FF FF DF ED 4A 02 00 06 DF ED 5A 08 00 00 80 00 00 00 00 00 DF EE 5C 04 01 50 00 00 DF EE 6B 08 00 00 00 00 00 00 00 00 DF EE 70 01 00 DF EE 71 02 00 00 DF EE 72 02 00 00 DF EE 73 02 00 00 DF EE 74 01 00 DF ED 18 01 01 DF EE 7E 01 00 DF EE 1C 01 03 DF EF 29 02 00 00 9F 4E 1E 00 00 00 00 00 00 00 00 00 00 00 00 00 00 00 00 00 00 00 00 00 00 00 00 00 00 00 00 00 00 DF EE 7D 01 02 9A 03 00 01 01 9F 21 03 10 04 19 9B AC 00 00 00 00 00 00 00 00 00 00 00 00 00 00 00 00 00 00 00 00 00 00  

 --- 04-0A

2026/8/12 13:46:36.417 [TX] - 56 69 56 4F 74 65 63 68 32 00 04 0A 00 00 D7 69 
2026/8/12 13:46:37.026 [RX] - 56 69 56 4F 74 65 63 68 32 00 04 00 00 00 AE 16 00 00 00 00 00 00 00 00 00 00 00 00 00 00 00 00 00 00 00 00 00 00 00 00 00 00 00 00 00 00 00 00 00 00 00 00 00 00 00 00 00 00 00 00 00 00 00  

 --- 03-02

2026/8/12 13:46:52.065 [TX] - 56 69 56 4F 74 65 63 68 32 00 03 02 00 00 5B 91 
2026/8/12 13:46:52.082 [RX] - 56 69 56 4F 74 65 63 68 32 00 03 00 01 4F DF EE 2D 01 00 9C 01 00 5F 2A 02 08 40 5F 36 01 02 9F 02 06 00 00 00 00 00 01 9F 03 06 00 00 00 00 00 00 DF EF 59 06 00 00 00 00 04 44 9F 09 02 00 02 9F 15 02 00 00 9F 1A 02 08 40 9F 40 05 60 00 00 30 00 9F 53 01 00 9F 66 04 30 00 40 00 9F 6D 02 00 01 9F 7C 14 00 00 00 00 00 00 00 00 00 00 00 00 00 00 00 00 00 00 00 00 DF EE 28 03 00 08 E8 DF EE 29 03 00 68 E8 DF EE 34 06 00 00 00 01 00 00 DF EE 35 03 00 06 01 DF EE 36 06 00 00 00 00 80 00 DF EE 37 01 03 DF EE 38 01 00 DF 81 22 05 F8 50 AC F8 00 DF 81 20 05 F8 50 AC A0 00 DF 81 21 05 00 00 00 00 00 DF EE 44 02 FD FF DF EC 1B 04 FF FF FF FF DF ED 4A 02 00 06 DF ED 5A 08 00 00 80 00 00 00 00 00 DF EE 5C 04 01 50 00 00 DF EE 6B 08 00 00 00 00 00 00 00 00 DF EE 70 01 00 DF EE 71 02 00 00 DF EE 72 02 00 00 DF EE 73 02 00 00 DF EE 74 01 00 DF ED 18 01 01 DF EE 7E 01 00 DF EE 1C 01 03 DF EF 29 02 00 00 9F 4E 1E 00 00 00 00 00 00 00 00 00 00 00 00 00 00 00 00 00 00 00 00 00 00 00 00 00 00 00 00 00 00 DF EE 7D 01 02 9A 03 00 01 01 9F 21 03 10 04 36 38 A5 00 00 00 00 00 00 00 00 00 00 00 00 00 00 00 00 00 00 00 00 00 00 00 00 00 00 00  
------------------------------------------------------------Enc OFF, DFEF7A = 00/ 01
 

 --- Set Merchant 4 - pass.com.apple.wallet.dev_Panera

2026/8/12 13:46:55.106 [TX] - 56 69 56 4F 74 65 63 68 32 00 04 11 00 63 04 01 06 41 3B 95 7A 52 59 98 3B 60 8C FC 89 CF B1 DA B9 0C E7 05 AD 8E FF 78 E9 DE 12 2C CF 8D 2C BF 00 00 00 00 00 00 00 00 00 00 00 00 00 00 00 00 00 00 00 00 00 00 00 00 00 00 00 00 00 00 00 00 00 00 00 00 00 00 00 00 00 00 00 00 00 00 00 00 00 00 00 00 00 00 00 00 00 00 00 00 00 00 00 00 00 E7 6F 
2026/8/12 13:46:55.152 [RX] - 56 69 56 4F 74 65 63 68 32 00 04 00 00 00 AE 16 00 00 00 00 00 00 00 00 00 00 00 00 00 00 00 00 00 00 00 00 00 00 00 00 00 00 00 00 00 00 00 00 00 00 00 00 00 00 00 00 00 00 00 00 00 00 00  

 --- Burst OFF mode

2026/8/12 13:46:55.666 [TX] - 56 69 56 4F 74 65 63 68 32 00 04 00 00 05 DF EE 7E 01 00 60 1E 
2026/8/12 13:46:55.723 [RX] - 56 69 56 4F 74 65 63 68 32 00 04 00 00 00 AE 16 00 00 00 00 00 00 00 00 00 00 00 00 00 00 00 00 00 00 00 00 00 00 00 00 00 00 00 00 00 00 00 00 00 00 00 00 00 00 00 00 00 00 00 00 00 00 00  

 --- Poll on demand

2026/8/12 13:46:55.748 [TX] - 56 69 56 4F 74 65 63 68 32 00 01 01 00 01 01 D7 34 
2026/8/12 13:46:55.812 [RX] - 56 69 56 4F 74 65 63 68 32 00 01 00 00 00 12 53 00 00 00 00 00 00 00 00 00 00 00 00 00 00 00 00 00 00 00 00 00 00 00 00 00 00 00 00 00 00 00 00 00 00 00 00 00 00 00 00 00 00 00 00 00 00 00  

 --- 04-00 w/ DFEF7A = 00 >>>>>>>>>>>>>>>>>>>>>>>>>>>>>>>>>>>>>>>>>>>>>>>>

2026/8/12 13:46:56.341 [TX] - 56 69 56 4F 74 65 63 68 32 00 04 00 00 05 DF EF 7A 01 00 14 B4 
2026/8/12 13:46:56.398 [RX] - 56 69 56 4F 74 65 63 68 32 00 04 00 00 00 AE 16 00 00 00 00 00 00 00 00 00 00 00 00 00 00 00 00 00 00 00 00 00 00 00 00 00 00 00 00 00 00 00 00 00 00 00 00 00 00 00 00 00 00 00 00 00 00 00  

 --- 02-01 (tap iPhone (ApplePay))

2026/8/12 13:46:59.923 [TX] - 56 69 56 4F 74 65 63 68 32 00 02 01 00 15 0A 9F 02 06 00 00 00 00 10 00 9A 03 07 11 21 9F 21 03 10 15 20 30 12 
2026/8/12 13:47:01.158 [RX] - 56 69 56 4F 74 65 63 68 32 00 02 23 01 B5 00 00 00 21 DF EE 26 02 21 00 DF 81 16 16 17 04 00 00 0D 00 00 00 00 00 00 00 00 00 00 00 00 00 00 00 00 00 DF 81 29 08 30 F0 F0 30 A0 F0 FF 00 FF 81 05 82 01 34 4F 07 A0 00 00 00 03 10 10 50 04 56 49 53 41 57 13 48 31 96 12 50 17 59 73 D2 81 22 01 00 00 04 22 99 99 3F 5A 08 48 31 96 12 50 17 59 73 82 02 00 60 84 07 A0 00 00 00 03 10 10 95 05 00 00 00 00 00 9A 03 07 11 21 5F 28 02 07 02 5F 2A 02 08 40 5F 34 01 00 5F 36 01 02 9F 02 06 00 00 00 00 10 00 9F 06 07 A0 00 00 00 03 10 10 9F 10 20 1F 42 03 32 A0 00 00 00 00 10 03 02 73 00 00 00 00 40 00 00 00 00 00 00 00 00 00 00 00 00 00 00 9F 1A 02 08 40 9F 1B 04 00 00 1F 40 9F 1E 08 33 5A 30 30 30 33 37 34 9F 21 03 10 15 20 9F 24 1D 56 30 30 31 30 30 31 33 30 31 36 31 38 33 31 31 33 34 38 39 37 31 33 35 33 36 32 34 32 9F 26 08 DD 54 28 0D 9E 74 65 73 9F 27 01 80 9F 33 03 E0 08 40 9F 34 03 24 03 02 9F 35 01 15 9F 36 02 07 73 9F 37 04 8F 88 73 2C 9F 39 01 07 9F 40 05 80 00 00 00 00 9F 41 04 00 00 00 01 9F 5A 05 40 07 02 07 02 9F 66 04 30 00 C0 00 9F 6C 02 00 80 9F 6E 04 23 88 00 00 DF 81 26 06 00 00 00 00 60 00 DF EE 5B 01 05 DF 81 16 16 1B FF 00 00 13 00 00 00 00 00 00 00 00 00 00 00 00 00 00 00 00 00 96 08 03 00 00 00 00 00 00 00 DF EE 4C 01 06 DF EC 1C 1E 08 08 00 01 FF 00 1B 00 00 00 13 FF 00 00 00 00 00 00 00 00 00 00 00 00 00 00 00 00 FF 00 65 AE 00 00 00 00 00 00 00 00 00 00 00 00 00 00 00 00 00 00 00 00 00 00 00 00 00 00 00 00 00 00 00 00 00 00 00 00 00 00 00 00 00 00 00 00 00 00 00 00 00 00 00  

 --- 02-01 (tap MChip card)

2026/8/12 13:47:06.839 [TX] - 56 69 56 4F 74 65 63 68 32 00 02 01 00 15 0A 9F 02 06 00 00 00 00 10 00 9A 03 07 11 21 9F 21 03 10 15 20 30 12 
2026/8/12 13:47:08.081 [RX] - 56 69 56 4F 74 65 63 68 32 00 02 23 01 F0 00 00 00 21 DF EE 26 02 21 00 DF 81 16 0D 1E 04 00 00 00 00 00 00 00 00 00 00 00 DF 81 29 08 30 F0 F0 00 B0 F0 FF 00 FF 81 06 1E 9F 42 02 09 78 DF 81 0B 01 00 DF 81 15 06 00 00 00 00 00 FF DF 81 0E 01 00 DF 81 0F 01 00 FF 81 05 82 01 5A 4F 07 A0 00 00 00 04 10 10 50 0F 50 50 43 20 4D 43 44 20 30 31 20 20 76 32 30 57 11 54 13 33 00 89 60 00 10 D1 41 22 01 01 23 40 91 72 5A 08 54 13 33 00 89 60 00 10 82 02 59 80 84 07 A0 00 00 00 04 10 10 8E 0E 00 00 00 00 00 00 00 00 42 03 5E 03 1F 03 95 05 24 00 00 00 01 9A 03 07 11 21 9B 02 00 00 9C 01 00 5F 24 03 14 12 31 5F 25 03 04 01 01 5F 28 02 00 56 5F 34 01 01 9F 01 00 9F 02 06 00 00 00 00 10 00 9F 03 06 00 00 00 00 00 00 9F 06 07 A0 00 00 00 04 10 10 9F 07 02 FF 00 9F 09 02 00 02 9F 0D 05 00 00 00 00 00 9F 0E 05 00 00 00 00 00 9F 0F 05 00 00 00 00 00 9F 10 12 01 10 A0 00 09 22 80 00 00 00 00 00 00 00 00 00 00 FF 9F 15 02 11 11 9F 16 00 9F 1A 02 08 40 9F 1C 00 9F 1D 08 6C FF 00 00 00 00 00 00 9F 1E 08 33 5A 30 30 30 33 37 34 9F 21 03 10 15 20 9F 26 08 0B A5 8F 01 30 9B 36 8B 9F 27 01 80 9F 2A 01 02 9F 33 03 00 08 08 9F 34 03 1F 03 02 9F 35 01 22 9F 36 02 5F 6B 9F 37 04 9E 78 BC 1B 9F 39 01 07 9F 40 05 00 00 00 00 00 9F 41 04 00 00 00 02 9F 42 02 09 78 9F 4E 00 9F 53 01 00 9F 6D 02 00 01 DF EE 76 05 24 00 00 00 01 DF 81 16 0D 1B 00 00 00 00 00 00 00 00 00 00 00 00 DF 81 0C 01 02 96 08 02 00 00 00 00 00 00 00 DF EE 4C 01 03 DF EC 1C 1E 08 03 00 03 FF 00 1B 00 00 00 00 00 81 0C 01 02 96 08 02 00 00 00 00 00 00 00 00 00 FF 00 ED D1 00 00 00 00 00 00 00 00 00 00 00 00 00 00 00 00 00 00 00 00 00 00 00 00 00 00 00 00 00 00 00 00 00 00 00 00 00 00 00 00 00 00 00 00 00 00 00 00 00 00 00 00 00 00 00  

 --- 02-40 (tap iPhone (ApplePay))

2026/8/12 13:47:12.408 [TX] - 56 69 56 4F 74 65 63 68 32 00 02 40 00 1A 0A 9F 02 06 00 00 00 00 10 00 9A 03 07 11 21 9F 21 03 10 15 20 DF EF 37 01 02 D2 C2 
2026/8/12 13:47:13.314 [RX] - 56 69 56 4F 74 65 63 68 32 00 02 23 01 B2 21 DF EE 26 02 21 00 DF 81 16 16 17 04 00 00 0D 00 00 00 00 00 00 00 00 00 00 00 00 00 00 00 00 00 DF 81 29 08 30 F0 F0 30 A0 F0 FF 00 FF 81 05 82 01 34 4F 07 A0 00 00 00 03 10 10 50 04 56 49 53 41 57 13 48 31 96 12 50 17 59 73 D2 81 22 01 00 00 04 22 99 99 3F 5A 08 48 31 96 12 50 17 59 73 82 02 00 60 84 07 A0 00 00 00 03 10 10 95 05 00 00 00 00 00 9A 03 07 11 21 5F 28 02 07 02 5F 2A 02 08 40 5F 34 01 00 5F 36 01 02 9F 02 06 00 00 00 00 10 00 9F 06 07 A0 00 00 00 03 10 10 9F 10 20 1F 42 03 32 A0 00 00 00 00 10 03 02 73 00 00 00 00 40 00 00 00 00 00 00 00 00 00 00 00 00 00 00 9F 1A 02 08 40 9F 1B 04 00 00 1F 40 9F 1E 08 33 5A 30 30 30 33 37 34 9F 21 03 10 15 20 9F 24 1D 56 30 30 31 30 30 31 33 30 31 36 31 38 33 31 31 33 34 38 39 37 31 33 35 33 36 32 34 32 9F 26 08 BF 21 A2 A3 08 92 04 AC 9F 27 01 80 9F 33 03 E0 08 40 9F 34 03 24 03 02 9F 35 01 15 9F 36 02 07 74 9F 37 04 41 DF D8 D5 9F 39 01 07 9F 40 05 80 00 00 00 00 9F 41 04 00 00 00 03 9F 5A 05 40 07 02 07 02 9F 66 04 30 00 C0 00 9F 6C 02 00 80 9F 6E 04 23 88 00 00 DF 81 26 06 00 00 00 00 60 00 DF EE 5B 01 05 DF 81 16 16 1B FF 00 00 13 00 00 00 00 00 00 00 00 00 00 00 00 00 00 00 00 00 96 08 03 00 00 00 00 00 00 00 DF EE 4C 01 06 DF EC 1C 1E 08 08 00 01 FF 00 1B 00 00 00 13 FF 00 00 00 00 00 00 00 00 00 00 00 00 00 00 00 00 FF 00 98 38 00 00 00 00 00 00 00 00 00 00 00 00 00 00 00 00 00 00 00 00 00 00 00 00 00 00 00 00 00 00 00 00 00 00 00 00 00 00 00 00 00 00 00 00 00 00 00 00 00 00 00 00 00 00  

 --- 02-40 (tap MChip card)

2026/8/12 13:47:17.912 [TX] - 56 69 56 4F 74 65 63 68 32 00 02 40 00 1A 0A 9F 02 06 00 00 00 00 10 00 9A 03 07 11 21 9F 21 03 10 15 20 DF EF 37 01 02 D2 C2 
2026/8/12 13:47:19.061 [RX] - 56 69 56 4F 74 65 63 68 32 00 02 23 01 ED 21 DF EE 26 02 21 00 DF 81 16 0D 1E 04 00 00 00 00 00 00 00 00 00 00 00 DF 81 29 08 30 F0 F0 00 B0 F0 FF 00 FF 81 06 1E 9F 42 02 09 78 DF 81 0B 01 00 DF 81 15 06 00 00 00 00 00 FF DF 81 0E 01 00 DF 81 0F 01 00 FF 81 05 82 01 5A 4F 07 A0 00 00 00 04 10 10 50 0F 50 50 43 20 4D 43 44 20 30 31 20 20 76 32 30 57 11 54 13 33 00 89 60 00 10 D1 41 22 01 01 23 40 91 72 5A 08 54 13 33 00 89 60 00 10 82 02 59 80 84 07 A0 00 00 00 04 10 10 8E 0E 00 00 00 00 00 00 00 00 42 03 5E 03 1F 03 95 05 24 00 00 00 01 9A 03 07 11 21 9B 02 00 00 9C 01 00 5F 24 03 14 12 31 5F 25 03 04 01 01 5F 28 02 00 56 5F 34 01 01 9F 01 00 9F 02 06 00 00 00 00 10 00 9F 03 06 00 00 00 00 00 00 9F 06 07 A0 00 00 00 04 10 10 9F 07 02 FF 00 9F 09 02 00 02 9F 0D 05 00 00 00 00 00 9F 0E 05 00 00 00 00 00 9F 0F 05 00 00 00 00 00 9F 10 12 01 10 A0 00 09 22 80 00 00 00 00 00 00 00 00 00 00 FF 9F 15 02 11 11 9F 16 00 9F 1A 02 08 40 9F 1C 00 9F 1D 08 6C FF 00 00 00 00 00 00 9F 1E 08 33 5A 30 30 30 33 37 34 9F 21 03 10 15 20 9F 26 08 0B A5 8F 01 30 9B 36 8B 9F 27 01 80 9F 2A 01 02 9F 33 03 00 08 08 9F 34 03 1F 03 02 9F 35 01 22 9F 36 02 5F 6B 9F 37 04 70 7D 9E 63 9F 39 01 07 9F 40 05 00 00 00 00 00 9F 41 04 00 00 00 04 9F 42 02 09 78 9F 4E 00 9F 53 01 00 9F 6D 02 00 01 DF EE 76 05 24 00 00 00 01 DF 81 16 0D 1B 00 00 00 00 00 00 00 00 00 00 00 00 DF 81 0C 01 02 96 08 02 00 00 00 00 00 00 00 DF EE 4C 01 03 DF EC 1C 1E 08 03 00 03 FF 00 1B 00 00 00 00 00 81 0C 01 02 96 08 02 00 00 00 00 00 00 00 00 00 FF 00 6D 25 00 00 00 00 00 00 00 00 00 00 00 00 00 00 00 00 00 00 00 00 00 00 00 00 00 00 00 00 00 00 00 00 00 00 00 00 00 00 00 00 00 00 00 00 00 00 00 00 00 00 00 00 00 00 00 00 00 00  

 --- 02-01 VAS Only (tap iPhone (AppleVAS -- Panera Bread card))

2026/8/12 13:47:24.311 [TX] - 56 69 56 4F 74 65 63 68 32 00 02 01 00 29 30 9F 02 06 00 00 00 00 00 01 9C 01 00 FF EE 06 18 9F 22 02 01 00 9F 26 04 00 00 00 02 9F 2B 05 01 00 00 00 00 DF 01 01 01 CF 40 
2026/8/12 13:47:25.295 [RX] - 56 69 56 4F 74 65 63 68 32 00 02 57 00 91 00 00 00 00 21 DF EE 26 02 21 00 FF EE 06 75 9A 03 00 01 01 9F 21 03 10 05 09 9F 25 20 06 41 3B 95 7A 52 59 98 3B 60 8C FC 89 CF B1 DA B9 0C E7 05 AD 8E FF 78 E9 DE 12 2C CF 8D 2C BF 9F 2A 00 9F 27 41 44 8D EC 4C 63 E4 6B D8 87 47 4A B4 74 01 89 2F 85 BB 7D 80 A2 74 8F 23 27 0F CD 8D EF F2 45 12 78 D3 22 D0 56 67 24 5C 88 E5 05 25 21 26 53 4C A2 B7 BE D3 F4 E6 17 61 FC 63 CE 8B 6E 44 B7 74 97 9F 39 01 07 FF EE 01 05 DF EE 30 01 00 F0 33 00 00 00 00 00 00 00 00 00 00 00 00 00 00 00 00 00 00 00 00 00 00 00 00 00 00 00 00  

 --- 02-40 VAS Only (tap iPhone (AppleVAS -- Panera Bread card))

2026/8/12 13:47:29.911 [TX] - 56 69 56 4F 74 65 63 68 32 00 02 40 00 2E 30 9F 02 06 00 00 00 00 00 01 9C 01 00 FF EE 06 18 9F 22 02 01 00 9F 26 04 00 00 00 02 9F 2B 05 01 00 00 00 00 DF 01 01 01 DF EF 37 01 02 7E 57 
2026/8/12 13:47:30.748 [RX] - 56 69 56 4F 74 65 63 68 32 00 02 57 00 8D 21 DF EE 26 02 21 00 FF EE 06 75 9A 03 00 01 01 9F 21 03 10 05 14 9F 25 20 06 41 3B 95 7A 52 59 98 3B 60 8C FC 89 CF B1 DA B9 0C E7 05 AD 8E FF 78 E9 DE 12 2C CF 8D 2C BF 9F 2A 00 9F 27 41 44 8D EC 4C D3 FC 0B E0 19 FB C9 1B 05 A3 F2 A1 FC 0D 80 58 B3 61 87 FE B2 35 CF 78 92 41 ED F5 4A D1 B3 03 7C 2D EA 80 FB 49 B3 23 6A 79 A2 43 48 D1 61 8C C7 E1 25 B9 FD 65 E2 FE E3 C4 B5 D2 A3 9F 39 01 07 FF EE 01 05 DF EE 30 01 00 D6 54 00 00 00 00 00 00 00 00 00 00 00 00 00 00 00 00 00 00 00 00 00 00 00 00 00 00 00 00 00 00 00 00  

 --- 04-00 w/ DFEF7A = 01 >>>>>>>>>>>>>>>>>>>>>>>>>>>>>>>>>>>>>>>>>>>>>>>>

2026/8/12 13:47:34.941 [TX] - 56 69 56 4F 74 65 63 68 32 00 04 00 00 05 DF EF 7A 01 01 35 A4 
2026/8/12 13:47:35.023 [RX] - 56 69 56 4F 74 65 63 68 32 00 04 00 00 00 AE 16 00 00 00 00 00 00 00 00 00 00 00 00 00 00 00 00 00 00 00 00 00 00 00 00 00 00 00 00 00 00 00 00 00 00 00 00 00 00 00 00 00 00 00 00 00 00 00  

 --- 02-01 (tap iPhone (ApplePay))

2026/8/12 13:47:37.705 [TX] - 56 69 56 4F 74 65 63 68 32 00 02 01 00 15 0A 9F 02 06 00 00 00 00 10 00 9A 03 07 11 21 9F 21 03 10 15 20 30 12 
2026/8/12 13:47:38.982 [RX] - 56 69 56 4F 74 65 63 68 32 00 02 23 01 BA 00 00 00 21 DF EE 26 02 21 00 DF 81 16 16 17 04 00 00 0D 00 00 00 00 00 00 00 00 00 00 00 00 00 00 00 00 00 DF 81 29 08 30 F0 F0 30 A0 F0 FF 00 FF 81 05 82 01 34 4F 07 A0 00 00 00 03 10 10 50 04 56 49 53 41 57 13 48 31 96 12 50 17 59 73 D2 81 22 01 00 00 04 22 99 99 3F 5A 08 48 31 96 12 50 17 59 73 82 02 00 60 84 07 A0 00 00 00 03 10 10 95 05 00 00 00 00 00 9A 03 07 11 21 5F 28 02 07 02 5F 2A 02 08 40 5F 34 01 00 5F 36 01 02 9F 02 06 00 00 00 00 10 00 9F 06 07 A0 00 00 00 03 10 10 9F 10 20 1F 42 03 32 A0 00 00 00 00 10 03 02 73 00 00 00 00 40 00 00 00 00 00 00 00 00 00 00 00 00 00 00 9F 1A 02 08 40 9F 1B 04 00 00 1F 40 9F 1E 08 33 5A 30 30 30 33 37 34 9F 21 03 10 15 20 9F 24 1D 56 30 30 31 30 30 31 33 30 31 36 31 38 33 31 31 33 34 38 39 37 31 33 35 33 36 32 34 32 9F 26 08 1A 26 35 81 09 A0 C6 44 9F 27 01 80 9F 33 03 E0 08 40 9F 34 03 24 03 02 9F 35 01 15 9F 36 02 07 75 9F 37 04 08 96 4C EB 9F 39 01 07 9F 40 05 80 00 00 00 00 9F 41 04 00 00 00 05 9F 5A 05 40 07 02 07 02 9F 66 04 30 00 C0 00 9F 6C 02 00 80 9F 6E 04 23 88 00 00 DF 81 26 06 00 00 00 00 60 00 DF EE 5B 01 05 DF 81 16 16 1B FF 00 00 13 00 00 00 00 00 00 00 00 00 00 00 00 00 00 00 00 00 96 08 03 00 00 00 00 00 00 00 DF EE 4C 01 06 DF EC 1C 1E 08 08 00 01 FF 00 1B 00 00 00 13 FF 00 00 00 00 00 00 00 00 00 00 00 00 00 00 00 00 FF 00 DF EF 7B  --> DFEF7B 01 01 EA 27 00 00 00 00 00 00 00 00 00 00 00 00 00 00 00 00 00 00 00 00 00 00 00 00 00 00 00 00 00 00 00 00 00 00 00 00 00 00 00 00 00 00 00 00 00 00  

 --- 02-01 (tap MChip card)

2026/8/12 13:47:41.673 [TX] - 56 69 56 4F 74 65 63 68 32 00 02 01 00 15 0A 9F 02 06 00 00 00 00 10 00 9A 03 07 11 21 9F 21 03 10 15 20 30 12 
2026/8/12 13:47:42.725 [RX] - 56 69 56 4F 74 65 63 68 32 00 02 23 01 F5 00 00 00 21 DF EE 26 02 21 00 DF 81 16 0D 1E 04 00 00 00 00 00 00 00 00 00 00 00 DF 81 29 08 30 F0 F0 00 B0 F0 FF 00 FF 81 06 1E 9F 42 02 09 78 DF 81 0B 01 00 DF 81 15 06 00 00 00 00 00 FF DF 81 0E 01 00 DF 81 0F 01 00 FF 81 05 82 01 5A 4F 07 A0 00 00 00 04 10 10 50 0F 50 50 43 20 4D 43 44 20 30 31 20 20 76 32 30 57 11 54 13 33 00 89 60 00 10 D1 41 22 01 01 23 40 91 72 5A 08 54 13 33 00 89 60 00 10 82 02 59 80 84 07 A0 00 00 00 04 10 10 8E 0E 00 00 00 00 00 00 00 00 42 03 5E 03 1F 03 95 05 24 00 00 00 01 9A 03 07 11 21 9B 02 00 00 9C 01 00 5F 24 03 14 12 31 5F 25 03 04 01 01 5F 28 02 00 56 5F 34 01 01 9F 01 00 9F 02 06 00 00 00 00 10 00 9F 03 06 00 00 00 00 00 00 9F 06 07 A0 00 00 00 04 10 10 9F 07 02 FF 00 9F 09 02 00 02 9F 0D 05 00 00 00 00 00 9F 0E 05 00 00 00 00 00 9F 0F 05 00 00 00 00 00 9F 10 12 01 10 A0 00 09 22 80 00 00 00 00 00 00 00 00 00 00 FF 9F 15 02 11 11 9F 16 00 9F 1A 02 08 40 9F 1C 00 9F 1D 08 6C FF 00 00 00 00 00 00 9F 1E 08 33 5A 30 30 30 33 37 34 9F 21 03 10 15 20 9F 26 08 0B A5 8F 01 30 9B 36 8B 9F 27 01 80 9F 2A 01 02 9F 33 03 00 08 08 9F 34 03 1F 03 02 9F 35 01 22 9F 36 02 5F 6B 9F 37 04 E1 C3 40 D0 9F 39 01 07 9F 40 05 00 00 00 00 00 9F 41 04 00 00 00 06 9F 42 02 09 78 9F 4E 00 9F 53 01 00 9F 6D 02 00 01 DF EE 76 05 24 00 00 00 01 DF 81 16 0D 1B 00 00 00 00 00 00 00 00 00 00 00 00 DF 81 0C 01 02 96 08 02 00 00 00 00 00 00 00 DF EE 4C 01 03 DF EC 1C 1E 08 03 00 03 FF 00 1B 00 00 00 00 00 81 0C 01 02 96 08 02 00 00 00 00 00 00 00 00 00 FF 00 DF EF 7B  --> DFEF7B 01 00 9F 53 00 00 00 00 00 00 00 00 00 00 00 00 00 00 00 00 00 00 00 00 00 00 00 00 00 00 00 00 00 00 00 00 00 00 00 00 00 00 00 00 00 00 00 00 00 00 00 00 00 00  

 --- 02-40 (tap iPhone (ApplePay))

2026/8/12 13:47:47.194 [TX] - 56 69 56 4F 74 65 63 68 32 00 02 40 00 1A 0A 9F 02 06 00 00 00 00 10 00 9A 03 07 11 21 9F 21 03 10 15 20 DF EF 37 01 02 D2 C2 
2026/8/12 13:47:48.280 [RX] - 56 69 56 4F 74 65 63 68 32 00 02 23 01 B7 21 DF EE 26 02 21 00 DF 81 16 16 17 04 00 00 0D 00 00 00 00 00 00 00 00 00 00 00 00 00 00 00 00 00 DF 81 29 08 30 F0 F0 30 A0 F0 FF 00 FF 81 05 82 01 34 4F 07 A0 00 00 00 03 10 10 50 04 56 49 53 41 57 13 48 31 96 12 50 17 59 73 D2 81 22 01 00 00 04 22 99 99 3F 5A 08 48 31 96 12 50 17 59 73 82 02 00 60 84 07 A0 00 00 00 03 10 10 95 05 00 00 00 00 00 9A 03 07 11 21 5F 28 02 07 02 5F 2A 02 08 40 5F 34 01 00 5F 36 01 02 9F 02 06 00 00 00 00 10 00 9F 06 07 A0 00 00 00 03 10 10 9F 10 20 1F 42 03 32 A0 00 00 00 00 10 03 02 73 00 00 00 00 40 00 00 00 00 00 00 00 00 00 00 00 00 00 00 9F 1A 02 08 40 9F 1B 04 00 00 1F 40 9F 1E 08 33 5A 30 30 30 33 37 34 9F 21 03 10 15 20 9F 24 1D 56 30 30 31 30 30 31 33 30 31 36 31 38 33 31 31 33 34 38 39 37 31 33 35 33 36 32 34 32 9F 26 08 4F 5D 9C 8C AD DA A6 59 9F 27 01 80 9F 33 03 E0 08 40 9F 34 03 24 03 02 9F 35 01 15 9F 36 02 07 76 9F 37 04 14 2A 9E AF 9F 39 01 07 9F 40 05 80 00 00 00 00 9F 41 04 00 00 00 07 9F 5A 05 40 07 02 07 02 9F 66 04 30 00 C0 00 9F 6C 02 00 80 9F 6E 04 23 88 00 00 DF 81 26 06 00 00 00 00 60 00 DF EE 5B 01 05 DF 81 16 16 1B FF 00 00 13 00 00 00 00 00 00 00 00 00 00 00 00 00 00 00 00 00 96 08 03 00 00 00 00 00 00 00 DF EE 4C 01 06 DF EC 1C 1E 08 08 00 01 FF 00 1B 00 00 00 13 FF 00 00 00 00 00 00 00 00 00 00 00 00 00 00 00 00 FF 00 DF EF 7B  --> DFEF7B 01 01 D8 1D 00 00 00 00 00 00 00 00 00 00 00 00 00 00 00 00 00 00 00 00 00 00 00 00 00 00 00 00 00 00 00 00 00 00 00 00 00 00 00 00 00 00 00 00 00 00 00 00 00  

 --- 02-40 (tap MChip card)

2026/8/12 13:47:50.009 [TX] - 56 69 56 4F 74 65 63 68 32 00 02 40 00 1A 0A 9F 02 06 00 00 00 00 10 00 9A 03 07 11 21 9F 21 03 10 15 20 DF EF 37 01 02 D2 C2 
2026/8/12 13:47:50.983 [RX] - 56 69 56 4F 74 65 63 68 32 00 02 23 01 F2 21 DF EE 26 02 21 00 DF 81 16 0D 1E 04 00 00 00 00 00 00 00 00 00 00 00 DF 81 29 08 30 F0 F0 00 B0 F0 FF 00 FF 81 06 1E 9F 42 02 09 78 DF 81 0B 01 00 DF 81 15 06 00 00 00 00 00 FF DF 81 0E 01 00 DF 81 0F 01 00 FF 81 05 82 01 5A 4F 07 A0 00 00 00 04 10 10 50 0F 50 50 43 20 4D 43 44 20 30 31 20 20 76 32 30 57 11 54 13 33 00 89 60 00 10 D1 41 22 01 01 23 40 91 72 5A 08 54 13 33 00 89 60 00 10 82 02 59 80 84 07 A0 00 00 00 04 10 10 8E 0E 00 00 00 00 00 00 00 00 42 03 5E 03 1F 03 95 05 24 00 00 00 01 9A 03 07 11 21 9B 02 00 00 9C 01 00 5F 24 03 14 12 31 5F 25 03 04 01 01 5F 28 02 00 56 5F 34 01 01 9F 01 00 9F 02 06 00 00 00 00 10 00 9F 03 06 00 00 00 00 00 00 9F 06 07 A0 00 00 00 04 10 10 9F 07 02 FF 00 9F 09 02 00 02 9F 0D 05 00 00 00 00 00 9F 0E 05 00 00 00 00 00 9F 0F 05 00 00 00 00 00 9F 10 12 01 10 A0 00 09 22 80 00 00 00 00 00 00 00 00 00 00 FF 9F 15 02 11 11 9F 16 00 9F 1A 02 08 40 9F 1C 00 9F 1D 08 6C FF 00 00 00 00 00 00 9F 1E 08 33 5A 30 30 30 33 37 34 9F 21 03 10 15 20 9F 26 08 0B A5 8F 01 30 9B 36 8B 9F 27 01 80 9F 2A 01 02 9F 33 03 00 08 08 9F 34 03 1F 03 02 9F 35 01 22 9F 36 02 5F 6B 9F 37 04 88 77 17 F4 9F 39 01 07 9F 40 05 00 00 00 00 00 9F 41 04 00 00 00 08 9F 42 02 09 78 9F 4E 00 9F 53 01 00 9F 6D 02 00 01 DF EE 76 05 24 00 00 00 01 DF 81 16 0D 1B 00 00 00 00 00 00 00 00 00 00 00 00 DF 81 0C 01 02 96 08 02 00 00 00 00 00 00 00 DF EE 4C 01 03 DF EC 1C 1E 08 03 00 03 FF 00 1B 00 00 00 00 00 81 0C 01 02 96 08 02 00 00 00 00 00 00 00 00 00 FF 00 DF EF 7B  --> DFEF7B 01 00 C1 3F 00 00 00 00 00 00 00 00 00 00 00 00 00 00 00 00 00 00 00 00 00 00 00 00 00 00 00 00 00 00 00 00 00 00 00 00 00 00 00 00 00 00 00 00 00 00 00 00 00 00 00 00 00  

 --- 02-01 VAS Only (tap iPhone (AppleVAS -- Panera Bread card))

2026/8/12 13:47:53.001 [TX] - 56 69 56 4F 74 65 63 68 32 00 02 01 00 29 30 9F 02 06 00 00 00 00 00 01 9C 01 00 FF EE 06 18 9F 22 02 01 00 9F 26 04 00 00 00 02 9F 2B 05 01 00 00 00 00 DF 01 01 01 CF 40 
2026/8/12 13:47:53.724 [RX] - 56 69 56 4F 74 65 63 68 32 00 02 57 00 96 00 00 00 00 21 DF EE 26 02 21 00 FF EE 06 75 9A 03 00 01 01 9F 21 03 10 05 37 9F 25 20 06 41 3B 95 7A 52 59 98 3B 60 8C FC 89 CF B1 DA B9 0C E7 05 AD 8E FF 78 E9 DE 12 2C CF 8D 2C BF 9F 2A 00 9F 27 41 44 8D EC 4C 45 83 C0 D7 1D 0F 65 AC F1 79 8D 69 48 2A CF CF C2 27 81 71 D0 7B 0E DA 82 CF 41 2D 11 46 D7 66 D8 44 BB 2F 43 54 9A 84 D4 D6 E8 32 D4 5D 26 F8 E9 69 E6 CB D4 8D 59 88 96 B7 B8 3A 6D 9F 39 01 07 FF EE 01 05 DF EE 30 01 00 DF EF 7B  --> DFEF7B 01 01 60 85 00 00 00 00 00 00 00 00 00 00 00 00 00 00 00 00 00 00 00 00 00 00 00  

 --- 02-40 VAS Only (tap iPhone (AppleVAS -- Panera Bread card))

2026/8/12 13:47:57.000 [TX] - 56 69 56 4F 74 65 63 68 32 00 02 40 00 2E 30 9F 02 06 00 00 00 00 00 01 9C 01 00 FF EE 06 18 9F 22 02 01 00 9F 26 04 00 00 00 02 9F 2B 05 01 00 00 00 00 DF 01 01 01 DF EF 37 01 02 7E 57 
2026/8/12 13:47:57.768 [RX] - 56 69 56 4F 74 65 63 68 32 00 02 57 00 92 21 DF EE 26 02 21 00 FF EE 06 75 9A 03 00 01 01 9F 21 03 10 05 41 9F 25 20 06 41 3B 95 7A 52 59 98 3B 60 8C FC 89 CF B1 DA B9 0C E7 05 AD 8E FF 78 E9 DE 12 2C CF 8D 2C BF 9F 2A 00 9F 27 41 44 8D EC 4C CF B7 F5 22 11 88 9B 16 E5 09 28 94 31 FC 99 FF CC 62 6E 61 3B E8 E1 EA 29 81 BD 22 2E 96 7F 95 B8 18 AF E5 22 FB D9 14 A9 AD 1F CB EB C3 45 F1 F1 87 67 EB 4C 12 1A 83 54 29 09 64 B9 9F 39 01 07 FF EE 01 05 DF EE 30 01 00 DF EF 7B  --> DFEF7B 01 01 FA F6 00 00 00 00 00 00 00 00 00 00 00 00 00 00 00 00 00 00 00 00 00 00 00 00 00 00 00  

 Result = PASSED
 ---------- END OF TEST ----------

 Result = PASSED


Docklight Log File (HEX) - Stopped 2026/8/12 13:47:59.140 

