Docklight Log File (HEX) - Started 2026/9/30 15:17:51.013 
 TEST CASE: ASW004

 --- Set POS COM PORT Settings
 Set POS COM PORT...
 POS operating on COM90 @ 115200 baud...
 Set POS COM PORT - COMPLETE

 --- PT Stop >>> got OC as status code

2026/9/30 15:17:53.405 [TX] - 56 69 56 4F 74 65 63 68 32 00 2C 01 00 01 00 38 0D 
2026/9/30 15:17:53.412 [RX] - 56 69 56 4F 74 65 63 68 32 00 2C 0C 00 00 69 FA 00 00 00 00 00 00 00 00 00 00 00 00 00 00 00 00 00 00 00 00 00 00 00 00 00 00 00 00 00 00 00 00 00 00 00 00 00 00 00 00 00 00 00 00 00 00 00  
v2StsCode = 012

 --- Poll on Demand

2026/9/30 15:17:54.916 [TX] - 56 69 56 4F 74 65 63 68 32 00 01 01 00 01 01 D7 34 
2026/9/30 15:17:54.927 [RX] - 56 69 56 4F 74 65 63 68 32 00 01 00 00 00 12 53 00 00 00 00 00 00 00 00 00 00 00 00 00 00 00 00 00 00 00 00 00 00 00 00 00 00 00 00 00 00 00 00 00 00 00 00 00 00 00 00 00 00 00 00 00 00 00  
v2StsCode = 000

 --- Set Configuration Global On

2026/9/30 15:17:54.949 [TX] - 56 69 56 4F 74 65 63 68 32 00 04 00 00 05 DF EE 7C 01 01 21 60 
2026/9/30 15:17:54.987 [RX] - 56 69 56 4F 74 65 63 68 32 00 04 00 00 00 AE 16 00 00 00 00 00 00 00 00 00 00 00 00 00 00 00 00 00 00 00 00 00 00 00 00 00 00 00 00 00 00 00 00 00 00 00 00 00 00 00 00 00 00 00 00 00 00 00  
v2StsCode = 000

 --- Activate Transaction ---> Mifare Ultralight card

2026/9/30 15:17:57.355 [TX] - 56 69 56 4F 74 65 63 68 32 00 02 40 00 27 0A 9F 02 06 00 00 00 00 00 01 5F 2A 02 09 78 9A 03 11 09 27 9F 21 03 10 15 20 9F 1A 02 00 56 9C 01 00 DF EF 37 01 02 0C 1E 
2026/9/30 15:17:57.489 [RX] - 56 69 56 4F 74 65 63 68 32 00 02 50 00 1F 21 DF EE 26 02 21 00 DF EE 02 04 27 90 00 00 DF EC 0F 0C 02 44 00 00 07 04 C2 78 9A 63 1E 80 07 52 00 00 00 00 00 00 00 00 00 00 00 00 00 00 00 00  
v2StsCode = 080

 
v2StsCode = 080

 >>> Poll For Token >>> Buzzer >>> PT Stop

2026/9/30 15:17:57.517 [TX] - 56 69 56 4F 74 65 63 68 32 00 2C 02 00 02 00 C8 6B 06 
2026/9/30 15:17:57.667 [RX] - 56 69 56 4F 74 65 63 68 32 00 2C 00 00 08 04 04 C2 78 9A 63 1E 80 EB DA 00 00 00 00 00 00 00 00 00 00 00 00 00 00 00 00 00 00 00 00 00 00 00 00 00 00 00 00 00 00 00 00 00 00 00 00 00 00 00  
v2StsCode = 000


2026/9/30 15:17:57.686 [TX] - 56 69 56 4F 74 65 63 68 32 00 0B 02 00 01 00 84 F9 
2026/9/30 15:17:57.694 [RX] - 56 69 56 4F 74 65 63 68 32 00 0B 00 00 00 7A F8 00 00 00 00 00 00 00 00 00 00 00 00 00 00 00 00 00 00 00 00 00 00 00 00 00 00 00 00 00 00 00 00 00 00 00 00 00 00 00 00 00 00 00 00 00 00 00  
v2StsCode = 000


2026/9/30 15:17:57.706 [TX] - 56 69 56 4F 74 65 63 68 32 00 2C 01 00 01 00 38 0D 
2026/9/30 15:17:57.719 [RX] - 56 69 56 4F 74 65 63 68 32 00 2C 00 00 00 1C 9B 00 00 00 00 00 00 00 00 00 00 00 00 00 00 00 00 00 00 00 00 00 00 00 00 00 00 00 00 00 00 00 00 00 00 00 00 00 00 00 00 00 00 00 00 00 00 00  
v2StsCode = 000

 --- Activate Transaction 2 ---> Visa card

2026/9/30 15:18:22.909 [TX] - 56 69 56 4F 74 65 63 68 32 00 02 40 00 27 0A 9F 02 06 00 00 00 00 10 01 5F 2A 02 08 40 9A 03 11 09 27 9F 21 03 10 15 20 9F 1A 02 00 56 9C 01 00 DF EF 37 01 02 5B F0 
2026/9/30 15:18:23.897 [RX] - 56 69 56 4F 74 65 63 68 32 00 02 23 01 DE 21 DF EE 26 02 21 00 DF 81 16 16 17 04 00 00 0D 00 00 00 00 00 00 00 00 00 00 00 00 00 00 00 00 00 DF 81 29 08 30 F0 F0 F0 B0 F0 FF 00 FF 81 06 09 9F 5D 06 00 00 00 01 00 00 FF 81 05 82 01 15 4F 07 A0 00 00 00 03 10 10 50 0C 56 49 53 41 20 54 45 53 54 20 30 31 57 13 47 61 73 90 01 01 00 10 D2 01 21 20 00 12 33 99 00 03 1F 5A 08 47 61 73 90 01 01 00 10 82 02 20 20 84 07 A0 00 00 00 03 10 10 8F 01 51 95 05 00 00 00 00 00 9A 03 11 09 27 9C 01 00 5F 24 03 20 12 31 5F 2A 02 08 40 5F 2D 04 65 73 65 6E 5F 34 01 01 5F 36 01 02 9F 02 06 00 00 00 00 10 01 9F 10 07 06 01 11 03 90 00 00 9F 11 01 01 9F 12 0C 50 72 65 66 20 4E 61 6D 65 20 30 31 9F 1A 02 00 56 9F 1B 04 00 00 1F 40 9F 1E 08 33 5A 30 30 31 30 35 35 9F 21 03 10 15 20 9F 26 08 AA BB CC DD EE FF 11 22 9F 27 01 40 9F 33 03 E0 08 40 9F 34 03 3F 00 00 9F 35 01 15 9F 36 02 00 03 9F 37 04 60 F0 07 87 9F 39 01 07 9F 40 05 80 00 00 00 00 9F 41 04 00 00 00 01 9F 66 04 30 00 C0 00 9F 69 07 01 11 22 33 44 20 00 9F 6C 02 20 00 DF 81 26 06 00 00 00 00 60 00 DF EE 5B 01 05 DF 81 16 16 1B FF 00 00 13 65 73 65 6E 00 00 00 00 20 00 00 00 01 00 00 08 40 96 08 03 00 00 00 00 00 00 00 DF EE 4C 01 06 DF EC 1C 1E 08 03 00 04 FF 00 1B 00 00 00 13 01 00 00 00 01 00 00 08 40 65 73 65 6E 00 00 00 00 FF 00 DF EF 4C 06 00 27 00 00 00 00 DF EF 4D 27 3B 34 37 36 31 37 33 39 30 30 31 30 31 30 30 31 30 3D 32 30 31 32 31 32 30 30 30 31 32 33 33 39 39 30 30 30 33 31 3F FF EE 01 05 DF EE 30 01 00 19 92 00 00 00 00 00 00 00 00 00 00  
v2StsCode = 035

 

 --- Activate Transaction ---> Visa card

2026/9/30 15:18:26.229 [TX] - 56 69 56 4F 74 65 63 68 32 00 02 40 00 27 0A 9F 02 06 00 00 00 00 00 01 5F 2A 02 09 78 9A 03 11 09 27 9F 21 03 10 15 20 9F 1A 02 00 56 9C 01 00 DF EF 37 01 02 0C 1E 
2026/9/30 15:18:27.147 [RX] - 56 69 56 4F 74 65 63 68 32 00 02 23 01 DE 21 DF EE 26 02 21 00 DF 81 16 16 17 04 00 00 0D 00 00 00 00 00 00 00 00 00 00 00 00 00 00 00 00 00 DF 81 29 08 30 F0 F0 F0 B0 F0 FF 00 FF 81 06 09 9F 5D 06 00 00 00 01 00 00 FF 81 05 82 01 15 4F 07 A0 00 00 00 03 10 10 50 0C 56 49 53 41 20 54 45 53 54 20 30 31 57 13 47 61 73 90 01 01 00 10 D2 01 21 20 00 12 33 99 00 03 1F 5A 08 47 61 73 90 01 01 00 10 82 02 20 20 84 07 A0 00 00 00 03 10 10 8F 01 51 95 05 00 00 00 00 00 9A 03 11 09 27 9C 01 00 5F 24 03 20 12 31 5F 2A 02 09 78 5F 2D 04 65 73 65 6E 5F 34 01 01 5F 36 01 02 9F 02 06 00 00 00 00 00 01 9F 10 07 06 01 11 03 90 00 00 9F 11 01 01 9F 12 0C 50 72 65 66 20 4E 61 6D 65 20 30 31 9F 1A 02 00 56 9F 1B 04 00 00 1F 40 9F 1E 08 33 5A 30 30 31 30 35 35 9F 21 03 10 15 20 9F 26 08 AA BB CC DD EE FF 11 22 9F 27 01 40 9F 33 03 E0 08 40 9F 34 03 3F 00 00 9F 35 01 15 9F 36 02 00 03 9F 37 04 C5 D4 F1 43 9F 39 01 07 9F 40 05 80 00 00 00 00 9F 41 04 00 00 00 02 9F 66 04 30 00 C0 00 9F 69 07 01 11 22 33 44 20 00 9F 6C 02 20 00 DF 81 26 06 00 00 00 00 60 00 DF EE 5B 01 05 DF 81 16 16 1B FF 00 00 13 65 73 65 6E 00 00 00 00 20 00 00 00 01 00 00 09 78 96 08 03 00 00 00 00 00 00 00 DF EE 4C 01 06 DF EC 1C 1E 08 03 00 04 FF 00 1B 00 00 00 13 01 00 00 00 01 00 00 09 78 65 73 65 6E 00 00 00 00 FF 00 DF EF 4C 06 00 27 00 00 00 00 DF EF 4D 27 3B 34 37 36 31 37 33 39 30 30 31 30 31 30 30 31 30 3D 32 30 31 32 31 32 30 30 30 31 32 33 33 39 39 30 30 30 33 31 3F FF EE 01 05 DF EE 30 01 00 76 9B 00 00 00 00 00 00 00 00 00 00  
v2StsCode = 035

 

 --- Set Configuration Global Off

2026/9/30 15:18:27.381 [TX] - 56 69 56 4F 74 65 63 68 32 00 04 00 00 05 DF EE 7C 01 00 00 70 
2026/9/30 15:18:27.418 [RX] - 56 69 56 4F 74 65 63 68 32 00 04 00 00 00 AE 16 00 00 00 00 00 00 00 00 00 00 00 00 00 00 00 00 00 00 00 00 00 00 00 00 00 00 00 00 00 00 00 00 00 00 00 00 00 00 00 00 00 00 00 00 00 00 00  
v2StsCode = 000

 --- A0 00 00 09 99 10 10 Auto Off

2026/9/30 15:18:27.658 [TX] - 56 69 56 4F 74 65 63 68 32 00 04 02 00 23 DF EE 2D 01 00 9F 06 07 A0 00 00 09 99 10 10 DF EE 4C 01 03 DF EE 4B 01 01 DF EE 2E 01 10 DF EE 7C 01 00 C7 33 
2026/9/30 15:18:27.695 [RX] - 56 69 56 4F 74 65 63 68 32 00 04 00 00 00 AE 16 00 00 00 00 00 00 00 00 00 00 00 00 00 00 00 00 00 00 00 00 00 00 00 00 00 00 00 00 00 00 00 00 00 00 00 00 00 00 00 00 00 00 00 00 00 00 00  
v2StsCode = 000

 --- Poll On Demand

2026/9/30 15:18:27.922 [TX] - 56 69 56 4F 74 65 63 68 32 00 01 01 00 01 01 D7 34 
2026/9/30 15:18:27.933 [RX] - 56 69 56 4F 74 65 63 68 32 00 01 00 00 00 12 53 00 00 00 00 00 00 00 00 00 00 00 00 00 00 00 00 00 00 00 00 00 00 00 00 00 00 00 00 00 00 00 00 00 00 00 00 00 00 00 00 00 00 00 00 00 00 00  
v2StsCode = 000


2026/9/30 15:18:27.965 [TX] - 56 69 56 4F 74 65 63 68 32 00 2C 01 00 01 00 38 0D 
2026/9/30 15:18:27.978 [RX] - 56 69 56 4F 74 65 63 68 32 00 2C 0C 00 00 69 FA 00 00 00 00 00 00 00 00 00 00 00 00 00 00 00 00 00 00 00 00 00 00 00 00 00 00 00 00 00 00 00 00 00 00 00 00 00 00 00 00 00 00 00 00 00 00 00  
v2StsCode = 012

 

 Result = PASSED
 ---------- END OF TEST ----------

 

 MASTER RESULT = PASSED


Docklight Log File (HEX) - Stopped 2026/9/30 15:18:30.607 

