Docklight Log File (HEX) - Started 2026/9/15 11:19:38.507 
 TEST CASE: applepay7-1-A

 --- Set POS COM PORT Settings
 Set POS COM PORT...
 POS operating on COM90 @ 115200 baud...
 Set POS COM PORT - COMPLETE


2026/9/15 11:19:40.786 [TX] - 56 69 56 4F 74 65 63 68 32 00 01 01 00 01 01 D7 34 
2026/9/15 11:19:40.799 [RX] - 56 69 56 4F 74 65 63 68 32 00 01 00 00 00 12 53 00 00 00 00 00 00 00 00 00 00 00 00 00 00 00 00 00 00 00 00 00 00 00 00 00 00 00 00 00 00 00 00 00 00 00 00 00 00 00 00 00 00 00 00 00 00 00  

 --- Get FW ver (29-00)

2026/9/15 11:19:42.316 [TX] - 56 69 56 4F 74 65 63 68 32 00 29 00 00 00 DE A0 
2026/9/15 11:19:42.325 [RX] - 56 69 56 4F 74 65 63 68 32 00 29 00 00 1A 56 50 33 33 35 30 20 46 57 20 76 31 2E 30 30 2E 39 39 39 2E 32 36 33 34 2E 54 1B 4E 00 00 00 00 00 00 00 00 00 00 00 00 00 00 00 00 00 00 00 00 00  

 --- Set Merchant 1 - Blank 

2026/9/15 11:19:43.961 [TX] - 56 69 56 4F 74 65 63 68 32 00 04 11 00 63 01 00 00 00 00 00 00 00 00 00 00 00 00 00 00 00 00 00 00 00 00 00 00 00 00 00 00 00 00 00 00 00 00 00 00 00 00 00 00 00 00 00 00 00 00 00 00 00 00 00 00 00 00 00 00 00 00 00 00 00 00 00 00 00 00 00 00 00 00 00 00 00 00 00 00 00 00 00 00 00 00 00 00 00 00 00 00 00 00 00 00 00 00 00 00 00 00 00 00 4D EC 
2026/9/15 11:19:44.016 [RX] - 56 69 56 4F 74 65 63 68 32 00 04 00 00 00 AE 16 00 00 00 00 00 00 00 00 00 00 00 00 00 00 00 00 00 00 00 00 00 00 00 00 00 00 00 00 00 00 00 00 00 00 00 00 00 00 00 00 00 00 00 00 00 00 00  

 --- Set Merchant 2 - Blank 

2026/9/15 11:19:44.544 [TX] - 56 69 56 4F 74 65 63 68 32 00 04 11 00 63 02 00 00 00 00 00 00 00 00 00 00 00 00 00 00 00 00 00 00 00 00 00 00 00 00 00 00 00 00 00 00 00 00 00 00 00 00 00 00 00 00 00 00 00 00 00 00 00 00 00 00 00 00 00 00 00 00 00 00 00 00 00 00 00 00 00 00 00 00 00 00 00 00 00 00 00 00 00 00 00 00 00 00 00 00 00 00 00 00 00 00 00 00 00 00 00 00 00 00 6B 09 
2026/9/15 11:19:44.679 [RX] - 56 69 56 4F 74 65 63 68 32 00 04 00 00 00 AE 16 00 00 00 00 00 00 00 00 00 00 00 00 00 00 00 00 00 00 00 00 00 00 00 00 00 00 00 00 00 00 00 00 00 00 00 00 00 00 00 00 00 00 00 00 00 00 00  

 --- Set Merchant 3 - Blank

2026/9/15 11:19:45.221 [TX] - 56 69 56 4F 74 65 63 68 32 00 04 11 00 63 03 00 00 00 00 00 00 00 00 00 00 00 00 00 00 00 00 00 00 00 00 00 00 00 00 00 00 00 00 00 00 00 00 00 00 00 00 00 00 00 00 00 00 00 00 00 00 00 00 00 00 00 00 00 00 00 00 00 00 00 00 00 00 00 00 00 00 00 00 00 00 00 00 00 00 00 00 00 00 00 00 00 00 00 00 00 00 00 00 00 00 00 00 00 00 00 00 00 00 96 A5 
2026/9/15 11:19:45.263 [RX] - 56 69 56 4F 74 65 63 68 32 00 04 00 00 00 AE 16 00 00 00 00 00 00 00 00 00 00 00 00 00 00 00 00 00 00 00 00 00 00 00 00 00 00 00 00 00 00 00 00 00 00 00 00 00 00 00 00 00 00 00 00 00 00 00  

 --- Set Merchant 4 - Blank 

2026/9/15 11:19:45.806 [TX] - 56 69 56 4F 74 65 63 68 32 00 04 11 00 63 04 00 00 00 00 00 00 00 00 00 00 00 00 00 00 00 00 00 00 00 00 00 00 00 00 00 00 00 00 00 00 00 00 00 00 00 00 00 00 00 00 00 00 00 00 00 00 00 00 00 00 00 00 00 00 00 00 00 00 00 00 00 00 00 00 00 00 00 00 00 00 00 00 00 00 00 00 00 00 00 00 00 00 00 00 00 00 00 00 00 00 00 00 00 00 00 00 00 00 06 D3 
2026/9/15 11:19:45.849 [RX] - 56 69 56 4F 74 65 63 68 32 00 04 00 00 00 AE 16 00 00 00 00 00 00 00 00 00 00 00 00 00 00 00 00 00 00 00 00 00 00 00 00 00 00 00 00 00 00 00 00 00 00 00 00 00 00 00 00 00 00 00 00 00 00 00  

 --- Set Merchant 5 - Blank 

2026/9/15 11:19:46.374 [TX] - 56 69 56 4F 74 65 63 68 32 00 04 11 00 63 05 00 00 00 00 00 00 00 00 00 00 00 00 00 00 00 00 00 00 00 00 00 00 00 00 00 00 00 00 00 00 00 00 00 00 00 00 00 00 00 00 00 00 00 00 00 00 00 00 00 00 00 00 00 00 00 00 00 00 00 00 00 00 00 00 00 00 00 00 00 00 00 00 00 00 00 00 00 00 00 00 00 00 00 00 00 00 00 00 00 00 00 00 00 00 00 00 00 00 FB 7F 
2026/9/15 11:19:46.416 [RX] - 56 69 56 4F 74 65 63 68 32 00 04 00 00 00 AE 16 00 00 00 00 00 00 00 00 00 00 00 00 00 00 00 00 00 00 00 00 00 00 00 00 00 00 00 00 00 00 00 00 00 00 00 00 00 00 00 00 00 00 00 00 00 00 00  

 --- Set Merchant 6 - Blank 

2026/9/15 11:19:46.940 [TX] - 56 69 56 4F 74 65 63 68 32 00 04 11 00 63 06 00 00 00 00 00 00 00 00 00 00 00 00 00 00 00 00 00 00 00 00 00 00 00 00 00 00 00 00 00 00 00 00 00 00 00 00 00 00 00 00 00 00 00 00 00 00 00 00 00 00 00 00 00 00 00 00 00 00 00 00 00 00 00 00 00 00 00 00 00 00 00 00 00 00 00 00 00 00 00 00 00 00 00 00 00 00 00 00 00 00 00 00 00 00 00 00 00 00 DD 9A 
2026/9/15 11:19:46.983 [RX] - 56 69 56 4F 74 65 63 68 32 00 04 00 00 00 AE 16 00 00 00 00 00 00 00 00 00 00 00 00 00 00 00 00 00 00 00 00 00 00 00 00 00 00 00 00 00 00 00 00 00 00 00 00 00 00 00 00 00 00 00 00 00 00 00  

 --- ACT - VAS Only *** NEO2

2026/9/15 11:19:47.679 [TX] - 56 69 56 4F 74 65 63 68 32 00 02 40 00 2A 30 9F 02 06 00 00 00 00 00 01 9C 01 00 FF EE 06 19 9F 22 02 01 00 9F 26 04 00 00 00 02 9F 2B 05 01 00 00 00 00 DF EE 01 01 01 0B 6E 
2026/9/15 11:19:47.715 [RX] - 56 69 56 4F 74 65 63 68 32 00 02 63 00 00 4B B4 00 00 00 00 00 00 00 00 00 00 00 00 00 00 00 00 00 00 00 00 00 00 00 00 00 00 00 00 00 00 00 00 00 00 00 00 00 00 00 00 00 00 00 00 00 00 00 56 69 56 4F 74 65 63 68 32 00 61 01 00 10 03 00 00 02 00 45 4E 03 00 82 57 1C 02 00 00 60 FB 9A 00 00 00 00 00 00 00 00 00 00 00 00 00 00 00 00 00 00 00 00 00 00 00 00 00 00 00 00 00 00 00 56 69 56 4F 74 65 63 68 32 00 61 01 00 19 04 00 00 02 00 45 4E 0C 00 84 01 1C 04 24 1C 04 30 2E 30 31 1C 02 00 F4 21 62 DF 00 00 00 00 00 00 00 00 00 00 00 00 00 00 00 00 00 00 00 00 00 00 56 69 56 4F 74 65 63 68 32 00 61 01 00 10 03 00 00 02 00 45 4E 03 00 82 1A 1C 02 00 F4 21 58 29 00 00 00 00 00 00 00 00 00 00 00 00 00 00 00 00 00 00 00 00 00 00 00 00 00 00 00 00 00 00 00 56 69 56 4F 74 65 63 68 32 00 02 57 00 2B E1 DF EE 26 02 E1 00 FF EE 06 13 9A 03 26 09 15 9F 21 03 03 19 26 DF EE 02 04 20 67 00 02 9F 39 01 07 FF EE 01 05 DF EE 30 01 00 AC FC 00 00 00 00 56 69 56 4F 74 65 63 68 32 00 61 01 00 10 03 00 00 02 00 45 4E 03 00 82 23 1C 02 00 00 20 F0 63 00 00 00 00 00 00 00 00 00 00 00 00 00 00 00 00 00 00 00 00 00 00 00 00 00 00 00 00 00 00 00  

 --- ACT - VAS OR Pay 

2026/9/15 11:19:50.300 [TX] - 56 69 56 4F 74 65 63 68 32 00 02 40 00 2A 30 9F 02 06 00 00 00 00 00 01 9C 01 00 FF EE 06 19 9F 22 02 01 00 9F 26 04 00 00 00 00 9F 2B 05 01 00 00 00 00 DF EE 01 01 01 C9 98 
2026/9/15 11:19:50.336 [RX] - 56 69 56 4F 74 65 63 68 32 00 02 63 00 00 4B B4 00 00 00 00 00 00 00 00 00 00 00 00 00 00 00 00 00 00 00 00 00 00 00 00 00 00 00 00 00 00 00 00 00 00 00 00 00 00 00 00 00 00 00 00 00 00 00 56 69 56 4F 74 65 63 68 32 00 61 01 00 10 03 00 00 02 00 45 4E 03 00 82 57 1C 02 00 00 60 FB 9A 00 00 00 00 00 00 00 00 00 00 00 00 00 00 00 00 00 00 00 00 00 00 00 00 00 00 00 00 00 00 00 56 69 56 4F 74 65 63 68 32 00 61 01 00 19 04 00 00 02 00 45 4E 0C 00 84 01 1C 04 24 1C 04 30 2E 30 31 1C 02 00 F4 21 62 DF 00 00 00 00 00 00 00 00 00 00 00 00 00 00 00 00 00 00 00 00 00 00 56 69 56 4F 74 65 63 68 32 00 61 01 00 10 03 00 00 02 00 45 4E 03 00 82 1A 1C 02 00 F4 21 58 29 00 00 00 00 00 00 00 00 00 00 00 00 00 00 00 00 00 00 00 00 00 00 00 00 00 00 00 00 00 00 00 56 69 56 4F 74 65 63 68 32 00 61 01 00 10 03 00 00 02 00 45 4E 03 00 82 68 1C 02 00 F4 21 96 F5 00 00 00 00 00 00 00 00 00 00 00 00 00 00 00 00 00 00 00 00 00 00 00 00 00 00 00 00 00 00 00 56 69 56 4F 74 65 63 68 32 00 61 01 00 10 03 00 00 02 00 45 4E 03 00 82 15 1C 02 00 F4 21 9D 2A 00 00 00 00 00 00 00 00 00 00 00 00 00 00 00 00 00 00 00 00 00 00 00 00 00 00 00 00 00 00 00 56 69 56 4F 74 65 63 68 32 00 02 23 01 39 F1 DF EE 26 02 F1 00 DF EE 12 0A FF FF 98 76 54 32 11 00 00 14 DF EF 4C 06 00 00 00 00 00 00 DF EF 4D 00 DF 81 16 16 1E 04 00 00 00 00 00 00 00 00 00 00 00 00 00 00 00 00 00 00 00 00 DF 81 29 08 30 F0 F0 00 30 F0 FF 00 FF 81 06 44 DF 81 15 06 00 00 00 00 00 FF DF 81 2A C1 20 3E 31 D4 6B 26 B3 B0 86 68 31 45 0A 58 17 18 79 0C B7 25 9B 97 3F 1B 62 D7 84 8A 30 DC 47 03 BB DF 81 2B C1 10 B7 C1 7E 0E DF 89 00 D0 F0 13 BD 6C D6 E2 42 C1 FF 81 05 5D 82 02 00 00 84 07 A0 00 00 00 04 10 10 95 05 00 00 00 00 00 9A 03 26 09 15 9B 02 00 00 9C 01 00 9F 02 06 00 00 00 00 00 01 9F 06 07 A0 00 00 00 04 10 10 9F 09 02 00 01 9F 1A 02 00 56 9F 21 03 03 19 29 9F 33 03 00 00 08 9F 35 01 22 9F 36 02 33 52 9F 37 04 66 78 4A 64 9F 39 01 91 FF EE 01 05 DF EE 30 01 00 DF EE 4C 01 03 DF EC 1C 1E 08 03 00 03 FF 00 1E 04 00 00 00 FF 00 00 00 00 00 00 00 00 00 00 00 00 00 00 00 00 FF 00 FF EE 06 13 9A 03 26 09 15 9F 21 03 03 19 29 DF EE 02 04 20 67 00 02 60 09 00 00 00 00 00 00 00 00 00 00 00 00 00 00 00 00 00 00 00 00 00 00 00 00 00 00 00 00 00 00 00 00 00 00 00 00 00 00 00 00 00 00 00 00 00 00 00 00 00  

 --- ACT - VAS AND Pay 

2026/9/15 11:19:52.990 [TX] - 56 69 56 4F 74 65 63 68 32 00 02 40 00 2A 30 9F 02 06 00 00 00 00 00 01 9C 01 00 FF EE 06 19 9F 22 02 01 00 9F 26 04 00 00 00 01 9F 2B 05 01 00 00 00 00 DF EE 01 01 01 A8 E3 
2026/9/15 11:19:53.025 [RX] - 56 69 56 4F 74 65 63 68 32 00 02 63 00 00 4B B4 00 00 00 00 00 00 00 00 00 00 00 00 00 00 00 00 00 00 00 00 00 00 00 00 00 00 00 00 00 00 00 00 00 00 00 00 00 00 00 00 00 00 00 00 00 00 00 56 69 56 4F 74 65 63 68 32 00 61 01 00 10 03 00 00 02 00 45 4E 03 00 82 57 1C 02 00 00 60 FB 9A 00 00 00 00 00 00 00 00 00 00 00 00 00 00 00 00 00 00 00 00 00 00 00 00 00 00 00 00 00 00 00 56 69 56 4F 74 65 63 68 32 00 61 01 00 19 04 00 00 02 00 45 4E 0C 00 84 01 1C 04 24 1C 04 30 2E 30 31 1C 02 00 F4 21 62 DF 00 00 00 00 00 00 00 00 00 00 00 00 00 00 00 00 00 00 00 00 00 00 56 69 56 4F 74 65 63 68 32 00 61 01 00 10 03 00 00 02 00 45 4E 03 00 82 1A 1C 02 00 F4 21 58 29 00 00 00 00 00 00 00 00 00 00 00 00 00 00 00 00 00 00 00 00 00 00 00 00 00 00 00 00 00 00 00 56 69 56 4F 74 65 63 68 32 00 61 01 00 10 03 00 00 02 00 45 4E 03 00 82 68 1C 02 00 F4 21 96 F5 00 00 00 00 00 00 00 00 00 00 00 00 00 00 00 00 00 00 00 00 00 00 00 00 00 00 00 00 00 00 00 56 69 56 4F 74 65 63 68 32 00 61 01 00 10 03 00 00 02 00 45 4E 03 00 82 15 1C 02 00 F4 21 9D 2A 00 00 00 00 00 00 00 00 00 00 00 00 00 00 00 00 00 00 00 00 00 00 00 00 00 00 00 00 00 00 00 56 69 56 4F 74 65 63 68 32 00 02 23 01 39 F1 DF EE 26 02 F1 00 DF EE 12 0A FF FF 98 76 54 32 11 00 00 15 DF EF 4C 06 00 00 00 00 00 00 DF EF 4D 00 DF 81 16 16 1E 04 00 00 00 00 00 00 00 00 00 00 00 00 00 00 00 00 00 00 00 00 DF 81 29 08 30 F0 F0 00 30 F0 FF 00 FF 81 06 44 DF 81 15 06 00 00 00 00 00 FF DF 81 2A C1 20 DC 5A 74 DA D8 04 AE B6 C3 43 F0 32 03 5C 6F 35 43 C4 C5 DD A4 58 AA 4A BA A0 8A C0 59 AD 29 A4 DF 81 2B C1 10 6C 63 2B 26 91 3E DA 83 65 5D 04 CE 17 D1 C2 83 FF 81 05 5D 82 02 00 00 84 07 A0 00 00 00 04 10 10 95 05 00 00 00 00 00 9A 03 26 09 15 9B 02 00 00 9C 01 00 9F 02 06 00 00 00 00 00 01 9F 06 07 A0 00 00 00 04 10 10 9F 09 02 00 01 9F 1A 02 00 56 9F 21 03 03 19 32 9F 33 03 00 00 08 9F 35 01 22 9F 36 02 33 53 9F 37 04 D6 C4 06 76 9F 39 01 91 FF EE 01 05 DF EE 30 01 00 DF EE 4C 01 03 DF EC 1C 1E 08 03 00 03 FF 00 1E 04 00 00 00 FF 00 00 00 00 00 00 00 00 00 00 00 00 00 00 00 00 FF 00 FF EE 06 13 9A 03 26 09 15 9F 21 03 03 19 32 DF EE 02 04 20 67 00 02 D0 89 00 00 00 00 00 00 00 00 00 00 00 00 00 00 00 00 00 00 00 00 00 00 00 00 00 00 00 00 00 00 00 00 00 00 00 00 00 00 00 00 00 00 00 00 00 00 00 00 00  

 --- ACT - Pay Only 

2026/9/15 11:19:55.537 [TX] - 56 69 56 4F 74 65 63 68 32 00 02 40 00 2A 30 9F 02 06 00 00 00 00 00 01 9C 01 00 FF EE 06 19 9F 22 02 01 00 9F 26 04 00 00 00 03 9F 2B 05 01 00 00 00 00 DF EE 01 01 01 6A 15 
2026/9/15 11:19:55.572 [RX] - 56 69 56 4F 74 65 63 68 32 00 02 63 00 00 4B B4 00 00 00 00 00 00 00 00 00 00 00 00 00 00 00 00 00 00 00 00 00 00 00 00 00 00 00 00 00 00 00 00 00 00 00 00 00 00 00 00 00 00 00 00 00 00 00 56 69 56 4F 74 65 63 68 32 00 61 01 00 10 03 00 00 02 00 45 4E 03 00 82 57 1C 02 00 00 60 FB 9A 00 00 00 00 00 00 00 00 00 00 00 00 00 00 00 00 00 00 00 00 00 00 00 00 00 00 00 00 00 00 00 56 69 56 4F 74 65 63 68 32 00 61 01 00 19 04 00 00 02 00 45 4E 0C 00 84 01 1C 04 24 1C 04 30 2E 30 31 1C 02 00 F4 21 62 DF 00 00 00 00 00 00 00 00 00 00 00 00 00 00 00 00 00 00 00 00 00 00 56 69 56 4F 74 65 63 68 32 00 61 01 00 10 03 00 00 02 00 45 4E 03 00 82 1A 1C 02 00 F4 21 58 29 00 00 00 00 00 00 00 00 00 00 00 00 00 00 00 00 00 00 00 00 00 00 00 00 00 00 00 00 00 00 00 56 69 56 4F 74 65 63 68 32 00 61 01 00 10 03 00 00 02 00 45 4E 03 00 82 68 1C 02 00 F4 21 96 F5 00 00 00 00 00 00 00 00 00 00 00 00 00 00 00 00 00 00 00 00 00 00 00 00 00 00 00 00 00 00 00 56 69 56 4F 74 65 63 68 32 00 61 01 00 10 03 00 00 02 00 45 4E 03 00 82 15 1C 02 00 F4 21 9D 2A 00 00 00 00 00 00 00 00 00 00 00 00 00 00 00 00 00 00 00 00 00 00 00 00 00 00 00 00 00 00 00 56 69 56 4F 74 65 63 68 32 00 02 23 01 22 F1 DF EE 26 02 F1 00 DF EE 12 0A FF FF 98 76 54 32 11 00 00 16 DF EF 4C 06 00 00 00 00 00 00 DF EF 4D 00 DF 81 16 16 1E 04 00 00 00 00 00 00 00 00 00 00 00 00 00 00 00 00 00 00 00 00 DF 81 29 08 30 F0 F0 00 30 F0 FF 00 FF 81 06 44 DF 81 15 06 00 00 00 00 00 FF DF 81 2A C1 20 DA 70 DE 2C 86 40 90 41 BD 97 D5 84 03 CE A9 23 EE 1A 71 EC B9 2E FB 6E 5E B5 33 7B 13 80 EF 2D DF 81 2B C1 10 ED B6 77 03 6D 98 B7 D4 B7 A5 0E 20 3A 6E AC 4F FF 81 05 5D 82 02 00 00 84 07 A0 00 00 00 04 10 10 95 05 00 00 00 00 00 9A 03 26 09 15 9B 02 00 00 9C 01 00 9F 02 06 00 00 00 00 00 01 9F 06 07 A0 00 00 00 04 10 10 9F 09 02 00 01 9F 1A 02 00 56 9F 21 03 03 19 34 9F 33 03 00 00 08 9F 35 01 22 9F 36 02 33 54 9F 37 04 A4 BC FC 53 9F 39 01 91 FF EE 01 05 DF EE 30 01 00 DF EE 4C 01 03 DF EC 1C 1E 08 03 00 03 FF 00 1E 04 00 00 00 FF 00 00 00 00 00 00 00 00 00 00 00 00 00 00 00 00 FF 00 1F FD 00 00 00 00 00 00 00 00 00  

 --- ACT - VAS URL Only Protocol 

2026/9/15 11:19:58.190 [TX] - 56 69 56 4F 74 65 63 68 32 00 02 40 00 2A 30 9F 02 06 00 00 00 00 00 01 9C 01 00 FF EE 06 19 9F 22 02 01 00 9F 26 04 00 00 00 02 9F 2B 05 01 00 00 00 00 DF EE 01 01 00 2A 7E 
2026/9/15 11:19:58.225 [RX] - 56 69 56 4F 74 65 63 68 32 00 02 63 00 00 4B B4 00 00 00 00 00 00 00 00 00 00 00 00 00 00 00 00 00 00 00 00 00 00 00 00 00 00 00 00 00 00 00 00 00 00 00 00 00 00 00 00 00 00 00 00 00 00 00 56 69 56 4F 74 65 63 68 32 00 61 01 00 10 03 00 00 02 00 45 4E 03 00 82 57 1C 02 00 00 60 FB 9A 00 00 00 00 00 00 00 00 00 00 00 00 00 00 00 00 00 00 00 00 00 00 00 00 00 00 00 00 00 00 00 56 69 56 4F 74 65 63 68 32 00 61 01 00 19 04 00 00 02 00 45 4E 0C 00 84 01 1C 04 24 1C 04 30 2E 30 31 1C 02 00 F4 21 62 DF 00 00 00 00 00 00 00 00 00 00 00 00 00 00 00 00 00 00 00 00 00 00 56 69 56 4F 74 65 63 68 32 00 61 01 00 10 03 00 00 02 00 45 4E 03 00 82 1A 1C 02 00 F4 21 58 29 00 00 00 00 00 00 00 00 00 00 00 00 00 00 00 00 00 00 00 00 00 00 00 00 00 00 00 00 00 00 00 56 69 56 4F 74 65 63 68 32 00 02 57 00 2B E1 DF EE 26 02 E1 00 FF EE 06 13 9A 03 26 09 15 9F 21 03 03 19 37 DF EE 02 04 20 67 00 02 9F 39 01 07 FF EE 01 05 DF EE 30 01 00 7C 62 00 00 00 00  

 ---------- END OF TEST ----------

 Result = PASSED


Docklight Log File (HEX) - Stopped 2026/9/15 11:19:59.278 

