Docklight Log File (HEX) - Started 2026/9/15 16:17:04.292 
 TEST CASE: ST202

 --- Set POS COM PORT Settings
 Set POS COM PORT...
 POS operating on COM90 @ 115200 baud...
 Set POS COM PORT - COMPLETE

 

 --- Get Data Encryption (C7-37)

2026/9/15 16:17:05.583 [TX] - 56 69 56 4F 74 65 63 68 32 00 C7 37 00 00 5B C6 
2026/9/15 16:17:05.599 [RX] - 56 69 56 4F 74 65 63 68 32 00 C7 00 00 01 03 9C 1C 00 00 00 00 00 00 00 00 00 00 00 00 00 00 00 00 00 00 00 00 00 00 00 00 00 00 00 00 00 00 00 00 00 00 00 00 00 00 00 00 00 00 00 00 00 00  

 --- Poll on Demand

2026/9/15 16:17:05.611 [TX] - 56 69 56 4F 74 65 63 68 32 00 01 01 00 01 01 D7 34 
2026/9/15 16:17:05.623 [RX] - 56 69 56 4F 74 65 63 68 32 00 01 00 00 00 12 53 00 00 00 00 00 00 00 00 00 00 00 00 00 00 00 00 00 00 00 00 00 00 00 00 00 00 00 00 00 00 00 00 00 00 00 00 00 00 00 00 00 00 00 00 00 00 00  

 --- Burst mode Off *** NEO2

2026/9/15 16:17:06.155 [TX] - 56 69 56 4F 74 65 63 68 32 00 04 00 00 05 DF EE 7E 01 00 60 1E 
2026/9/15 16:17:06.216 [RX] - 56 69 56 4F 74 65 63 68 32 00 04 00 00 00 AE 16 00 00 00 00 00 00 00 00 00 00 00 00 00 00 00 00 00 00 00 00 00 00 00 00 00 00 00 00 00 00 00 00 00 00 00 00 00 00 00 00 00 00 00 00 00 00 00  

 --- 02-40 VAS_AND_PAY

2026/9/15 16:17:26.642 [TX] - 56 69 56 4F 74 65 63 68 32 00 02 40 00 20 30 9F 02 06 00 00 00 00 00 01 9C 01 00 FF EE 08 0A DF EF 1A 01 01 DF ED 28 01 00 DF EF 7A 01 01 DF F2 
2026/9/15 16:17:26.674 [RX] - 56 69 56 4F 74 65 63 68 32 00 02 63 00 00 4B B4 00 00 00 00 00 00 00 00 00 00 00 00 00 00 00 00 00 00 00 00 00 00 00 00 00 00 00 00 00 00 00 00 00 00 00 00 00 00 00 00 00 00 00 00 00 00 00 56 69 56 4F 74 65 63 68 32 00 61 01 00 10 03 00 00 02 00 45 4E 03 00 82 57 1C 02 00 00 60 FB 9A 00 00 00 00 00 00 00 00 00 00 00 00 00 00 00 00 00 00 00 00 00 00 00 00 00 00 00 00 00 00 00 56 69 56 4F 74 65 63 68 32 00 61 01 00 19 04 00 00 02 00 45 4E 0C 00 84 01 1C 04 24 1C 04 30 2E 30 31 1C 02 00 F4 21 62 DF 00 00 00 00 00 00 00 00 00 00 00 00 00 00 00 00 00 00 00 00 00 00 56 69 56 4F 74 65 63 68 32 00 61 01 00 10 03 00 00 02 00 45 4E 03 00 82 1A 1C 02 00 F4 21 58 29 00 00 00 00 00 00 00 00 00 00 00 00 00 00 00 00 00 00 00 00 00 00 00 00 00 00 00 00 00 00 00 56 69 56 4F 74 65 63 68 32 00 61 01 00 10 03 00 00 02 00 45 4E 03 00 82 68 1C 02 00 F4 21 96 F5 00 00 00 00 00 00 00 00 00 00 00 00 00 00 00 00 00 00 00 00 00 00 00 00 00 00 00 00 00 00 00 56 69 56 4F 74 65 63 68 32 00 61 01 00 10 03 00 00 02 00 45 4E 03 00 82 15 1C 02 00 F4 21 9D 2A 00 00 00 00 00 00 00 00 00 00 00 00 00 00 00 00 00 00 00 00 00 00 00 00 00 00 00 00 00 00 00 56 69 56 4F 74 65 63 68 32 00 02 23 02 73 E1 DF EE 26 02 E1 00 DF EE 12 0A FF FF 98 76 54 32 11 00 00 47 DF EF 4C 06 00 00 00 00 00 00 DF EF 4D 00 DF 81 29 08 30 F0 F0 30 A0 F0 FF 00 DF 81 16 16 1B FF 00 00 13 00 00 00 00 00 00 00 00 00 00 00 00 00 00 00 00 00 FF 81 05 82 01 93 4F 07 A0 00 00 00 03 10 10 50 0B 56 69 73 61 20 43 72 65 64 69 74 57 A1 13 49 21 CC CC CC CC 62 70 D2 80 4C CC CC CC CC CC CC CC CC 57 C1 18 14 FB CA 6F 9D 17 8B 97 70 E0 FA AD 46 58 7B 00 53 42 42 FC 8B 13 C4 01 5A A1 08 49 21 CC CC CC CC 62 70 5A C1 10 14 A7 DB 23 03 7E C3 69 6E 09 4D 9B F3 62 45 66 82 02 00 40 84 07 A0 00 00 00 03 10 10 95 05 00 00 00 00 00 96 01 03 9A 03 26 09 15 9C 01 00 5F 28 02 01 58 5F 2A 02 08 40 5F 2D 02 7A 68 5F 34 01 00 5F 36 01 02 9F 02 06 00 00 00 00 00 01 9F 03 06 00 00 00 00 00 00 9F 06 07 A0 00 00 00 03 10 10 9F 09 02 00 02 9F 10 20 1F 43 FE 51 20 00 00 00 00 00 00 00 00 06 61 72 00 00 00 00 00 00 00 00 00 00 00 00 00 00 00 00 9F 15 02 00 00 9F 19 06 04 00 10 07 50 01 9F 1A 02 08 40 9F 1B 04 00 00 1F 40 9F 1E 08 35 54 31 37 30 36 30 35 9F 21 03 08 17 07 9F 26 08 1B 9F C4 B6 1A 47 84 4A 9F 27 01 80 9F 33 03 E0 08 40 9F 34 03 24 03 02 9F 35 01 15 9F 36 02 05 64 9F 37 04 F4 03 B7 29 9F 39 01 07 9F 40 05 80 00 00 00 00 9F 41 04 00 00 00 03 9F 4E 1E 00 00 00 00 00 00 00 00 00 00 00 00 00 00 00 00 00 00 00 00 00 00 00 00 00 00 00 00 00 00 9F 5A 05 40 01 58 01 58 9F 66 04 30 00 C0 00 9F 6C 02 01 80 9F 6E 04 23 8C 00 00 DF 81 26 06 00 00 00 00 60 00 DF EE 4C 01 06 FF EE 01 0F DF EE 30 01 00 DF EE 52 01 03 DF EE 5B 01 05 DF EC 1C 1E 08 08 00 01 FF 00 1B 00 00 00 13 FF 00 00 00 00 00 00 00 00 00 00 00 00 00 00 00 00 FF 00 FF EE 08  << Tag FFEE08 53 DF EF 76 4F D4 03 49 61 73 76 94 01 06 69 04 02 71 79 79 71 54 03 39 63 75 73 94 03 11 63 69 64 04 00 00 00 00 00 00 00 00 00 00 00 00 00 00 00 00 19 01 03 03 54 63 70 6C 00 7A 68 54 03 11 63 75 74 04 9F E6 CB 70 21 E0 7D 46 B0 45 DD 93 AE 55 A0 94 DF EF 7B 01 02  << Tag DFEF7B 9A B3 00 00 00 00 00 00 00 00 00 00 00 00 00 00 00 00 00 00 00 00 00 00 00 00 00 00 00 00 00 00 00 00 00 00 00 00 00 00 00 00 00 00 00 00 00 00 00 00 00 00  

 --- 02-40 VAS_OR_PAY

2026/9/15 16:17:30.756 [TX] - 56 69 56 4F 74 65 63 68 32 00 02 40 00 20 30 9F 02 06 00 00 00 00 00 01 9C 01 00 FF EE 08 0A DF EF 1A 01 00 DF ED 28 01 00 DF EF 7A 01 01 96 2A 
2026/9/15 16:17:30.788 [RX] - 56 69 56 4F 74 65 63 68 32 00 02 63 00 00 4B B4 00 00 00 00 00 00 00 00 00 00 00 00 00 00 00 00 00 00 00 00 00 00 00 00 00 00 00 00 00 00 00 00 00 00 00 00 00 00 00 00 00 00 00 00 00 00 00 56 69 56 4F 74 65 63 68 32 00 61 01 00 10 03 00 00 02 00 45 4E 03 00 82 57 1C 02 00 00 60 FB 9A 00 00 00 00 00 00 00 00 00 00 00 00 00 00 00 00 00 00 00 00 00 00 00 00 00 00 00 00 00 00 00 56 69 56 4F 74 65 63 68 32 00 61 01 00 19 04 00 00 02 00 45 4E 0C 00 84 01 1C 04 24 1C 04 30 2E 30 31 1C 02 00 F4 21 62 DF 00 00 00 00 00 00 00 00 00 00 00 00 00 00 00 00 00 00 00 00 00 00 56 69 56 4F 74 65 63 68 32 00 61 01 00 10 03 00 00 02 00 45 4E 03 00 82 1A 1C 02 00 F4 21 58 29 00 00 00 00 00 00 00 00 00 00 00 00 00 00 00 00 00 00 00 00 00 00 00 00 00 00 00 00 00 00 00 56 69 56 4F 74 65 63 68 32 00 61 01 00 10 03 00 00 02 00 45 4E 03 00 82 81 1C 02 00 F4 21 55 2F 00 00 00 00 00 00 00 00 00 00 00 00 00 00 00 00 00 00 00 00 00 00 00 00 00 00 00 00 00 00 00 56 69 56 4F 74 65 63 68 32 00 61 01 00 10 03 00 00 02 00 45 4E 03 00 82 57 1C 02 00 00 60 FB 9A 00 00 00 00 00 00 00 00 00 00 00 00 00 00 00 00 00 00 00 00 00 00 00 00 00 00 00 00 00 00 00 56 69 56 4F 74 65 63 68 32 00 61 01 00 19 04 00 00 02 00 45 4E 0C 00 84 01 1C 04 24 1C 04 30 2E 30 31 1C 02 00 F4 21 62 DF 00 00 00 00 00 00 00 00 00 00 00 00 00 00 00 00 00 00 00 00 00 00 56 69 56 4F 74 65 63 68 32 00 61 01 00 10 03 00 00 02 00 45 4E 03 00 82 1A 1C 02 00 F4 21 58 29 00 00 00 00 00 00 00 00 00 00 00 00 00 00 00 00 00 00 00 00 00 00 00 00 00 00 00 00 00 00 00 56 69 56 4F 74 65 63 68 32 00 61 01 00 10 03 00 00 02 00 45 4E 03 00 82 81 1C 02 00 F4 21 55 2F 00 00 00 00 00 00 00 00 00 00 00 00 00 00 00 00 00 00 00 00 00 00 00 00 00 00 00 00 00 00 00 56 69 56 4F 74 65 63 68 32 00 61 01 00 10 03 00 00 02 00 45 4E 03 00 82 57 1C 02 00 00 60 FB 9A 00 00 00 00 00 00 00 00 00 00 00 00 00 00 00 00 00 00 00 00 00 00 00 00 00 00 00 00 00 00 00 56 69 56 4F 74 65 63 68 32 00 61 01 00 19 04 00 00 02 00 45 4E 0C 00 84 01 1C 04 24 1C 04 30 2E 30 31 1C 02 00 F4 21 62 DF 00 00 00 00 00 00 00 00 00 00 00 00 00 00 00 00 00 00 00 00 00 00 56 69 56 4F 74 65 63 68 32 00 61 01 00 10 03 00 00 02 00 45 4E 03 00 82 1A 1C 02 00 F4 21 58 29 00 00 00 00 00 00 00 00 00 00 00 00 00 00 00 00 00 00 00 00 00 00 00 00 00 00 00 00 00 00 00 56 69 56 4F 74 65 63 68 32 00 61 01 00 10 03 00 00 02 00 45 4E 03 00 82 68 1C 02 00 F4 21 96 F5 00 00 00 00 00 00 00 00 00 00 00 00 00 00 00 00 00 00 00 00 00 00 00 00 00 00 00 00 00 00 00 56 69 56 4F 74 65 63 68 32 00 61 01 00 10 03 00 00 02 00 45 4E 03 00 82 15 1C 02 00 F4 21 9D 2A 00 00 00 00 00 00 00 00 00 00 00 00 00 00 00 00 00 00 00 00 00 00 00 00 00 00 00 00 00 00 00 56 69 56 4F 74 65 63 68 32 00 02 23 02 73 E1 DF EE 26 02 E1 00 DF EE 12 0A FF FF 98 76 54 32 11 00 00 48 DF EF 4C 06 00 00 00 00 00 00 DF EF 4D 00 DF 81 29 08 30 F0 F0 30 A0 F0 FF 00 DF 81 16 16 1B FF 00 00 13 00 00 00 00 00 00 00 00 00 00 00 00 00 00 00 00 00 FF 81 05 82 01 93 4F 07 A0 00 00 00 03 10 10 50 0B 56 69 73 61 20 43 72 65 64 69 74 57 A1 13 49 21 CC CC CC CC 62 70 D2 80 4C CC CC CC CC CC CC CC CC 57 C1 18 4B 44 C3 14 5B 92 8F 66 B3 F3 C8 0B 25 47 C3 EA EE 6C F2 76 30 C2 79 CB 5A A1 08 49 21 CC CC CC CC 62 70 5A C1 10 EF 5D 16 1C BF 45 8F 30 CF 00 D4 22 06 0B F3 94 82 02 00 40 84 07 A0 00 00 00 03 10 10 95 05 00 00 00 00 00 96 01 03 9A 03 26 09 15 9C 01 00 5F 28 02 01 58 5F 2A 02 08 40 5F 2D 02 7A 68 5F 34 01 00 5F 36 01 02 9F 02 06 00 00 00 00 00 01 9F 03 06 00 00 00 00 00 00 9F 06 07 A0 00 00 00 03 10 10 9F 09 02 00 02 9F 10 20 1F 43 FE 51 20 00 00 00 00 00 00 00 00 06 61 77 00 00 00 00 00 00 00 00 00 00 00 00 00 00 00 00 9F 15 02 00 00 9F 19 06 04 00 10 07 50 01 9F 1A 02 08 40 9F 1B 04 00 00 1F 40 9F 1E 08 35 54 31 37 30 36 30 35 9F 21 03 08 17 16 9F 26 08 25 17 8C 53 F1 5D 65 40 9F 27 01 80 9F 33 03 E0 08 40 9F 34 03 24 03 02 9F 35 01 15 9F 36 02 05 65 9F 37 04 39 C4 08 62 9F 39 01 07 9F 40 05 80 00 00 00 00 9F 41 04 00 00 00 04 9F 4E 1E 00 00 00 00 00 00 00 00 00 00 00 00 00 00 00 00 00 00 00 00 00 00 00 00 00 00 00 00 00 00 9F 5A 05 40 01 58 01 58 9F 66 04 30 00 C0 00 9F 6C 02 01 80 9F 6E 04 23 8C 00 00 DF 81 26 06 00 00 00 00 60 00 DF EE 4C 01 06 FF EE 01 0F DF EE 30 01 00 DF EE 52 01 03 DF EE 5B 01 05 DF EC 1C 1E 08 08 00 01 FF 00 1B 00 00 00 13 FF 00 00 00 00 00 00 00 00 00 00 00 00 00 00 00 00 FF 00 FF EE 08  << Tag FFEE08 53 DF EF 76 4F D4 03 49 61 73 76 94 01 06 69 04 02 71 79 79 71 54 03 39 63 75 73 94 03 11 63 69 64 04 00 00 00 00 00 00 00 00 00 00 00 00 00 00 00 00 19 01 03 03 54 63 70 6C 00 7A 68 54 03 11 63 75 74 04 10 07 72 23 5B 46 93 00 08 E2 E4 FD 3D 21 61 25 DF EF 7B 01 02  << Tag DFEF7B 16 BD 00 00 00 00 00 00 00 00 00 00 00 00 00 00 00 00 00 00 00 00 00 00 00 00 00 00 00 00 00 00 00 00 00 00 00 00 00 00 00 00 00 00 00 00 00 00 00 00 00 00  
---------- END OF TEST ----------

 Result = PASSED


Docklight Log File (HEX) - Stopped 2026/9/15 16:17:41.339 

