Docklight Log File (HEX) - Started 2026/9/29 09:52:31.752 
 TEST CASE: ULTR001

 --- Set POS COM PORT Settings
 Set POS COM PORT...
 POS operating on COM90 @ 115200 baud...
 Set POS COM PORT - COMPLETE


2026/9/29 09:52:32.907 [TX] - 56 69 56 4F 74 65 63 68 32 00 2C 01 00 01 00 0D 38 
2026/9/29 09:52:32.914 [RX] - 56 69 56 4F 74 65 63 68 32 00 2C 0C 00 00 69 FA 00 00 00 00 00 00 00 00 00 00 00 00 00 00 00 00 00 00 00 00 00 00 00 00 00 00 00 00 00 00 00 00 00 00 00 00 00 00 00 00 00 00 00 00 00 00 00  
PT Start


2026/9/29 09:52:32.923 [TX] - 56 69 56 4F 74 65 63 68 32 00 2C 01 00 01 01 1D 19 
2026/9/29 09:52:32.937 [RX] - 56 69 56 4F 74 65 63 68 32 00 2C 00 00 00 1C 9B  PT command (OK) 00 00 00 00 00 00 00 00 00 00 00 00 00 00 00 00 00 00 00 00 00 00 00 00 00 00 00 00 00 00 00 00 00 00 00 00 00 00 00 00 00 00 00 00 00 00 00  
Antenna Enable


2026/9/29 09:52:32.953 [TX] - 56 69 56 4F 74 65 63 68 32 00 28 01 00 01 01 94 1F 
2026/9/29 09:52:32.978 [RX] - 56 69 56 4F 74 65 63 68 32 00 28 00 00 00 D6 6A  Antenna Enable (OK)

2026/9/29 09:52:32.978 [RX] - 00 00 00 00 00 00 00 00 00 00 00 00 00 00 00 00 00 00 00 00 00 00 00 00 00 00 00 00 00 00 00 00 00 00 00 00 00 00 00 00 00 00 00 00 00 00 00  
Poll for Token (10 sec)


2026/9/29 09:52:33.520 [TX] - 56 69 56 4F 74 65 63 68 32 00 2C 02 00 02 0A 00 B1 E4 
2026/9/29 09:52:33.667 [RX] - 56 69 56 4F 74 65 63 68 32 00 2C 00 00 08 04 04 C2 78 9A 63 1E 80 EB DA 00 00 00 00 00 00 00 00 00 00 00 00 00 00 00 00 00 00 00 00 00 00 00 00 00 00 00 00 00 00 00 00 00 00 00 00 00 00 00  ---------- READ ALL BLOCKS ----------
 
--- Read Block #0 ---


2026/9/29 09:52:33.690 [TX] - 56 69 56 4F 74 65 63 68 32 00 2C 07 00 02 41 00 43 85 
2026/9/29 09:52:33.701 [RX] - 56 69 56 4F 74 65 63 68 32 00 2C 00 00 10 04 C2 78 36 9A 63 1E 80 67 48 11 11 11 11 11 11 34 05 00 00 00 00 00 00 00 00 00 00 00 00 00 00 00 00 00 00 00 00 00 00 00 00 00 00 00 00 00 00 00  
--- Read Block #1 ---


2026/9/29 09:52:33.717 [TX] - 56 69 56 4F 74 65 63 68 32 00 2C 07 00 02 41 01 53 A4 
2026/9/29 09:52:33.732 [RX] - 56 69 56 4F 74 65 63 68 32 00 2C 00 00 10 9A 63 1E 80 67 48 11 11 11 11 11 11 FF FF FF FF 4C 33 00 00 00 00 00 00 00 00 00 00 00 00 00 00 00 00 00 00 00 00 00 00 00 00 00 00 00 00 00 00 00  
--- Read Block #2 ---


2026/9/29 09:52:33.747 [TX] - 56 69 56 4F 74 65 63 68 32 00 2C 07 00 02 41 02 63 C7 
2026/9/29 09:52:33.764 [RX] - 56 69 56 4F 74 65 63 68 32 00 2C 00 00 10 67 48 11 11 11 11 11 11 FF FF FF FF 00 00 00 00 F6 7B 00 00 00 00 00 00 00 00 00 00 00 00 00 00 00 00 00 00 00 00 00 00 00 00 00 00 00 00 00 00 00  
--- Read Block #3 ---


2026/9/29 09:52:33.779 [TX] - 56 69 56 4F 74 65 63 68 32 00 2C 07 00 02 41 03 73 E6 
2026/9/29 09:52:33.788 [RX] - 56 69 56 4F 74 65 63 68 32 00 2C 00 00 10 11 11 11 11 FF FF FF FF 00 00 00 00 44 44 44 44 3E 35 00 00 00 00 00 00 00 00 00 00 00 00 00 00 00 00 00 00 00 00 00 00 00 00 00 00 00 00 00 00 00  
--- Read Block #4 ---


2026/9/29 09:52:33.814 [TX] - 56 69 56 4F 74 65 63 68 32 00 2C 07 00 02 41 04 03 01 
2026/9/29 09:52:33.826 [RX] - 56 69 56 4F 74 65 63 68 32 00 2C 00 00 10 FF FF FF FF 00 00 00 00 44 44 44 44 00 00 00 00 A0 8C 00 00 00 00 00 00 00 00 00 00 00 00 00 00 00 00 00 00 00 00 00 00 00 00 00 00 00 00 00 00 00  
--- Read Block #5 ---


2026/9/29 09:52:33.841 [TX] - 56 69 56 4F 74 65 63 68 32 00 2C 07 00 02 41 05 13 20 
2026/9/29 09:52:33.850 [RX] - 56 69 56 4F 74 65 63 68 32 00 2C 00 00 10 00 00 00 00 44 44 44 44 00 00 00 00 00 00 00 00 AB BB 00 00 00 00 00 00 00 00 00 00 00 00 00 00 00 00 00 00 00 00 00 00 00 00 00 00 00 00 00 00 00  
--- Read Block #6 ---


2026/9/29 09:52:33.869 [TX] - 56 69 56 4F 74 65 63 68 32 00 2C 07 00 02 41 06 23 43 
2026/9/29 09:52:33.879 [RX] - 56 69 56 4F 74 65 63 68 32 00 2C 00 00 10 44 44 44 44 00 00 00 00 00 00 00 00 11 32 33 35 B6 64 00 00 00 00 00 00 00 00 00 00 00 00 00 00 00 00 00 00 00 00 00 00 00 00 00 00 00 00 00 00 00  
--- Read Block #7 ---


2026/9/29 09:52:33.906 [TX] - 56 69 56 4F 74 65 63 68 32 00 2C 07 00 02 41 07 33 62 
2026/9/29 09:52:33.921 [RX] - 56 69 56 4F 74 65 63 68 32 00 2C 00 00 10 00 00 00 00 00 00 00 00 11 32 33 35 00 00 00 00 FF 78 00 00 00 00 00 00 00 00 00 00 00 00 00 00 00 00 00 00 00 00 00 00 00 00 00 00 00 00 00 00 00  
--- Read Block #8 ---


2026/9/29 09:52:33.939 [TX] - 56 69 56 4F 74 65 63 68 32 00 2C 07 00 02 41 08 C2 8D 
2026/9/29 09:52:33.952 [RX] - 56 69 56 4F 74 65 63 68 32 00 2C 00 00 10 00 00 00 00 11 32 33 35 00 00 00 00 00 00 00 00 86 EF 00 00 00 00 00 00 00 00 00 00 00 00 00 00 00 00 00 00 00 00 00 00 00 00 00 00 00 00 00 00 00  
--- Read Block #9 ---


2026/9/29 09:52:33.966 [TX] - 56 69 56 4F 74 65 63 68 32 00 2C 07 00 02 41 09 D2 AC 
2026/9/29 09:52:33.975 [RX] - 56 69 56 4F 74 65 63 68 32 00 2C 00 00 10 11 32 33 35 00 00 00 00 00 00 00 00 00 00 00 00 CA 44 00 00 00 00 00 00 00 00 00 00 00 00 00 00 00 00 00 00 00 00 00 00 00 00 00 00 00 00 00 00 00  
--- Read Block #10 ---


2026/9/29 09:52:33.998 [TX] - 56 69 56 4F 74 65 63 68 32 00 2C 07 00 02 41 0A E2 CF 
2026/9/29 09:52:34.015 [RX] - 56 69 56 4F 74 65 63 68 32 00 2C 00 00 10 00 00 00 00 00 00 00 00 00 00 00 00 00 00 00 00 72 A4 00 00 00 00 00 00 00 00 00 00 00 00 00 00 00 00 00 00 00 00 00 00 00 00 00 00 00 00 00 00 00  
--- Read Block #11 ---


2026/9/29 09:52:34.030 [TX] - 56 69 56 4F 74 65 63 68 32 00 2C 07 00 02 41 0B F2 EE 
2026/9/29 09:52:34.046 [RX] - 56 69 56 4F 74 65 63 68 32 00 2C 00 00 10 00 00 00 00 00 00 00 00 00 00 00 00 00 00 00 00 72 A4 00 00 00 00 00 00 00 00 00 00 00 00 00 00 00 00 00 00 00 00 00 00 00 00 00 00 00 00 00 00 00  
--- Read Block #12 ---


2026/9/29 09:52:34.061 [TX] - 56 69 56 4F 74 65 63 68 32 00 2C 07 00 02 41 0C 82 09 
2026/9/29 09:52:34.070 [RX] - 56 69 56 4F 74 65 63 68 32 00 2C 00 00 10 00 00 00 00 00 00 00 00 00 00 00 00 00 00 00 00 72 A4 00 00 00 00 00 00 00 00 00 00 00 00 00 00 00 00 00 00 00 00 00 00 00 00 00 00 00 00 00 00 00  
--- Read Block #13 ---


2026/9/29 09:52:34.094 [TX] - 56 69 56 4F 74 65 63 68 32 00 2C 07 00 02 41 0D 92 28 
2026/9/29 09:52:34.108 [RX] - 56 69 56 4F 74 65 63 68 32 00 2C 00 00 10 00 00 00 00 00 00 00 00 00 00 00 00 04 C2 78 36 27 A7 00 00 00 00 00 00 00 00 00 00 00 00 00 00 00 00 00 00 00 00 00 00 00 00 00 00 00 00 00 00 00  
--- Read Block #14 ---


2026/9/29 09:52:34.123 [TX] - 56 69 56 4F 74 65 63 68 32 00 2C 07 00 02 41 0E A2 4B 
2026/9/29 09:52:34.132 [RX] - 56 69 56 4F 74 65 63 68 32 00 2C 00 00 10 00 00 00 00 00 00 00 00 04 C2 78 36 9A 63 1E 80 3F 71 00 00 00 00 00 00 00 00 00 00 00 00 00 00 00 00 00 00 00 00 00 00 00 00 00 00 00 00 00 00 00  
--- Read Block #15 ---


2026/9/29 09:52:34.157 [TX] - 56 69 56 4F 74 65 63 68 32 00 2C 07 00 02 41 0F B2 6A 
2026/9/29 09:52:34.171 [RX] - 56 69 56 4F 74 65 63 68 32 00 2C 00 00 10 00 00 00 00 04 C2 78 36 9A 63 1E 80 67 48 11 11 25 7B 00 00 00 00 00 00 00 00 00 00 00 00 00 00 00 00 00 00 00 00 00 00 00 00 00 00 00 00 00 00 00 
2026/9/29 09:52:34.181 [TX] - 56 69 56 4F 74 65 63 68 32 00 2C 01 00 01 00 0D 38 
2026/9/29 09:52:34.194 [RX] - 56 69 56 4F 74 65 63 68 32 00 2C 00 00 00 1C 9B  PT command (OK) 00 00 00 00 00 00 00 00 00 00 00 00 00 00 00 00 00 00 00 00 00 00 00 00 00 00 00 00 00 00 00 00 00 00 00 00 00 00 00 00 00 00 00 00 00 00 00  
PASSED = 16
FAILED = 0
 

 ---------- END OF TEST ----------

 Result = PASSED


Docklight Log File (HEX) - Stopped 2026/9/29 09:52:34.801 

