Docklight Log File (HEX) - Started 2026/10/6 14:26:03.957 
 TEST CASE: EDC08-3

 --- Set POS COM PORT Settings
 Set POS COM PORT...
 POS operating on COM90 @ 115200 baud...
 Set POS COM PORT - COMPLETE

 --- Poll on Demand

2026/10/6 14:26:05.299 [TX] - 56 69 56 4F 74 65 63 68 32 00 01 01 00 01 01 D7 34 
2026/10/6 14:26:05.310 [RX] - 56 69 56 4F 74 65 63 68 32 00 01 00 00 00 12 53 00 00 00 00 00 00 00 00 00 00 00 00 00 00 00 00 00 00 00 00 00 00 00 00 00 00 00 00 00 00 00 00 00 00 00 00 00 00 00 00 00 00 00 00 00 00 00  

 --- Burst mode Off *** NEO2

2026/10/6 14:26:05.833 [TX] - 56 69 56 4F 74 65 63 68 32 00 04 00 00 05 DF EE 7E 01 00 60 1E 
2026/10/6 14:26:05.973 [RX] - 56 69 56 4F 74 65 63 68 32 00 04 00 00 00 AE 16 00 00 00 00 00 00 00 00 00 00 00 00 00 00 00 00 00 00 00 00 00 00 00 00 00 00 00 00 00 00 00 00 00 00 00 00 00 00 00 00 00 00 00 00 00 00 00 
2026/10/6 14:26:05.987 [TX] - 56 69 56 4F 74 65 63 68 32 00 04 03 00 B5 DF EE 2D 01 80 5F 57 00 9F 01 00 DF EE 28 03 00 08 08 DF EE 29 03 00 60 08 DF EE 6B 08 30 30 30 30 30 30 30 30 DF 81 1B 01 40 DF 81 1E 01 10 DF 81 2C 01 00 DF 81 1C 02 00 00 9F 15 02 11 11 9F 16 00 9F 4E 00 9F 7E 00 9F 1B 04 00 00 27 10 DF 81 24 06 00 00 00 03 00 00 DF 81 25 06 00 00 00 05 00 00 DF 81 26 06 00 00 00 00 10 00 FF FD 05 00 00 00 00 00 FF FE 05 00 00 00 00 00 FF FF 05 00 00 00 00 00 9F 33 03 00 08 08 9F 1A 02 00 56 9F 1C 00 9F 35 01 22 9A 03 FF FF FF 5F 2A 02 09 78 5F 36 01 02 9F 21 03 FF FF FF DF EE 37 01 03 DF EE 38 01 00 74 C9 
2026/10/6 14:26:06.000 [RX] - 56 69 56 4F 74 65 63 68 32 00 04 05 00 00 45 E6 00 00 00 00 00 00 00 00 00 00 00 00 00 00 00 00 00 00 00 00 00 00 00 00 00 00 00 00 00 00 00 00 00 00 00 00 00 00 00 00 00 00 00 00 00 00 00  

 --- 04-00-----DFEF4B = E4 T1+T1 Sentinel+PAN+Only First Element Found

2026/10/6 14:26:06.506 [TX] - 56 69 56 4F 74 65 63 68 32 00 04 00 00 07 DF EF 4B 03 E4 00 00 FC 38 
2026/10/6 14:26:06.576 [RX] - 56 69 56 4F 74 65 63 68 32 00 04 00 00 00 AE 16 00 00 00 00 00 00 00 00 00 00 00 00 00 00 00 00 00 00 00 00 00 00 00 00 00 00 00 00 00 00 00 00 00 00 00 00 00 00 00 00 00 00 00 00 00 00 00  

 --- 02-40 Activate Transaction

2026/10/6 14:26:07.141 [TX] - 56 69 56 4F 74 65 63 68 32 00 02 40 00 15 0A 9F 02 06 00 00 00 00 10 00 9A 03 07 11 21 9F 21 03 10 15 20 5E 34 
2026/10/6 14:26:07.957 [RX] - 56 69 56 4F 74 65 63 68 32 00 02 23 02 59 31 DF EE 26 02 31 00 DF 81 16 0D 1E 04 00 00 00 65 6E 00 00 00 00 00 00 DF 81 29 08 30 F0 F0 00 30 F0 FF 00 FF 81 06 30 DF 81 2A 0D 30 30 30 30 30 30 30 30 30 30 30 30 30 DF 81 2B 07 00 00 00 00 00 00 0F DF 81 15 06 00 00 00 00 00 FF 9F 6E 07 08 40 00 00 30 30 00 FF 81 05 82 01 33 4F 07 A0 00 00 00 04 10 10 50 10 44 65 62 69 74 20 4D 61 73 74 65 72 43 61 72 64 56 29 42 35 31 32 38 35 37 30 31 30 30 30 33 38 30 37 32 5E 20 2F 5E 31 38 30 33 36 32 32 30 30 30 37 38 31 31 38 33 34 32 32 32 82 02 19 80 84 07 A0 00 00 00 04 10 10 95 05 00 00 00 00 00 9A 03 07 11 21 9B 02 00 00 9C 01 00 5F 2D 02 65 6E 9F 01 00 9F 02 06 00 00 00 00 10 00 9F 03 06 00 00 00 00 00 00 9F 06 07 A0 00 00 00 04 10 10 9F 09 02 00 02 9F 11 01 01 9F 12 10 44 65 62 69 74 20 4D 61 73 74 65 72 43 61 72 64 9F 15 02 11 11 9F 16 00 9F 1A 02 08 40 9F 1C 00 9F 1D 08 6C FF 00 00 00 00 00 00 9F 1E 08 33 5A 30 30 31 30 35 35 9F 21 03 10 15 20 9F 2A 01 02 9F 33 03 00 00 08 9F 34 03 00 00 00 9F 35 01 22 9F 36 02 1E 83 9F 37 04 05 71 5D 54 9F 39 01 91 9F 40 05 00 00 00 00 00 9F 41 04 00 00 00 29 9F 4E 00 9F 53 01 00 9F 66 02 07 F0 9F 6A 04 00 00 00 83 9F 6B 13 51 28 57 01 00 03 80 72 D1 80 36 22 00 07 81 18 36 67 2F 9F 6D 02 00 01 DF 81 0C 01 02 96 08 02 00 00 00 00 00 00 00 DF EE 4C 01 03 DF EC 1C 1E 08 03 00 03 FF 00 1E 04 00 00 00 00 81 29 08 30 F0 F0 00 30 65 6E 00 00 00 00 00 00 FF 00 DF EF 17 29 42 35 31 32 38 35 37 30 31 30 30 30 33 38 30 37 32 5E 20 2F 5E 31 38 30 33 36 32 32 30 30 30 37 38 31 31 38 33 34 32 32 32 DF EF 18 25 35 31 32 38 35 37 30 31 30 30 30 33 38 30 37 32 3D 31 38 30 33 36 32 32 30 30 30 37 38 31 31 38 33 36 36 37 32 DF EF 4C 06 00 25 00 00 00 00 DF EF 4D 25 35 31 32 38 35 37 30 31 30 30 30 33 38 30 37 32 3D 31 38 30 33 36 32 32 30 30 30 37 38 31 31 38 33 36 36 37 32 FF EE 01 05 DF EE 30 01 00 EF CE 00 00 00 00 00 00 00 00 00 00 00 00 00  

 --- 04-00-----DFEF4B = D2 T2+T2 Sentinel+PAN+Only First Element Found

2026/10/6 14:26:08.506 [TX] - 56 69 56 4F 74 65 63 68 32 00 04 00 00 07 DF EF 4B 03 D2 00 00 F9 4F 
2026/10/6 14:26:08.576 [RX] - 56 69 56 4F 74 65 63 68 32 00 04 00 00 00 AE 16 00 00 00 00 00 00 00 00 00 00 00 00 00 00 00 00 00 00 00 00 00 00 00 00 00 00 00 00 00 00 00 00 00 00 00 00 00 00 00 00 00 00 00 00 00 00 00  

 --- 02-40 Activate Transaction

2026/10/6 14:26:08.995 [TX] - 56 69 56 4F 74 65 63 68 32 00 02 40 00 15 0A 9F 02 06 00 00 00 00 10 00 9A 03 07 11 21 9F 21 03 10 15 20 5E 34 
2026/10/6 14:26:09.418 [RX] - 56 69 56 4F 74 65 63 68 32 00 02 23 02 5B 31 DF EE 26 02 31 00 DF 81 16 0D 1E 04 00 00 00 65 6E 00 00 00 00 00 00 DF 81 29 08 30 F0 F0 00 30 F0 FF 00 FF 81 06 30 DF 81 2A 0D 30 30 30 30 30 30 30 30 30 30 30 30 30 DF 81 2B 07 00 00 00 00 00 00 0F DF 81 15 06 00 00 00 00 00 FF 9F 6E 07 08 40 00 00 30 30 00 FF 81 05 82 01 33 4F 07 A0 00 00 00 04 10 10 50 10 44 65 62 69 74 20 4D 61 73 74 65 72 43 61 72 64 56 29 42 35 31 32 38 35 37 30 31 30 30 30 33 38 30 37 32 5E 20 2F 5E 31 38 30 33 36 32 32 30 30 30 37 38 31 32 37 37 35 39 36 32 82 02 19 80 84 07 A0 00 00 00 04 10 10 95 05 00 00 00 00 00 9A 03 07 11 21 9B 02 00 00 9C 01 00 5F 2D 02 65 6E 9F 01 00 9F 02 06 00 00 00 00 10 00 9F 03 06 00 00 00 00 00 00 9F 06 07 A0 00 00 00 04 10 10 9F 09 02 00 02 9F 11 01 01 9F 12 10 44 65 62 69 74 20 4D 61 73 74 65 72 43 61 72 64 9F 15 02 11 11 9F 16 00 9F 1A 02 08 40 9F 1C 00 9F 1D 08 6C FF 00 00 00 00 00 00 9F 1E 08 33 5A 30 30 31 30 35 35 9F 21 03 10 15 20 9F 2A 01 02 9F 33 03 00 00 08 9F 34 03 00 00 00 9F 35 01 22 9F 36 02 1E 84 9F 37 04 41 33 F6 59 9F 39 01 91 9F 40 05 00 00 00 00 00 9F 41 04 00 00 00 30 9F 4E 00 9F 53 01 00 9F 66 02 07 F0 9F 6A 04 00 00 00 77 9F 6B 13 51 28 57 01 00 03 80 72 D1 80 36 22 00 07 81 27 73 80 2F 9F 6D 02 00 01 DF 81 0C 01 02 96 08 02 00 00 00 00 00 00 00 DF EE 4C 01 03 DF EC 1C 1E 08 03 00 03 FF 00 1E 04 00 00 00 00 81 29 08 30 F0 F0 00 30 65 6E 00 00 00 00 00 00 FF 00 DF EF 17 29 42 35 31 32 38 35 37 30 31 30 30 30 33 38 30 37 32 5E 20 2F 5E 31 38 30 33 36 32 32 30 30 30 37 38 31 32 37 37 35 39 36 32 DF EF 18 25 35 31 32 38 35 37 30 31 30 30 30 33 38 30 37 32 3D 31 38 30 33 36 32 32 30 30 30 37 38 31 32 37 37 33 38 30 32 DF EF 4C 06 00 27 00 00 00 00 DF EF 4D 27 3B 35 31 32 38 35 37 30 31 30 30 30 33 38 30 37 32 3D 31 38 30 33 36 32 32 30 30 30 37 38 31 32 37 37 33 38 30 32 3F FF EE 01 05 DF EE 30 01 00 EE BB 00 00 00 00 00 00 00 00 00 00 00  

 --- 04-00-----DFEF4B = C9 T3+T3 Sentinel+PAN+Only First Element Found

2026/10/6 14:26:09.961 [TX] - 56 69 56 4F 74 65 63 68 32 00 04 00 00 07 DF EF 4B 03 C9 00 00 6B FC 
2026/10/6 14:26:10.062 [RX] - 56 69 56 4F 74 65 63 68 32 00 04 00 00 00 AE 16 00 00 00 00 00 00 00 00 00 00 00 00 00 00 00 00 00 00 00 00 00 00 00 00 00 00 00 00 00 00 00 00 00 00 00 00 00 00 00 00 00 00 00 00 00 00 00  

 --- 02-40 Activate Transaction

2026/10/6 14:26:10.450 [TX] - 56 69 56 4F 74 65 63 68 32 00 02 40 00 15 0A 9F 02 06 00 00 00 00 10 00 9A 03 07 11 21 9F 21 03 10 15 20 5E 34 
2026/10/6 14:26:10.856 [RX] - 56 69 56 4F 74 65 63 68 32 00 02 23 02 59 31 DF EE 26 02 31 00 DF 81 16 0D 1E 04 00 00 00 65 6E 00 00 00 00 00 00 DF 81 29 08 30 F0 F0 00 30 F0 FF 00 FF 81 06 30 DF 81 2A 0D 30 30 30 30 30 30 30 30 30 30 30 30 30 DF 81 2B 07 00 00 00 00 00 00 0F DF 81 15 06 00 00 00 00 00 FF 9F 6E 07 08 40 00 00 30 30 00 FF 81 05 82 01 33 4F 07 A0 00 00 00 04 10 10 50 10 44 65 62 69 74 20 4D 61 73 74 65 72 43 61 72 64 56 29 42 35 31 32 38 35 37 30 31 30 30 30 33 38 30 37 32 5E 20 2F 5E 31 38 30 33 36 32 32 30 30 30 37 38 31 33 31 34 39 36 31 32 82 02 19 80 84 07 A0 00 00 00 04 10 10 95 05 00 00 00 00 00 9A 03 07 11 21 9B 02 00 00 9C 01 00 5F 2D 02 65 6E 9F 01 00 9F 02 06 00 00 00 00 10 00 9F 03 06 00 00 00 00 00 00 9F 06 07 A0 00 00 00 04 10 10 9F 09 02 00 02 9F 11 01 01 9F 12 10 44 65 62 69 74 20 4D 61 73 74 65 72 43 61 72 64 9F 15 02 11 11 9F 16 00 9F 1A 02 08 40 9F 1C 00 9F 1D 08 6C FF 00 00 00 00 00 00 9F 1E 08 33 5A 30 30 31 30 35 35 9F 21 03 10 15 20 9F 2A 01 02 9F 33 03 00 00 08 9F 34 03 00 00 00 9F 35 01 22 9F 36 02 1E 85 9F 37 04 0E 7D 0F 73 9F 39 01 91 9F 40 05 00 00 00 00 00 9F 41 04 00 00 00 31 9F 4E 00 9F 53 01 00 9F 66 02 07 F0 9F 6A 04 00 00 00 14 9F 6B 13 51 28 57 01 00 03 80 72 D1 80 36 22 00 07 81 31 46 96 2F 9F 6D 02 00 01 DF 81 0C 01 02 96 08 02 00 00 00 00 00 00 00 DF EE 4C 01 03 DF EC 1C 1E 08 03 00 03 FF 00 1E 04 00 00 00 00 81 29 08 30 F0 F0 00 30 65 6E 00 00 00 00 00 00 FF 00 DF EF 17 29 42 35 31 32 38 35 37 30 31 30 30 30 33 38 30 37 32 5E 20 2F 5E 31 38 30 33 36 32 32 30 30 30 37 38 31 33 31 34 39 36 31 32 DF EF 18 25 35 31 32 38 35 37 30 31 30 30 30 33 38 30 37 32 3D 31 38 30 33 36 32 32 30 30 30 37 38 31 33 31 34 36 39 36 32 DF EF 4C 06 00 25 00 00 00 00 DF EF 4D 25 35 31 32 38 35 37 30 31 30 30 30 33 38 30 37 32 3D 31 38 30 33 36 32 32 30 30 30 37 38 31 33 31 34 36 39 36 32 FF EE 01 05 DF EE 30 01 00 51 3D 00 00 00 00 00 00 00 00 00 00 00 00 00  

 --- 04-00-----DFEF4B = F6 T1+T2+T1 Sentinel+T2 Sentinel+PAN+Only First Element Found

2026/10/6 14:26:11.386 [TX] - 56 69 56 4F 74 65 63 68 32 00 04 00 00 07 DF EF 4B 03 F6 00 00 FF 15 
2026/10/6 14:26:11.457 [RX] - 56 69 56 4F 74 65 63 68 32 00 04 00 00 00 AE 16 00 00 00 00 00 00 00 00 00 00 00 00 00 00 00 00 00 00 00 00 00 00 00 00 00 00 00 00 00 00 00 00 00 00 00 00 00 00 00 00 00 00 00 00 00 00 00  

 --- 02-40 Activate Transaction

2026/10/6 14:26:11.889 [TX] - 56 69 56 4F 74 65 63 68 32 00 02 40 00 15 0A 9F 02 06 00 00 00 00 10 00 9A 03 07 11 21 9F 21 03 10 15 20 5E 34 
2026/10/6 14:26:12.576 [RX] - 56 69 56 4F 74 65 63 68 32 00 02 23 02 5B 31 DF EE 26 02 31 00 DF 81 16 0D 1E 04 00 00 00 65 6E 00 00 00 00 00 00 DF 81 29 08 30 F0 F0 00 30 F0 FF 00 FF 81 06 30 DF 81 2A 0D 30 30 30 30 30 30 30 30 30 30 30 30 30 DF 81 2B 07 00 00 00 00 00 00 0F DF 81 15 06 00 00 00 00 00 FF 9F 6E 07 08 40 00 00 30 30 00 FF 81 05 82 01 33 4F 07 A0 00 00 00 04 10 10 50 10 44 65 62 69 74 20 4D 61 73 74 65 72 43 61 72 64 56 29 42 35 31 32 38 35 37 30 31 30 30 30 33 38 30 37 32 5E 20 2F 5E 31 38 30 33 36 32 32 30 30 30 37 38 31 34 36 34 36 35 34 32 82 02 19 80 84 07 A0 00 00 00 04 10 10 95 05 00 00 00 00 00 9A 03 07 11 21 9B 02 00 00 9C 01 00 5F 2D 02 65 6E 9F 01 00 9F 02 06 00 00 00 00 10 00 9F 03 06 00 00 00 00 00 00 9F 06 07 A0 00 00 00 04 10 10 9F 09 02 00 02 9F 11 01 01 9F 12 10 44 65 62 69 74 20 4D 61 73 74 65 72 43 61 72 64 9F 15 02 11 11 9F 16 00 9F 1A 02 08 40 9F 1C 00 9F 1D 08 6C FF 00 00 00 00 00 00 9F 1E 08 33 5A 30 30 31 30 35 35 9F 21 03 10 15 20 9F 2A 01 02 9F 33 03 00 00 08 9F 34 03 00 00 00 9F 35 01 22 9F 36 02 1E 86 9F 37 04 9C 45 88 BA 9F 39 01 91 9F 40 05 00 00 00 00 00 9F 41 04 00 00 00 32 9F 4E 00 9F 53 01 00 9F 66 02 07 F0 9F 6A 04 00 00 00 64 9F 6B 13 51 28 57 01 00 03 80 72 D1 80 36 22 00 07 81 46 49 78 2F 9F 6D 02 00 01 DF 81 0C 01 02 96 08 02 00 00 00 00 00 00 00 DF EE 4C 01 03 DF EC 1C 1E 08 03 00 03 FF 00 1E 04 00 00 00 00 81 29 08 30 F0 F0 00 30 65 6E 00 00 00 00 00 00 FF 00 DF EF 17 29 42 35 31 32 38 35 37 30 31 30 30 30 33 38 30 37 32 5E 20 2F 5E 31 38 30 33 36 32 32 30 30 30 37 38 31 34 36 34 36 35 34 32 DF EF 18 25 35 31 32 38 35 37 30 31 30 30 30 33 38 30 37 32 3D 31 38 30 33 36 32 32 30 30 30 37 38 31 34 36 34 39 37 38 32 DF EF 4C 06 00 27 00 00 00 00 DF EF 4D 27 3B 35 31 32 38 35 37 30 31 30 30 30 33 38 30 37 32 3D 31 38 30 33 36 32 32 30 30 30 37 38 31 34 36 34 39 37 38 32 3F FF EE 01 05 DF EE 30 01 00 6F 08 00 00 00 00 00 00 00 00 00 00 00  

 --- 04-00-----DFEF4B = ED T1+T3+T1 Sentinel+T3 Sentinel+PAN+Only First Element Found

2026/10/6 14:26:13.110 [TX] - 56 69 56 4F 74 65 63 68 32 00 04 00 00 07 DF EF 4B 03 ED 00 00 6D A6 
2026/10/6 14:26:13.182 [RX] - 56 69 56 4F 74 65 63 68 32 00 04 00 00 00 AE 16 00 00 00 00 00 00 00 00 00 00 00 00 00 00 00 00 00 00 00 00 00 00 00 00 00 00 00 00 00 00 00 00 00 00 00 00 00 00 00 00 00 00 00 00 00 00 00  

 --- 02-40 Activate Transaction

2026/10/6 14:26:13.570 [TX] - 56 69 56 4F 74 65 63 68 32 00 02 40 00 15 0A 9F 02 06 00 00 00 00 10 00 9A 03 07 11 21 9F 21 03 10 15 20 5E 34 
2026/10/6 14:26:14.068 [RX] - 56 69 56 4F 74 65 63 68 32 00 02 23 02 59 31 DF EE 26 02 31 00 DF 81 16 0D 1E 04 00 00 00 65 6E 00 00 00 00 00 00 DF 81 29 08 30 F0 F0 00 30 F0 FF 00 FF 81 06 30 DF 81 2A 0D 30 30 30 30 30 30 30 30 30 30 30 30 30 DF 81 2B 07 00 00 00 00 00 00 0F DF 81 15 06 00 00 00 00 00 FF 9F 6E 07 08 40 00 00 30 30 00 FF 81 05 82 01 33 4F 07 A0 00 00 00 04 10 10 50 10 44 65 62 69 74 20 4D 61 73 74 65 72 43 61 72 64 56 29 42 35 31 32 38 35 37 30 31 30 30 30 33 38 30 37 32 5E 20 2F 5E 31 38 30 33 36 32 32 30 30 30 37 38 31 35 33 30 34 36 38 32 82 02 19 80 84 07 A0 00 00 00 04 10 10 95 05 00 00 00 00 00 9A 03 07 11 21 9B 02 00 00 9C 01 00 5F 2D 02 65 6E 9F 01 00 9F 02 06 00 00 00 00 10 00 9F 03 06 00 00 00 00 00 00 9F 06 07 A0 00 00 00 04 10 10 9F 09 02 00 02 9F 11 01 01 9F 12 10 44 65 62 69 74 20 4D 61 73 74 65 72 43 61 72 64 9F 15 02 11 11 9F 16 00 9F 1A 02 08 40 9F 1C 00 9F 1D 08 6C FF 00 00 00 00 00 00 9F 1E 08 33 5A 30 30 31 30 35 35 9F 21 03 10 15 20 9F 2A 01 02 9F 33 03 00 00 08 9F 34 03 00 00 00 9F 35 01 22 9F 36 02 1E 87 9F 37 04 BE 8B 74 6D 9F 39 01 91 9F 40 05 00 00 00 00 00 9F 41 04 00 00 00 33 9F 4E 00 9F 53 01 00 9F 66 02 07 F0 9F 6A 04 00 00 00 30 9F 6B 13 51 28 57 01 00 03 80 72 D1 80 36 22 00 07 81 53 03 20 2F 9F 6D 02 00 01 DF 81 0C 01 02 96 08 02 00 00 00 00 00 00 00 DF EE 4C 01 03 DF EC 1C 1E 08 03 00 03 FF 00 1E 04 00 00 00 00 81 29 08 30 F0 F0 00 30 65 6E 00 00 00 00 00 00 FF 00 DF EF 17 29 42 35 31 32 38 35 37 30 31 30 30 30 33 38 30 37 32 5E 20 2F 5E 31 38 30 33 36 32 32 30 30 30 37 38 31 35 33 30 34 36 38 32 DF EF 18 25 35 31 32 38 35 37 30 31 30 30 30 33 38 30 37 32 3D 31 38 30 33 36 32 32 30 30 30 37 38 31 35 33 30 33 32 30 32 DF EF 4C 06 00 25 00 00 00 00 DF EF 4D 25 35 31 32 38 35 37 30 31 30 30 30 33 38 30 37 32 3D 31 38 30 33 36 32 32 30 30 30 37 38 31 35 33 30 33 32 30 32 FF EE 01 05 DF EE 30 01 00 45 BC 00 00 00 00 00 00 00 00 00 00 00 00 00  

 --- 04-00-----DFEF4B = DB T2+T3+T2 Sentinel+T3 Sentinel+PAN+Only First Element Found

2026/10/6 14:26:14.613 [TX] - 56 69 56 4F 74 65 63 68 32 00 04 00 00 07 DF EF 4B 03 DB 00 00 68 D1 
2026/10/6 14:26:14.712 [RX] - 56 69 56 4F 74 65 63 68 32 00 04 00 00 00 AE 16 00 00 00 00 00 00 00 00 00 00 00 00 00 00 00 00 00 00 00 00 00 00 00 00 00 00 00 00 00 00 00 00 00 00 00 00 00 00 00 00 00 00 00 00 00 00 00  

 --- 02-40 Activate Transaction

2026/10/6 14:26:15.121 [TX] - 56 69 56 4F 74 65 63 68 32 00 02 40 00 15 0A 9F 02 06 00 00 00 00 10 00 9A 03 07 11 21 9F 21 03 10 15 20 5E 34 
2026/10/6 14:26:16.191 [RX] - 56 69 56 4F 74 65 63 68 32 00 02 23 02 5B 31 DF EE 26 02 31 00 DF 81 16 0D 1E 04 00 00 00 65 6E 00 00 00 00 00 00 DF 81 29 08 30 F0 F0 00 30 F0 FF 00 FF 81 06 30 DF 81 2A 0D 30 30 30 30 30 30 30 30 30 30 30 30 30 DF 81 2B 07 00 00 00 00 00 00 0F DF 81 15 06 00 00 00 00 00 FF 9F 6E 07 08 40 00 00 30 30 00 FF 81 05 82 01 33 4F 07 A0 00 00 00 04 10 10 50 10 44 65 62 69 74 20 4D 61 73 74 65 72 43 61 72 64 56 29 42 35 31 32 38 35 37 30 31 30 30 30 33 38 30 37 32 5E 20 2F 5E 31 38 30 33 36 32 32 30 30 30 37 38 31 36 38 32 30 30 32 32 82 02 19 80 84 07 A0 00 00 00 04 10 10 95 05 00 00 00 00 00 9A 03 07 11 21 9B 02 00 00 9C 01 00 5F 2D 02 65 6E 9F 01 00 9F 02 06 00 00 00 00 10 00 9F 03 06 00 00 00 00 00 00 9F 06 07 A0 00 00 00 04 10 10 9F 09 02 00 02 9F 11 01 01 9F 12 10 44 65 62 69 74 20 4D 61 73 74 65 72 43 61 72 64 9F 15 02 11 11 9F 16 00 9F 1A 02 08 40 9F 1C 00 9F 1D 08 6C FF 00 00 00 00 00 00 9F 1E 08 33 5A 30 30 31 30 35 35 9F 21 03 10 15 20 9F 2A 01 02 9F 33 03 00 00 08 9F 34 03 00 00 00 9F 35 01 22 9F 36 02 1E 88 9F 37 04 FE 4B 35 4C 9F 39 01 91 9F 40 05 00 00 00 00 00 9F 41 04 00 00 00 34 9F 4E 00 9F 53 01 00 9F 66 02 07 F0 9F 6A 04 00 00 00 82 9F 6B 13 51 28 57 01 00 03 80 72 D1 80 36 22 00 07 81 68 27 16 2F 9F 6D 02 00 01 DF 81 0C 01 02 96 08 02 00 00 00 00 00 00 00 DF EE 4C 01 03 DF EC 1C 1E 08 03 00 03 FF 00 1E 04 00 00 00 00 81 29 08 30 F0 F0 00 30 65 6E 00 00 00 00 00 00 FF 00 DF EF 17 29 42 35 31 32 38 35 37 30 31 30 30 30 33 38 30 37 32 5E 20 2F 5E 31 38 30 33 36 32 32 30 30 30 37 38 31 36 38 32 30 30 32 32 DF EF 18 25 35 31 32 38 35 37 30 31 30 30 30 33 38 30 37 32 3D 31 38 30 33 36 32 32 30 30 30 37 38 31 36 38 32 37 31 36 32 DF EF 4C 06 00 27 00 00 00 00 DF EF 4D 27 3B 35 31 32 38 35 37 30 31 30 30 30 33 38 30 37 32 3D 31 38 30 33 36 32 32 30 30 30 37 38 31 36 38 32 37 31 36 32 3F FF EE 01 05 DF EE 30 01 00 FA 73 00 00 00 00 00 00 00 00 00 00 00  

 --- 04-00-----DFEF4B = FF T1+T2+T3+T1 Sentinel+T2 Sentinel+T3 Sentinel+PAN+Only First Element Found

2026/10/6 14:26:16.734 [TX] - 56 69 56 4F 74 65 63 68 32 00 04 00 00 07 DF EF 4B 03 FF 00 00 6E 8B 
2026/10/6 14:26:16.802 [RX] - 56 69 56 4F 74 65 63 68 32 00 04 00 00 00 AE 16 00 00 00 00 00 00 00 00 00 00 00 00 00 00 00 00 00 00 00 00 00 00 00 00 00 00 00 00 00 00 00 00 00 00 00 00 00 00 00 00 00 00 00 00 00 00 00  

 --- 02-40 Activate Transaction

2026/10/6 14:26:17.361 [TX] - 56 69 56 4F 74 65 63 68 32 00 02 40 00 15 0A 9F 02 06 00 00 00 00 10 00 9A 03 07 11 21 9F 21 03 10 15 20 5E 34 
2026/10/6 14:26:17.967 [RX] - 56 69 56 4F 74 65 63 68 32 00 02 23 02 5B 31 DF EE 26 02 31 00 DF 81 16 0D 1E 04 00 00 00 65 6E 00 00 00 00 00 00 DF 81 29 08 30 F0 F0 00 30 F0 FF 00 FF 81 06 30 DF 81 2A 0D 30 30 30 30 30 30 30 30 30 30 30 30 30 DF 81 2B 07 00 00 00 00 00 00 0F DF 81 15 06 00 00 00 00 00 FF 9F 6E 07 08 40 00 00 30 30 00 FF 81 05 82 01 33 4F 07 A0 00 00 00 04 10 10 50 10 44 65 62 69 74 20 4D 61 73 74 65 72 43 61 72 64 56 29 42 35 31 32 38 35 37 30 31 30 30 30 33 38 30 37 32 5E 20 2F 5E 31 38 30 33 36 32 32 30 30 30 37 38 31 37 35 30 30 35 35 32 82 02 19 80 84 07 A0 00 00 00 04 10 10 95 05 00 00 00 00 00 9A 03 07 11 21 9B 02 00 00 9C 01 00 5F 2D 02 65 6E 9F 01 00 9F 02 06 00 00 00 00 10 00 9F 03 06 00 00 00 00 00 00 9F 06 07 A0 00 00 00 04 10 10 9F 09 02 00 02 9F 11 01 01 9F 12 10 44 65 62 69 74 20 4D 61 73 74 65 72 43 61 72 64 9F 15 02 11 11 9F 16 00 9F 1A 02 08 40 9F 1C 00 9F 1D 08 6C FF 00 00 00 00 00 00 9F 1E 08 33 5A 30 30 31 30 35 35 9F 21 03 10 15 20 9F 2A 01 02 9F 33 03 00 00 08 9F 34 03 00 00 00 9F 35 01 22 9F 36 02 1E 89 9F 37 04 2C 4B 4D 89 9F 39 01 91 9F 40 05 00 00 00 00 00 9F 41 04 00 00 00 35 9F 4E 00 9F 53 01 00 9F 66 02 07 F0 9F 6A 04 00 00 00 50 9F 6B 13 51 28 57 01 00 03 80 72 D1 80 36 22 00 07 81 75 04 86 2F 9F 6D 02 00 01 DF 81 0C 01 02 96 08 02 00 00 00 00 00 00 00 DF EE 4C 01 03 DF EC 1C 1E 08 03 00 03 FF 00 1E 04 00 00 00 00 81 29 08 30 F0 F0 00 30 65 6E 00 00 00 00 00 00 FF 00 DF EF 17 29 42 35 31 32 38 35 37 30 31 30 30 30 33 38 30 37 32 5E 20 2F 5E 31 38 30 33 36 32 32 30 30 30 37 38 31 37 35 30 30 35 35 32 DF EF 18 25 35 31 32 38 35 37 30 31 30 30 30 33 38 30 37 32 3D 31 38 30 33 36 32 32 30 30 30 37 38 31 37 35 30 34 38 36 32 DF EF 4C 06 00 27 00 00 00 00 DF EF 4D 27 3B 35 31 32 38 35 37 30 31 30 30 30 33 38 30 37 32 3D 31 38 30 33 36 32 32 30 30 30 37 38 31 37 35 30 34 38 36 32 3F FF EE 01 05 DF EE 30 01 00 5B F2 00 00 00 00 00 00 00 00 00 00 00  
---------- END OF TEST ----------

 Result = PASSED
 

 MASTER RESULT = PASSED


Docklight Log File (HEX) - Stopped 2026/10/6 14:26:18.611 

