Docklight Log File (HEX) - Started 2026/9/30 15:17:19.318 
 TEST CASE: ASW001

 --- Set POS COM PORT Settings
 Set POS COM PORT...
 POS operating on COM90 @ 115200 baud...
 Set POS COM PORT - COMPLETE

 --- PT Stop >>> Got OC as status code

2026/9/30 15:17:22.141 [TX] - 56 69 56 4F 74 65 63 68 32 00 2C 01 00 01 00 38 0D 
2026/9/30 15:17:22.151 [RX] - 56 69 56 4F 74 65 63 68 32 00 2C 0C 00 00 69 FA 00 00 00 00 00 00 00 00 00 00 00 00 00 00 00 00 00 00 00 00 00 00 00 00 00 00 00 00 00 00 00 00 00 00 00 00 00 00 00 00 00 00 00 00 00 00 00  

 --- Poll on Demand

2026/9/30 15:17:22.660 [TX] - 56 69 56 4F 74 65 63 68 32 00 01 01 00 01 01 D7 34 
2026/9/30 15:17:22.671 [RX] - 56 69 56 4F 74 65 63 68 32 00 01 00 00 00 12 53 00 00 00 00 00 00 00 00 00 00 00 00 00 00 00 00 00 00 00 00 00 00 00 00 00 00 00 00 00 00 00 00 00 00 00 00 00 00 00 00 00 00 00 00 00 00 00  

 --- Set Configuration Global On

2026/9/30 15:17:22.694 [TX] - 56 69 56 4F 74 65 63 68 32 00 04 00 00 05 DF EE 7C 01 01 21 60 
2026/9/30 15:17:22.732 [RX] - 56 69 56 4F 74 65 63 68 32 00 04 00 00 00 AE 16 00 00 00 00 00 00 00 00 00 00 00 00 00 00 00 00 00 00 00 00 00 00 00 00 00 00 00 00 00 00 00 00 00 00 00 00 00 00 00 00 00 00 00 00 00 00 00  

 --- Activate Transaction >>> Mifare Ultralight

2026/9/30 15:17:26.622 [TX] - 56 69 56 4F 74 65 63 68 32 00 02 40 00 22 0A 9F 02 06 00 00 00 00 00 01 5F 2A 02 09 78 9A 03 11 09 27 9F 21 03 10 15 20 9F 1A 02 00 56 9C 01 00 1F 2B 
2026/9/30 15:17:26.765 [RX] - 56 69 56 4F 74 65 63 68 32 00 02 50 00 1F 21 DF EE 26 02 21 00 DF EE 02 04 27 90 00 00 DF EC 0F 0C 02  status = 50h =  Auto-Switch OK status = 50h =  Auto-Switch OK 44 00 00 07 04 C2 78 9A 63 1E 80 07 52 00 00 00 00 00 00 00 00 00 00 00 00 00 00 00 00  

 >>> Buzzer >>> Poll For Token >>> PT Stop

2026/9/30 15:17:27.042 [TX] - 56 69 56 4F 74 65 63 68 32 00 0B 02 00 01 00 84 F9 
2026/9/30 15:17:27.049 [RX] - 56 69 56 4F 74 65 63 68 32 00 0B 00 00 00 7A F8 00 00 00 00 00 00 00 00 00 00 00 00 00 00 00 00 00 00 00 00 00 00 00 00 00 00 00 00 00 00 00 00 00 00 00 00 00 00 00 00 00 00 00 00 00 00 00 
2026/9/30 15:17:27.269 [TX] - 56 69 56 4F 74 65 63 68 32 00 2C 02 00 02 00 C8 6B 06 
2026/9/30 15:17:27.418 [RX] - 56 69 56 4F 74 65 63 68 32 00 2C 00 00 08 04 04 C2 78 9A 63 1E 80 EB DA 00 00 00 00 00 00 00 00 00 00 00 00 00 00 00 00 00 00 00 00 00 00 00 00 00 00 00 00 00 00 00 00 00 00 00 00 00 00 00 
2026/9/30 15:17:27.644 [TX] - 56 69 56 4F 74 65 63 68 32 00 2C 01 00 01 00 38 0D 
2026/9/30 15:17:27.658 [RX] - 56 69 56 4F 74 65 63 68 32 00 2C 00 00 00 1C 9B 00 00 00 00 00 00 00 00 00 00 00 00 00 00 00 00 00 00 00 00 00 00 00 00 00 00 00 00 00 00 00 00 00 00 00 00 00 00 00 00 00 00 00 00 00 00 00  

 --- Activate Transaction >>> Mifare Ultralight C

2026/9/30 15:17:32.325 [TX] - 56 69 56 4F 74 65 63 68 32 00 02 40 00 22 0A 9F 02 06 00 00 00 00 00 01 5F 2A 02 09 78 9A 03 11 09 27 9F 21 03 10 15 20 9F 1A 02 00 56 9C 01 00 1F 2B 
2026/9/30 15:17:32.975 [RX] - 56 69 56 4F 74 65 63 68 32 00 02 50 00 1F 21 DF EE 26 02 21 00 DF EE 02 04 27 90 00 00 DF EC 0F 0C 02  status = 50h =  Auto-Switch OK status = 50h =  Auto-Switch OK 44 00 00 07 04 2B 6E 9A 67 34 80 38 BA 00 00 00 00 00 00 00 00 00 00 00 00 00 00 00 00  

 >>> Buzzer >>> Poll For Token >>> PT Stop

2026/9/30 15:17:33.268 [TX] - 56 69 56 4F 74 65 63 68 32 00 0B 02 00 01 00 84 F9 
2026/9/30 15:17:33.275 [RX] - 56 69 56 4F 74 65 63 68 32 00 0B 00 00 00 7A F8 00 00 00 00 00 00 00 00 00 00 00 00 00 00 00 00 00 00 00 00 00 00 00 00 00 00 00 00 00 00 00 00 00 00 00 00 00 00 00 00 00 00 00 00 00 00 00 
2026/9/30 15:17:33.506 [TX] - 56 69 56 4F 74 65 63 68 32 00 2C 02 00 02 00 C8 6B 06 
2026/9/30 15:17:33.656 [RX] - 56 69 56 4F 74 65 63 68 32 00 2C 00 00 08 04 04 2B 6E 9A 67 34 80 D4 32 00 00 00 00 00 00 00 00 00 00 00 00 00 00 00 00 00 00 00 00 00 00 00 00 00 00 00 00 00 00 00 00 00 00 00 00 00 00 00 
2026/9/30 15:17:33.880 [TX] - 56 69 56 4F 74 65 63 68 32 00 2C 01 00 01 00 38 0D 
2026/9/30 15:17:33.895 [RX] - 56 69 56 4F 74 65 63 68 32 00 2C 00 00 00 1C 9B 00 00 00 00 00 00 00 00 00 00 00 00 00 00 00 00 00 00 00 00 00 00 00 00 00 00 00 00 00 00 00 00 00 00 00 00 00 00 00 00 00 00 00 00 00 00 00  

 --- Activate Transaction >>> ViVOtech card

2026/9/30 15:17:38.023 [TX] - 56 69 56 4F 74 65 63 68 32 00 02 40 00 22 0A 9F 02 06 00 00 00 00 00 01 5F 2A 02 09 78 9A 03 11 09 27 9F 21 03 10 15 20 9F 1A 02 00 56 9C 01 00 1F 2B 
2026/9/30 15:17:39.291 [RX] - 56 69 56 4F 74 65 63 68 32 00 02 50 00 1C 21 DF EE 26 02 21 00 DF EE 02 04 27 90 00 00 DF EC 0F 09 05  status = 50h =  Auto-Switch OK 04 00 08 04 5A 77 35 E1 CA 27 00 00 00 00 00 00 00 00 00 00 00 00 00 00 00 00 00 00 00  

 >>> Buzzer >>> Poll For Token >>> PT Stop

2026/9/30 15:17:39.581 [TX] - 56 69 56 4F 74 65 63 68 32 00 0B 02 00 01 00 84 F9 
2026/9/30 15:17:39.588 [RX] - 56 69 56 4F 74 65 63 68 32 00 0B 00 00 00 7A F8 00 00 00 00 00 00 00 00 00 00 00 00 00 00 00 00 00 00 00 00 00 00 00 00 00 00 00 00 00 00 00 00 00 00 00 00 00 00 00 00 00 00 00 00 00 00 00 
2026/9/30 15:17:39.804 [TX] - 56 69 56 4F 74 65 63 68 32 00 2C 02 00 02 00 C8 6B 06 
2026/9/30 15:17:39.949 [RX] - 56 69 56 4F 74 65 63 68 32 00 2C 00 00 05 03 5A 77 35 E1 AD 45 00 00 00 00 00 00 00 00 00 00 00 00 00 00 00 00 00 00 00 00 00 00 00 00 00 00 00 00 00 00 00 00 00 00 00 00 00 00 00 00 00 00 
2026/9/30 15:17:40.177 [TX] - 56 69 56 4F 74 65 63 68 32 00 2C 01 00 01 00 38 0D 
2026/9/30 15:17:40.192 [RX] - 56 69 56 4F 74 65 63 68 32 00 2C 00 00 00 1C 9B 00 00 00 00 00 00 00 00 00 00 00 00 00 00 00 00 00 00 00 00 00 00 00 00 00 00 00 00 00 00 00 00 00 00 00 00 00 00 00 00 00 00 00 00 00 00 00  

 --- Set Configuration Global Off

2026/9/30 15:17:40.216 [TX] - 56 69 56 4F 74 65 63 68 32 00 04 00 00 05 DF EE 7C 01 00 00 70 
2026/9/30 15:17:40.272 [RX] - 56 69 56 4F 74 65 63 68 32 00 04 00 00 00 AE 16 00 00 00 00 00 00 00 00 00 00 00 00 00 00 00 00 00 00 00 00 00 00 00 00 00 00 00 00 00 00 00 00 00 00 00 00 00 00 00 00 00 00 00 00 00 00 00  

 --- A0 00 00 09 99 10 10 Auto Off

2026/9/30 15:17:40.312 [TX] - 56 69 56 4F 74 65 63 68 32 00 04 02 00 23 DF EE 2D 01 00 9F 06 07 A0 00 00 09 99 10 10 DF EE 4C 01 03 DF EE 4B 01 01 DF EE 2E 01 10 DF EE 7C 01 00 C7 33 
2026/9/30 15:17:40.350 [RX] - 56 69 56 4F 74 65 63 68 32 00 04 00 00 00 AE 16 00 00 00 00 00 00 00 00 00 00 00 00 00 00 00 00 00 00 00 00 00 00 00 00 00 00 00 00 00 00 00 00 00 00 00 00 00 00 00 00 00 00 00 00 00 00 00  

 --- PT Stop

2026/9/30 15:17:40.382 [TX] - 56 69 56 4F 74 65 63 68 32 00 2C 01 00 01 00 38 0D 
2026/9/30 15:17:40.394 [RX] - 56 69 56 4F 74 65 63 68 32 00 2C 0C 00 00 69 FA 00 00 00 00 00 00 00 00 00 00 00 00 00 00 00 00 00 00 00 00 00 00 00 00 00 00 00 00 00 00 00 00 00 00 00 00 00 00 00 00 00 00 00 00 00 00 00  

 Result = PASSED
 ---------- END OF TEST ----------

 

 MASTER RESULT = PASSED


Docklight Log File (HEX) - Stopped 2026/9/30 15:17:43.024 

