Docklight Log File (HEX) - Started 2026/9/14 14:44:51.973 
 TEST CASE: CR080

 --- Set POS COM PORT Settings
 Set POS COM PORT...
 POS operating on COM90 @ 115200 baud...
 Set POS COM PORT - COMPLETE

 

 --- 29-00

2026/9/14 14:44:53.671 [TX] - 56 69 56 4F 74 65 63 68 32 00 29 00 00 00 A0 DE 
2026/9/14 14:44:53.680 [RX] - 56 69 56 4F 74 65 63 68 32 00 29 00 00 1A 56 69 56 4F 74 65 63 68 32 00 29 00 00 1A 56 50 33 33 35 30 20 46 57 20 76 31 2E 30 30 2E 39 39 39 2E 32 36 33 34 2E 54 1B 4E 00 00 00 00 00 00 00 00 00 00 00 00 00 00 00 00 00 00 00 00 00  

 --- 60-03 Contact Set Application Data 1

2026/9/14 14:44:54.801 [TX] - 56 69 56 4F 74 65 63 68 32 00 60 03 00 65 07 00 A0 00 00 00 03 10 10 0F 00 9F 01 06 56 49 53 41 30 30 5F 57 01 00 5F 2A 02 08 40 9F 09 02 00 96 5F 36 01 02 9F 1B 04 00 00 3A 98 DF 25 03 9F 37 04 DF 28 03 9F 08 02 DF EE 15 01 01 DF 13 05 00 00 00 00 00 DF 14 05 00 00 00 00 00 DF 15 05 00 00 00 00 00 DF 18 01 00 DF 17 04 00 00 27 10 DF 19 01 00 97 F3 
2026/9/14 14:44:54.824 [RX] - 56 69 56 4F 74 65 63 68 32 00 60 00 00 00 3D 35 00 00 00 00 00 00 00 00 00 00 00 00 00 00 00 00 00 00 00 00 00 00 00 00 00 00 00 00 00 00 00 00 00 00 00 00 00 00 00 00 00 00 00 00 00 00 00  

 --- 60-03 Contact Set Application Data 2

2026/9/14 14:44:54.841 [TX] - 56 69 56 4F 74 65 63 68 32 00 60 03 00 5C 07 00 A0 00 00 00 99 90 90 0E 00 5F 57 01 00 5F 2A 02 08 40 9F 09 02 00 09 5F 36 01 02 9F 1B 04 00 00 3A 98 DF 25 03 9F 37 04 DF 28 03 9F 08 02 DF EE 15 01 01 DF 13 05 00 00 00 00 00 DF 14 05 00 00 00 00 00 DF 15 05 00 00 00 00 00 DF 18 01 00 DF 17 04 00 00 27 10 DF 19 01 00 6D 4F 
2026/9/14 14:44:54.896 [RX] - 56 69 56 4F 74 65 63 68 32 00 60 00 00 00 3D 35 00 00 00 00 00 00 00 00 00 00 00 00 00 00 00 00 00 00 00 00 00 00 00 00 00 00 00 00 00 00 00 00 00 00 00 00 00 00 00 00 00 00 00 00 00 00 00  

 --- 60-03 Contact Set Application Data 3

2026/9/14 14:44:54.917 [TX] - 56 69 56 4F 74 65 63 68 32 00 60 03 00 5B 06 00 A0 00 00 99 99 01 0E 00 5F 57 01 00 5F 2A 02 08 40 9F 09 02 99 99 5F 36 01 02 9F 1B 04 00 00 3A 98 DF 25 03 9F 37 04 DF 28 03 9F 08 02 DF EE 15 01 01 DF 13 05 00 00 00 00 00 DF 14 05 00 00 00 00 00 DF 15 05 00 00 00 00 00 DF 18 01 00 DF 17 04 00 00 27 10 DF 19 01 00 BD 3D 
2026/9/14 14:44:54.948 [RX] - 56 69 56 4F 74 65 63 68 32 00 60 00 00 00 3D 35 00 00 00 00 00 00 00 00 00 00 00 00 00 00 00 00 00 00 00 00 00 00 00 00 00 00 00 00 00 00 00 00 00 00 00 00 00 00 00 00 00 00 00 00 00 00 00  

 --- 60-03 Contact Set Application Data 4

2026/9/14 14:44:54.968 [TX] - 56 69 56 4F 74 65 63 68 32 00 60 03 00 5D 08 00 A0 00 00 00 03 10 10 03 0E 00 5F 57 01 00 5F 2A 02 08 40 9F 09 02 00 96 5F 36 01 02 9F 1B 04 00 00 3A 98 DF 25 03 9F 37 04 DF 28 03 9F 08 02 DF EE 15 01 01 DF 13 05 00 00 00 00 00 DF 14 05 00 00 00 00 00 DF 15 05 00 00 00 00 00 DF 18 01 00 DF 17 04 00 00 27 10 DF 19 01 00 AC 43 
2026/9/14 14:44:54.998 [RX] - 56 69 56 4F 74 65 63 68 32 00 60 00 00 00 3D 35 00 00 00 00 00 00 00 00 00 00 00 00 00 00 00 00 00 00 00 00 00 00 00 00 00 00 00 00 00 00 00 00 00 00 00 00 00 00 00 00 00 00 00 00 00 00 00  

 --- 60-03 Contact Set Application Data 5

2026/9/14 14:44:55.021 [TX] - 56 69 56 4F 74 65 63 68 32 00 60 03 00 5D 08 00 A0 00 00 00 03 10 10 04 0E 00 5F 57 01 00 5F 2A 02 08 40 9F 09 02 00 96 5F 36 01 02 9F 1B 04 00 00 3A 98 DF 25 03 9F 37 04 DF 28 03 9F 08 02 DF EE 15 01 01 DF 13 05 00 00 00 00 00 DF 14 05 00 00 00 00 00 DF 15 05 00 00 00 00 00 DF 18 01 00 DF 17 04 00 00 27 10 DF 19 01 00 29 A1 
2026/9/14 14:44:55.087 [RX] - 56 69 56 4F 74 65 63 68 32 00 60 00 00 00 3D 35 00 00 00 00 00 00 00 00 00 00 00 00 00 00 00 00 00 00 00 00 00 00 00 00 00 00 00 00 00 00 00 00 00 00 00 00 00 00 00 00 00 00 00 00 00 00 00  

 --- 60-03 Contact Set Application Data 6

2026/9/14 14:44:55.120 [TX] - 56 69 56 4F 74 65 63 68 32 00 60 03 00 5D 08 00 A0 00 00 00 03 10 10 05 0E 00 5F 57 01 00 5F 2A 02 08 40 9F 09 02 00 96 5F 36 01 02 9F 1B 04 00 00 3A 98 DF 25 03 9F 37 04 DF 28 03 9F 08 02 DF EE 15 01 01 DF 13 05 00 00 00 00 00 DF 14 05 00 00 00 00 00 DF 15 05 00 00 00 00 00 DF 18 01 00 DF 17 04 00 00 27 10 DF 19 01 00 C8 41 
2026/9/14 14:44:55.222 [RX] - 56 69 56 4F 74 65 63 68 32 00 60 00 00 00 3D 35 00 00 00 00 00 00 00 00 00 00 00 00 00 00 00 00 00 00 00 00 00 00 00 00 00 00 00 00 00 00 00 00 00 00 00 00 00 00 00 00 00 00 00 00 00 00 00  

 --- 60-03 Contact Set Application Data 7

2026/9/14 14:44:55.252 [TX] - 56 69 56 4F 74 65 63 68 32 00 60 03 00 5D 08 00 A0 00 00 00 03 10 10 06 0E 00 5F 57 01 00 5F 2A 02 08 40 9F 09 02 00 96 5F 36 01 02 9F 1B 04 00 00 3A 98 DF 25 03 9F 37 04 DF 28 03 9F 08 02 DF EE 15 01 01 DF 13 05 00 00 00 00 00 DF 14 05 00 00 00 00 00 DF 15 05 00 00 00 00 00 DF 18 01 00 DF 17 04 00 00 27 10 DF 19 01 00 FA 40 
2026/9/14 14:44:55.280 [RX] - 56 69 56 4F 74 65 63 68 32 00 60 00 00 00 3D 35 00 00 00 00 00 00 00 00 00 00 00 00 00 00 00 00 00 00 00 00 00 00 00 00 00 00 00 00 00 00 00 00 00 00 00 00 00 00 00 00 00 00 00 00 00 00 00  

 --- 60-03 Contact Set Application Data 8

2026/9/14 14:44:55.303 [TX] - 56 69 56 4F 74 65 63 68 32 00 60 03 00 5D 08 00 A0 00 00 00 03 10 10 07 0E 00 5F 57 01 00 5F 2A 02 08 40 9F 09 02 00 96 5F 36 01 02 9F 1B 04 00 00 3A 98 DF 25 03 9F 37 04 DF 28 03 9F 08 02 DF EE 15 01 00 DF 13 05 00 00 00 00 00 DF 14 05 00 00 00 00 00 DF 15 05 00 00 00 00 00 DF 18 01 00 DF 17 04 00 00 27 10 DF 19 01 00 F5 04 
2026/9/14 14:44:55.332 [RX] - 56 69 56 4F 74 65 63 68 32 00 60 00 00 00 3D 35 00 00 00 00 00 00 00 00 00 00 00 00 00 00 00 00 00 00 00 00 00 00 00 00 00 00 00 00 00 00 00 00 00 00 00 00 00 00 00 00 00 00 00 00 00 00 00  

 --- 60-03 Contact Set Application Data 9

2026/9/14 14:44:55.352 [TX] - 56 69 56 4F 74 65 63 68 32 00 60 03 00 5C 07 00 A0 00 00 00 04 10 10 0E 00 5F 57 01 00 5F 2A 02 08 40 9F 09 02 00 02 5F 36 01 02 9F 1B 04 00 00 3A 98 DF 25 03 9F 37 04 DF 28 03 9F 08 02 DF EE 15 01 01 DF 13 05 00 00 00 00 00 DF 14 05 00 00 00 00 00 DF 15 05 00 00 00 00 00 DF 18 01 00 DF 17 04 00 00 27 10 DF 19 01 00 7D 7E 
2026/9/14 14:44:55.383 [RX] - 56 69 56 4F 74 65 63 68 32 00 60 00 00 00 3D 35 00 00 00 00 00 00 00 00 00 00 00 00 00 00 00 00 00 00 00 00 00 00 00 00 00 00 00 00 00 00 00 00 00 00 00 00 00 00 00 00 00 00 00 00 00 00 00  

 --- 60-03 Contact Set Application Data 10

2026/9/14 14:44:55.416 [TX] - 56 69 56 4F 74 65 63 68 32 00 60 03 00 5C 07 00 A0 00 00 00 65 10 10 0E 00 5F 57 01 00 5F 2A 02 08 40 9F 09 02 02 00 5F 36 01 02 9F 1B 04 00 00 3A 98 DF 25 03 9F 37 04 DF 28 03 9F 08 02 DF EE 15 01 01 DF 13 05 00 00 00 00 00 DF 14 05 00 00 00 00 00 DF 15 05 00 00 00 00 00 DF 18 01 00 DF 17 04 00 00 27 10 DF 19 01 00 8D 01 
2026/9/14 14:44:55.448 [RX] - 56 69 56 4F 74 65 63 68 32 00 60 00 00 00 3D 35 00 00 00 00 00 00 00 00 00 00 00 00 00 00 00 00 00 00 00 00 00 00 00 00 00 00 00 00 00 00 00 00 00 00 00 00 00 00 00 00 00 00 00 00 00 00 00  

 --- 60-03 Contact Set Application Data 11

2026/9/14 14:44:55.475 [TX] - 56 69 56 4F 74 65 63 68 32 00 60 03 00 5D 08 00 A0 00 00 00 25 01 05 01 0E 00 5F 57 01 00 5F 2A 02 08 40 9F 09 02 00 01 5F 36 01 02 9F 1B 04 00 00 3A 98 DF 25 03 9F 37 04 DF 28 03 9F 08 02 DF EE 15 01 01 DF 13 05 00 00 00 00 00 DF 14 05 00 00 00 00 00 DF 15 05 00 00 00 00 00 DF 18 01 00 DF 17 04 00 00 27 10 DF 19 01 00 35 E3 
2026/9/14 14:44:55.509 [RX] - 56 69 56 4F 74 65 63 68 32 00 60 00 00 00 3D 35 00 00 00 00 00 00 00 00 00 00 00 00 00 00 00 00 00 00 00 00 00 00 00 00 00 00 00 00 00 00 00 00 00 00 00 00 00 00 00 00 00 00 00 00 00 00 00  

 --- 60-03 Contact Set Application Data 12

2026/9/14 14:44:55.537 [TX] - 56 69 56 4F 74 65 63 68 32 00 60 03 00 5C 07 00 A0 00 00 01 52 30 10 0E 00 5F 57 01 00 5F 2A 02 08 40 9F 09 02 00 01 5F 36 01 02 9F 1B 04 00 00 3A 98 DF 25 03 9F 37 04 DF 28 03 9F 08 02 DF EE 15 01 01 DF 13 05 00 00 00 00 00 DF 14 05 00 00 00 00 00 DF 15 05 00 00 00 00 00 DF 18 01 00 DF 17 04 00 00 27 10 DF 19 01 00 35 30 
2026/9/14 14:44:55.648 [RX] - 56 69 56 4F 74 65 63 68 32 00 60 00 00 00 3D 35 00 00 00 00 00 00 00 00 00 00 00 00 00 00 00 00 00 00 00 00 00 00 00 00 00 00 00 00 00 00 00 00 00 00 00 00 00 00 00 00 00 00 00 00 00 00 00  

 --- 60-03 Contact Set Application Data 13

2026/9/14 14:44:55.685 [TX] - 56 69 56 4F 74 65 63 68 32 00 60 03 00 5D 08 00 A0 00 00 03 33 01 01 02 0E 00 5F 57 01 00 5F 2A 02 08 40 9F 09 02 00 30 5F 36 01 02 9F 1B 04 00 00 3A 98 DF 25 03 9F 37 04 DF 28 03 9F 08 02 DF EE 15 01 01 DF 13 05 00 00 00 00 00 DF 14 05 00 00 00 00 00 DF 15 05 00 00 00 00 00 DF 18 01 00 DF 17 04 00 00 27 10 DF 19 01 00 95 7D 
2026/9/14 14:44:55.762 [RX] - 56 69 56 4F 74 65 63 68 32 00 60 00 00 00 3D 35 00 00 00 00 00 00 00 00 00 00 00 00 00 00 00 00 00 00 00 00 00 00 00 00 00 00 00 00 00 00 00 00 00 00 00 00 00 00 00 00 00 00 00 00 00 00 00  

 --- 60-03 Contact Set Application Data 14

2026/9/14 14:44:55.790 [TX] - 56 69 56 4F 74 65 63 68 32 00 60 03 00 5A 05 00 A1 22 33 44 55 0E 00 5F 57 01 00 5F 2A 02 08 40 9F 09 02 12 34 5F 36 01 02 9F 1B 04 00 00 3A 98 DF 25 03 9F 37 04 DF 28 03 9F 08 02 DF EE 15 01 01 DF 13 05 00 00 00 00 00 DF 14 05 00 00 00 00 00 DF 15 05 00 00 00 00 00 DF 18 01 00 DF 17 04 00 00 27 10 DF 19 01 00 EE 9B 
2026/9/14 14:44:55.822 [RX] - 56 69 56 4F 74 65 63 68 32 00 60 00 00 00 3D 35 00 00 00 00 00 00 00 00 00 00 00 00 00 00 00 00 00 00 00 00 00 00 00 00 00 00 00 00 00 00 00 00 00 00 00 00 00 00 00 00 00 00 00 00 00 00 00  

 --- 60-03 Contact Set Application Data 15

2026/9/14 14:44:55.843 [TX] - 56 69 56 4F 74 65 63 68 32 00 60 03 00 65 10 00 A0 00 00 00 03 10 10 01 02 03 04 05 06 07 08 09 0E 00 5F 57 01 00 5F 2A 02 08 40 9F 09 02 00 96 5F 36 01 02 9F 1B 04 00 00 3A 98 DF 25 03 9F 37 04 DF 28 03 9F 08 02 DF EE 15 01 01 DF 13 05 00 00 00 00 00 DF 14 05 00 00 00 00 00 DF 15 05 00 00 00 00 00 DF 18 01 00 DF 17 04 00 00 27 10 DF 19 01 00 B5 00 
2026/9/14 14:44:55.875 [RX] - 56 69 56 4F 74 65 63 68 32 00 60 00 00 00 3D 35 00 00 00 00 00 00 00 00 00 00 00 00 00 00 00 00 00 00 00 00 00 00 00 00 00 00 00 00 00 00 00 00 00 00 00 00 00 00 00 00 00 00 00 00 00 00 00  

 --- 60-10 Contact Start Transaction

2026/9/14 14:44:55.903 [TX] - 56 69 56 4F 74 65 63 68 32 00 60 10 00 23 01 00 78 00 78 9C 01 00 5F 57 01 00 9F 02 06 00 00 00 00 02 00 9F 03 06 00 00 00 00 00 00 5F 2A 02 08 40 8F F0 
2026/9/14 14:44:55.937 [RX] - 56 69 56 4F 74 65 63 68 32 00 60 63 00 00 FF 0E 00 00 00 00 00 00 00 00 00 00 00 00 00 00 00 00 00 00 00 00 00 00 00 00 00 00 00 00 00 00 00 00 00 00 00 00 00 00 00 00 00 00 00 00 00 00 00 56 69 56 4F 74 65 63 68 32 00 61 01 00 10 03 00 00 02 00 45 4E 03 00 82 0B 1C 02 00 00 60 80 ED 00 00 00 00 00 00 00 00 00 00 00 00 00 00 00 00 00 00 00 00 00 00 00 00 00 00 00 00 00 00 00 56 69 56 4F 74 65 63 68 32 00 61 01 00 19 04 00 00 02 00 45 4E 0C 00 84 01 1C 04 24 1C 04 32 2E 30 30 1C 02 00 F4 21 E1 18 00 00 00 00 00 00 00 00 00 00 00 00 00 00 00 00 00 00 00 00 00 00 56 69 56 4F 74 65 63 68 32 00 61 01 00 10 03 00 00 02 00 45 4E 03 00 82 11 1C 02 00 F4 21 9B 8B 00 00 00 00 00 00 00 00 00 00 00 00 00 00 00 00 00 00 00 00 00 00 00 00 00 00 00 00 00 00 00 56 69 56 4F 74 65 63 68 32 00 61 01 00 18 01 02 00 32 00 02 00 45 4E 09 00 01 31 1C 02 32 1C 03 33 1C 02 00 FF FF BC FD 00 00 00 00 00 00 00 00 00 00 00 00 00 00 00 00 00 00 00 00 00 00 00  

 --- 61-01 (select AID)

2026/9/14 14:44:59.740 [TX] - 56 69 56 4F 74 65 63 68 32 00 61 01 00 04 01 01 00 01 1C 2B 
2026/9/14 14:44:59.750 [RX] - 56 69 56 4F 74 65 63 68 32 00 61 01 00 10 03 00 00 02 00 45 4E 03 00 82 1A 1C 02 00 F4 21 58 29 00 00 00 00 00 00 00 00 00 00 00 00 00 00 00 00 00 00 00 00 00 00 00 00 00 00 00 00 00 00 00 56 69 56 4F 74 65 63 68 32 00 61 01 00 1F 08 02 00 32 00 02 00 45 4E 10 00 01 45 4E 1C 02 46 52 1C 03 45 53 1C 04 5A 48 1C 02 00 FF FF F4 DF 00 00 00 00 00 00 00 00 00 00 00 00 00 00 00 00  

 --- 61-01 (select Language)

2026/9/14 14:45:00.767 [TX] - 56 69 56 4F 74 65 63 68 32 00 61 01 00 04 08 01 00 01 EF 5C 
2026/9/14 14:45:00.777 [RX] - 56 69 56 4F 74 65 63 68 32 00 61 01 00 10 03 00 00 02 00 45 4E 03 00 82 1A 1C 02 00 F4 21 58 29 00 00 00 00 00 00 00 00 00 00 00 00 00 00 00 00 00 00 00 00 00 00 00 00 00 00 00 00 00 00 00 56 69 56 4F 74 65 63 68 32 00 60 00 00 E5 E0 DF EE 26 02 E0 00 DF EE 12 0A FF FF 98 76 54 32 11 00 01 90 DF EE 25 02 00 10 57 A1 11 47 61 CC CC CC CC 00 10 D2 01 2C CC CC CC CC CC CC 57 C1 18 C2 0B 15 5F 5D 96 3A C2 BE 0D 87 55 40 30 20 82 65 24 0D 6A 0E 46 AC 7A 5A A1 08 47 61 CC CC CC CC 00 10 5A C1 10 9A C3 B8 85 85 29 7F B5 B7 7D E0 5F E0 61 5D AF 5F 34 01 01 5F 20 0F 46 55 4C 4C 20 46 55 4E 43 54 49 4F 4E 41 4C 5F 24 03 20 12 31 9F 1E 08 35 54 31 37 30 36 30 35 9F 1F C1 20 43 97 2C 57 3D C9 2A C4 E0 30 8D 93 41 A1 E2 10 C6 1B 4E 1C 95 49 42 F5 8C 46 8A 27 E6 0B 65 10 9F 20 00 5F 25 03 95 07 01 5F 2D 00 50 01 31 4F 00 84 08 A1 22 33 44 55 10 10 01 DF EE 23 00 9F 39 01 05 9F 53 00 DF 4F 00 FF EE 01 05 DF EE 30 01 01 5C DD 00 00 00 00 00 00 00  

 --- 60-11 Contact Authenticate Transaction

2026/9/14 14:45:02.517 [TX] - 56 69 56 4F 74 65 63 68 32 00 60 11 00 03 00 00 78 46 F3 
2026/9/14 14:45:02.528 [RX] - 56 69 56 4F 74 65 63 68 32 00 60 63 00 00 FF 0E 00 00 00 00 00 00 00 00 00 00 00 00 00 00 00 00 00 00 00 00 00 00 00 00 00 00 00 00 00 00 00 00 00 00 00 00 00 00 00 00 00 00 00 00 00 00 00 56 69 56 4F 74 65 63 68 32 00 61 01 00 10 03 00 00 02 00 45 4E 03 00 82 15 1C 02 00 F4 21 9D 2A 00 00 00 00 00 00 00 00 00 00 00 00 00 00 00 00 00 00 00 00 00 00 00 00 00 00 00 00 00 00 00 56 69 56 4F 74 65 63 68 32 00 60 00 01 9F E0 DF EE 26 02 E0 00 DF EE 12 0A FF FF 98 76 54 32 11 00 01 90 DF EE 25 02 00 04 4F 00 5A A1 08 47 61 CC CC CC CC 00 10 5A C1 10 9A C3 B8 85 85 29 7F B5 B7 7D E0 5F E0 61 5D AF 50 01 31 57 A1 11 47 61 CC CC CC CC 00 10 D2 01 2C CC CC CC CC CC CC 57 C1 18 C2 0B 15 5F 5D 96 3A C2 BE 0D 87 55 40 30 20 82 65 24 0D 6A 0E 46 AC 7A 82 02 18 00 84 08 A1 22 33 44 55 10 10 01 8E 0E 00 00 00 00 00 00 00 00 5E 03 1F 00 00 00 95 05 80 80 00 00 00 9A 03 20 01 05 9B 02 40 00 9C 01 00 99 00 5F 20 0F 46 55 4C 4C 20 46 55 4E 43 54 49 4F 4E 41 4C 5F 24 03 20 12 31 5F 25 03 95 07 01 5F 28 02 08 40 5F 2A 02 08 40 5F 2D 00 5F 34 01 01 9F 02 06 00 00 00 00 02 00 9F 03 06 00 00 00 00 00 00 9F 07 02 FF C0 9F 08 02 00 8C 9F 09 02 12 34 9F 0B 00 9F 0D 05 00 00 00 00 00 9F 0E 05 00 00 00 00 00 9F 0F 05 00 00 00 00 00 9F 10 00 9F 11 01 00 9F 12 00 9F 13 00 9F 15 02 12 34 9F 16 0F 30 30 30 30 30 30 30 30 30 30 30 30 30 30 30 9F 1A 02 08 40 9F 1C 08 38 37 36 35 34 33 32 31 9F 1E 08 35 54 31 37 30 36 30 35 9F 20 00 9F 21 03 10 08 09 9F 24 00 9F 26 08 CB CD E6 A7 9D 7C 02 E7 9F 27 01 80 9F 33 03 60 28 C8 9F 34 03 5E 03 00 9F 35 01 21 9F 36 02 00 01 9F 37 04 E8 1F 34 A7 9F 53 00 9F 5B 00 9F 39 01 05 DF 21 00 DF EE 23 00 DF EE 51 00 FF EE 01 05 DF EE 30 01 01 E5 FE 00 00 00 00 00 00 00 00 00 00  

 --- 60-12 Contact Apply Host Response

2026/9/14 14:45:03.687 [TX] - 56 69 56 4F 74 65 63 68 32 00 60 12 00 11 01 8A 02 30 30 91 0A 11 22 33 44 55 66 77 88 30 30 1C F3 
2026/9/14 14:45:03.698 [RX] - 56 69 56 4F 74 65 63 68 32 00 60 63 00 00 FF 0E 00 00 00 00 00 00 00 00 00 00 00 00 00 00 00 00 00 00 00 00 00 00 00 00 00 00 00 00 00 00 00 00 00 00 00 00 00 00 00 00 00 00 00 00 00 00 00 56 69 56 4F 74 65 63 68 32 00 61 01 00 10 03 00 00 02 00 45 4E 03 00 82 03 1C 02 00 F4 21 0A 4F 00 00 00 00 00 00 00 00 00 00 00 00 00 00 00 00 00 00 00 00 00 00 00 00 00 00 00 00 00 00 00 56 69 56 4F 74 65 63 68 32 00 60 00 00 6E E0 DF EE 26 02 E0 00 DF EE 25 02 00 02 8A 02 30 30 9F 10 00 9F 26 08 88 2D 84 27 A2 68 E2 14 9F 27 01 40 9F 36 02 00 01 9F 37 04 E8 1F 34 A7 9F 02 06 00 00 00 00 02 00 9F 13 00 95 05 80 80 00 00 00 9B 02 60 00 9F 03 06 00 00 00 00 00 00 9F 34 03 5E 03 00 DF EE 51 00 99 00 DF 21 00 9F 39 01 05 9F 53 00 FF EE 01 05 DF EE 30 01 01 FA A9 56 69 56 4F 74 65 63 68 32 00 61 01 00 10 03 00 00 02 00 45 4E 03 00 82 23 1C 02 00 00 20 F0 63 00 00 00 00 00 00 00 00 00 00 00 00 00 00 00 00 00 00 00 00 00 00 00 00 00 00 00 00 00 00 00  

 ---------- END OF TEST ----------

 Result = PASSED


Docklight Log File (HEX) - Stopped 2026/9/14 14:45:04.836 

