Docklight Log File (HEX) - Started 2026/9/17 09:45:53.010 
 TEST CASE: applepay1-1

 --- Set POS COM PORT Settings
 Set POS COM PORT...
 POS operating on COM90 @ 115200 baud...
 Set POS COM PORT - COMPLETE


2026/9/17 09:45:54.729 [TX] - 56 69 56 4F 74 65 63 68 32 00 01 01 00 01 01 D7 34 
2026/9/17 09:45:54.743 [RX] - 56 69 56 4F 74 65 63 68 32 00 01 00 00 00 12 53 00 00 00 00 00 00 00 00 00 00 00 00 00 00 00 00 00 00 00 00 00 00 00 00 00 00 00 00 00 00 00 00 00 00 00 00 00 00 00 00 00 00 00 00 00 00 00  

 --- Get FW ver (29-00)

2026/9/17 09:45:55.750 [TX] - 56 69 56 4F 74 65 63 68 32 00 29 00 00 00 DE A0 
2026/9/17 09:45:55.759 [RX] - 56 69 56 4F 74 65 63 68 32 00 29 00 00 1A 56 50 36 33 32 38 20 46 57 20 76 31 2E 30 30 2E 32 30 33 2E 32 36 33 37 2E 54 DF 6A 00 00 00 00 00 00 00 00 00 00 00 00 00 00 00 00 00 00 00 00 00  

 --- Set Merchant 1 - Blank 

2026/9/17 09:45:57.393 [TX] - 56 69 56 4F 74 65 63 68 32 00 04 11 00 63 01 00 00 00 00 00 00 00 00 00 00 00 00 00 00 00 00 00 00 00 00 00 00 00 00 00 00 00 00 00 00 00 00 00 00 00 00 00 00 00 00 00 00 00 00 00 00 00 00 00 00 00 00 00 00 00 00 00 00 00 00 00 00 00 00 00 00 00 00 00 00 00 00 00 00 00 00 00 00 00 00 00 00 00 00 00 00 00 00 00 00 00 00 00 00 00 00 00 00 4D EC 
2026/9/17 09:45:57.436 [RX] - 56 69 56 4F 74 65 63 68 32 00 04 00 00 00 AE 16 00 00 00 00 00 00 00 00 00 00 00 00 00 00 00 00 00 00 00 00 00 00 00 00 00 00 00 00 00 00 00 00 00 00 00 00 00 00 00 00 00 00 00 00 00 00 00  

 --- Set Merchant 2 - Blank 

2026/9/17 09:45:57.972 [TX] - 56 69 56 4F 74 65 63 68 32 00 04 11 00 63 02 00 00 00 00 00 00 00 00 00 00 00 00 00 00 00 00 00 00 00 00 00 00 00 00 00 00 00 00 00 00 00 00 00 00 00 00 00 00 00 00 00 00 00 00 00 00 00 00 00 00 00 00 00 00 00 00 00 00 00 00 00 00 00 00 00 00 00 00 00 00 00 00 00 00 00 00 00 00 00 00 00 00 00 00 00 00 00 00 00 00 00 00 00 00 00 00 00 00 6B 09 
2026/9/17 09:45:58.056 [RX] - 56 69 56 4F 74 65 63 68 32 00 04 00 00 00 AE 16 00 00 00 00 00 00 00 00 00 00 00 00 00 00 00 00 00 00 00 00 00 00 00 00 00 00 00 00 00 00 00 00 00 00 00 00 00 00 00 00 00 00 00 00 00 00 00  

 --- Set Merchant 3 - Blank

2026/9/17 09:45:58.585 [TX] - 56 69 56 4F 74 65 63 68 32 00 04 11 00 63 03 00 00 00 00 00 00 00 00 00 00 00 00 00 00 00 00 00 00 00 00 00 00 00 00 00 00 00 00 00 00 00 00 00 00 00 00 00 00 00 00 00 00 00 00 00 00 00 00 00 00 00 00 00 00 00 00 00 00 00 00 00 00 00 00 00 00 00 00 00 00 00 00 00 00 00 00 00 00 00 00 00 00 00 00 00 00 00 00 00 00 00 00 00 00 00 00 00 00 96 A5 
2026/9/17 09:45:58.629 [RX] - 56 69 56 4F 74 65 63 68 32 00 04 00 00 00 AE 16 00 00 00 00 00 00 00 00 00 00 00 00 00 00 00 00 00 00 00 00 00 00 00 00 00 00 00 00 00 00 00 00 00 00 00 00 00 00 00 00 00 00 00 00 00 00 00  

 --- Set Merchant 4 - Blank 

2026/9/17 09:45:59.161 [TX] - 56 69 56 4F 74 65 63 68 32 00 04 11 00 63 04 00 00 00 00 00 00 00 00 00 00 00 00 00 00 00 00 00 00 00 00 00 00 00 00 00 00 00 00 00 00 00 00 00 00 00 00 00 00 00 00 00 00 00 00 00 00 00 00 00 00 00 00 00 00 00 00 00 00 00 00 00 00 00 00 00 00 00 00 00 00 00 00 00 00 00 00 00 00 00 00 00 00 00 00 00 00 00 00 00 00 00 00 00 00 00 00 00 00 06 D3 
2026/9/17 09:45:59.203 [RX] - 56 69 56 4F 74 65 63 68 32 00 04 00 00 00 AE 16 00 00 00 00 00 00 00 00 00 00 00 00 00 00 00 00 00 00 00 00 00 00 00 00 00 00 00 00 00 00 00 00 00 00 00 00 00 00 00 00 00 00 00 00 00 00 00  

 --- Set Merchant 5 - Blank 

2026/9/17 09:45:59.740 [TX] - 56 69 56 4F 74 65 63 68 32 00 04 11 00 63 05 00 00 00 00 00 00 00 00 00 00 00 00 00 00 00 00 00 00 00 00 00 00 00 00 00 00 00 00 00 00 00 00 00 00 00 00 00 00 00 00 00 00 00 00 00 00 00 00 00 00 00 00 00 00 00 00 00 00 00 00 00 00 00 00 00 00 00 00 00 00 00 00 00 00 00 00 00 00 00 00 00 00 00 00 00 00 00 00 00 00 00 00 00 00 00 00 00 00 FB 7F 
2026/9/17 09:45:59.782 [RX] - 56 69 56 4F 74 65 63 68 32 00 04 00 00 00 AE 16 00 00 00 00 00 00 00 00 00 00 00 00 00 00 00 00 00 00 00 00 00 00 00 00 00 00 00 00 00 00 00 00 00 00 00 00 00 00 00 00 00 00 00 00 00 00 00  

 --- Set Merchant 6 - Blank 

2026/9/17 09:46:00.319 [TX] - 56 69 56 4F 74 65 63 68 32 00 04 11 00 63 06 00 00 00 00 00 00 00 00 00 00 00 00 00 00 00 00 00 00 00 00 00 00 00 00 00 00 00 00 00 00 00 00 00 00 00 00 00 00 00 00 00 00 00 00 00 00 00 00 00 00 00 00 00 00 00 00 00 00 00 00 00 00 00 00 00 00 00 00 00 00 00 00 00 00 00 00 00 00 00 00 00 00 00 00 00 00 00 00 00 00 00 00 00 00 00 00 00 00 DD 9A 
2026/9/17 09:46:00.363 [RX] - 56 69 56 4F 74 65 63 68 32 00 04 00 00 00 AE 16 00 00 00 00 00 00 00 00 00 00 00 00 00 00 00 00 00 00 00 00 00 00 00 00 00 00 00 00 00 00 00 00 00 00 00 00 00 00 00 00 00 00 00 00 00 00 00 
2026/9/17 09:46:00.884 [TX] - 56 69 56 4F 74 65 63 68 32 00 01 01 00 01 01 D7 34 
2026/9/17 09:46:00.899 [RX] - 56 69 56 4F 74 65 63 68 32 00 01 00 00 00 12 53 00 00 00 00 00 00 00 00 00 00 00 00 00 00 00 00 00 00 00 00 00 00 00 00 00 00 00 00 00 00 00 00 00 00 00 00 00 00 00 00 00 00 00 00 00 00 00  ============================================================Panera Bread card

 

 --- ACT - VAS Only 

2026/9/17 09:46:03.570 [TX] - 56 69 56 4F 74 65 63 68 32 00 02 40 00 2A 30 9F 02 06 00 00 00 00 00 01 9C 01 00 FF EE 06 19 9F 22 02 01 00 9F 26 04 00 00 00 02 9F 2B 05 01 00 00 00 00 DF EE 01 01 01 0B 6E 
2026/9/17 09:46:04.696 [RX] - 56 69 56 4F 74 65 63 68 32 00 02 57 00 34 E1 DF EE 26 02 E1 00 FF EE 06 13 9A 03 26 09 17 9F 21 03 01 46 01 DF EE 02 04 80 00 00 00 9F 39 01 07 FF EE 01 05 DF EE 30 01 00 FF EE 01 05 DF EE 30 01 00 97 20 00 00 00 00 00 00 00 00 00 00 00 00 00 00 00 00 00 00 00 00 00 00 00 00 00 00 00 00 00 00 00 00 00 00 00 00 00 00 00 00 00 00 00 00 00 00 00 00 00 00 00 00 00 00 00 00 00 00  

 --- ACT - VAS OR Pay 

2026/9/17 09:46:07.010 [TX] - 56 69 56 4F 74 65 63 68 32 00 02 40 00 2A 30 9F 02 06 00 00 00 00 00 01 9C 01 00 FF EE 06 19 9F 22 02 01 00 9F 26 04 00 00 00 00 9F 2B 05 01 00 00 00 00 DF EE 01 01 01 C9 98 
2026/9/17 09:46:07.816 [RX] - 56 69 56 4F 74 65 63 68 32 00 02 57 00 34 E1 DF EE 26 02 E1 00 FF EE 06 13 9A 03 26 09 17 9F 21 03 01 46 04 DF EE 02 04 80 00 00 00 9F 39 01 07 FF EE 01 05 DF EE 30 01 00 FF EE 01 05 DF EE 30 01 00 01 EF 00 00 00 00 00 00 00 00 00 00 00 00 00 00 00 00 00 00 00 00 00 00 00 00 00 00 00 00 00 00 00 00 00 00 00 00 00 00 00 00 00 00 00 00 00 00 00 00 00 00 00 00 00 00 00 00 00 00  

 --- ACT - VAS AND Pay 

2026/9/17 09:46:09.699 [TX] - 56 69 56 4F 74 65 63 68 32 00 02 40 00 2F 30 9F 02 06 00 00 00 00 00 01 9C 01 00 FF EE 06 19 9F 22 02 01 00 9F 26 04 00 00 00 01 9F 2B 05 01 00 00 00 00 DF EE 01 01 01 DF EF 7A 01 00 8A E5 
2026/9/17 09:46:10.369 [RX] - 56 69 56 4F 74 65 63 68 32 00 02 57 00 34 E1 DF EE 26 02 E1 00 FF EE 06 13 9A 03 26 09 17 9F 21 03 01 46 07 DF EE 02 04 80 00 00 00 9F 39 01 07 FF EE 01 05 DF EE 30 01 00 FF EE 01 05 DF EE 30 01 00 83 B5 00 00 00 00 00 00 00 00 00 00 00 00 00 00 00 00 00 00 00 00 00 00 00 00 00 00 00 00 00 00 00 00 00 00 00 00 00 00 00 00 00 00 00 00 00 00 00 00 00 00 00 00 00 00 00 00 00 00  

 --- ACT - Pay Only 

2026/9/17 09:46:12.164 [TX] - 56 69 56 4F 74 65 63 68 32 00 02 40 00 2A 30 9F 02 06 00 00 00 00 00 01 9C 01 00 FF EE 06 19 9F 22 02 01 00 9F 26 04 00 00 00 03 9F 2B 05 01 00 00 00 00 DF EE 01 01 01 6A 15 
2026/9/17 09:46:12.739 [RX] - 56 69 56 4F 74 65 63 68 32 00 02 0A 00 6A E1 DF EE 26 02 E1 00 DF EE 02 04 27 6A 82 01 DF 81 29 08 40 F0 F0 F0 80 F0 FF 00 DF 81 16 16 1C 02 00 00 00 00 00 00 00 00 00 00 00 00 00 00 00 00 00 00 00 00 96 08 00 00 00 00 00 00 00 00 DF EC 1C 1E 08 07 00 04 FF 00 1C 02 00 00 00 FF 00 00 00 00 00 00 00 00 00 00 00 00 00 00 00 00 FF 00 FF EE 01 05 DF EE 30 01 00 2C C9 00 00 00 00  

 --- ACT - VAS URL Only Protocol 

2026/9/17 09:46:15.946 [TX] - 56 69 56 4F 74 65 63 68 32 00 02 40 00 2A 30 9F 02 06 00 00 00 00 00 01 9C 01 00 FF EE 06 19 9F 22 02 01 00 9F 26 04 00 00 00 02 9F 2B 05 01 00 00 00 00 DF EE 01 01 00 2A 7E 
2026/9/17 09:46:16.715 [RX] - 56 69 56 4F 74 65 63 68 32 00 02 57 00 34 E1 DF EE 26 02 E1 00 FF EE 06 13 9A 03 26 09 17 9F 21 03 01 46 13 DF EE 02 04 80 00 00 00 9F 39 01 07 FF EE 01 05 DF EE 30 01 00 FF EE 01 05 DF EE 30 01 00 F8 CB 00 00 00 00 00 00 00 00 00 00 00 00 00 00 00 00 00 00 00 00 00 00 00 00 00 00 00 00 00 00 00 00 00 00 00 00 00 00 00 00 00 00 00 00 00 00 00 00 00 00 00 00 00 00 00 00 00 00  ============================================================My Coke Rewards card

 

 --- ACT - VAS Only 

2026/9/17 09:46:18.599 [TX] - 56 69 56 4F 74 65 63 68 32 00 02 40 00 2A 30 9F 02 06 00 00 00 00 00 01 9C 01 00 FF EE 06 19 9F 22 02 01 00 9F 26 04 00 00 00 02 9F 2B 05 01 00 00 00 00 DF EE 01 01 01 0B 6E 
2026/9/17 09:46:21.122 [RX] - 56 69 56 4F 74 65 63 68 32 00 02 57 00 34 E1 DF EE 26 02 E1 00 FF EE 06 13 9A 03 26 09 17 9F 21 03 01 46 17 DF EE 02 04 80 00 00 00 9F 39 01 07 FF EE 01 05 DF EE 30 01 00 FF EE 01 05 DF EE 30 01 00 E0 2D 00 00 00 00 00 00 00 00 00 00 00 00 00 00 00 00 00 00 00 00 00 00 00 00 00 00 00 00 00 00 00 00 00 00 00 00 00 00 00 00 00 00 00 00 00 00 00 00 00 00 00 00 00 00 00 00 00 00  

 --- ACT - VAS OR Pay 

2026/9/17 09:46:23.703 [TX] - 56 69 56 4F 74 65 63 68 32 00 02 40 00 2A 30 9F 02 06 00 00 00 00 00 01 9C 01 00 FF EE 06 19 9F 22 02 01 00 9F 26 04 00 00 00 00 9F 2B 05 01 00 00 00 00 DF EE 01 01 01 C9 98 
2026/9/17 09:46:24.588 [RX] - 56 69 56 4F 74 65 63 68 32 00 02 57 00 34 E1 DF EE 26 02 E1 00 FF EE 06 13 9A 03 26 09 17 9F 21 03 01 46 20 DF EE 02 04 80 00 00 00 9F 39 01 07 FF EE 01 05 DF EE 30 01 00 FF EE 01 05 DF EE 30 01 00 DE 39 00 00 00 00 00 00 00 00 00 00 00 00 00 00 00 00 00 00 00 00 00 00 00 00 00 00 00 00 00 00 00 00 00 00 00 00 00 00 00 00 00 00 00 00 00 00 00 00 00 00 00 00 00 00 00 00 00 00  

 --- ACT - VAS AND Pay 

2026/9/17 09:46:27.463 [TX] - 56 69 56 4F 74 65 63 68 32 00 02 40 00 2F 30 9F 02 06 00 00 00 00 00 01 9C 01 00 FF EE 06 19 9F 22 02 01 00 9F 26 04 00 00 00 01 9F 2B 05 01 00 00 00 00 DF EE 01 01 01 DF EF 7A 01 00 8A E5 
2026/9/17 09:46:28.493 [RX] - 56 69 56 4F 74 65 63 68 32 00 02 57 00 34 E1 DF EE 26 02 E1 00 FF EE 06 13 9A 03 26 09 17 9F 21 03 01 46 24 DF EE 02 04 80 00 00 00 9F 39 01 07 FF EE 01 05 DF EE 30 01 00 FF EE 01 05 DF EE 30 01 00 C6 DF 00 00 00 00 00 00 00 00 00 00 00 00 00 00 00 00 00 00 00 00 00 00 00 00 00 00 00 00 00 00 00 00 00 00 00 00 00 00 00 00 00 00 00 00 00 00 00 00 00 00 00 00 00 00 00 00 00 00  

 --- ACT - Pay Only 

2026/9/17 09:46:32.168 [TX] - 56 69 56 4F 74 65 63 68 32 00 02 40 00 2A 30 9F 02 06 00 00 00 00 00 01 9C 01 00 FF EE 06 19 9F 22 02 01 00 9F 26 04 00 00 00 03 9F 2B 05 01 00 00 00 00 DF EE 01 01 01 6A 15 
2026/9/17 09:46:33.062 [RX] - 56 69 56 4F 74 65 63 68 32 00 02 0A 00 6A E1 DF EE 26 02 E1 00 DF EE 02 04 27 6A 82 01 DF 81 29 08 40 F0 F0 F0 80 F0 FF 00 DF 81 16 16 1C 02 00 00 00 00 00 00 00 00 00 00 00 00 00 00 00 00 00 00 00 00 96 08 00 00 00 00 00 00 00 00 DF EC 1C 1E 08 07 00 04 FF 00 1C 02 00 00 00 FF 00 00 00 00 00 00 00 00 00 00 00 00 00 00 00 00 FF 00 FF EE 01 05 DF EE 30 01 00 2C C9 00 00 00 00  

 ---------- END OF TEST ----------

 Result = PASSED


Docklight Log File (HEX) - Stopped 2026/9/17 09:46:33.166 

