Docklight Log File (HEX) - Started 2026/9/15 13:36:20.076 
 TEST CASE: VAS402

 --- Set POS COM PORT Settings
 Set POS COM PORT...
 POS operating on COM90 @ 115200 baud...
 Set POS COM PORT - COMPLETE

 --- Get Data Encryption (C7-37)

2026/9/15 13:36:22.620 [TX] - 56 69 56 4F 74 65 63 68 32 00 C7 37 00 00 5B C6 
2026/9/15 13:36:22.624 [RX] - 56 69 56 4F 74 65 63 68 32 00 C7 00 00 01 03 9C 1C 00 00 00 00 00 00 00 00 00 00 00 00 00 00 00 00 00 00 00 00 00 00 00 00 00 00 00 00 00 00 00 00 00 00 00 00 00 00 00 00 00 00 00 00 00 00  

 --- Poll on Demand

2026/9/15 13:36:22.635 [TX] - 56 69 56 4F 74 65 63 68 32 00 01 01 00 01 01 D7 34 
2026/9/15 13:36:22.650 [RX] - 56 69 56 4F 74 65 63 68 32 00 01 00 00 00 12 53 00 00 00 00 00 00 00 00 00 00 00 00 00 00 00 00 00 00 00 00 00 00 00 00 00 00 00 00 00 00 00 00 00 00 00 00 00 00 00 00 00 00 00 00 00 00 00  

 --- Burst mode Off *** NEO2

2026/9/15 13:36:23.169 [TX] - 56 69 56 4F 74 65 63 68 32 00 04 00 00 05 DF EE 7E 01 00 60 1E 
2026/9/15 13:36:23.288 [RX] - 56 69 56 4F 74 65 63 68 32 00 04 00 00 00 AE 16 00 00 00 00 00 00 00 00 00 00 00 00 00 00 00 00 00 00 00 00 00 00 00 00 00 00 00 00 00 00 00 00 00 00 00 00 00 00 00 00 00 00 00 00 00 00 00  

 --- 02-40 VAS_AND_PAY

2026/9/15 13:36:24.478 [TX] - 56 69 56 4F 74 65 63 68 32 00 02 40 00 31 FA 9F 02 06 00 00 00 00 02 00 9C 01 00 9A 03 17 12 19 9F 21 03 09 58 08 FF EE 06 10 9F 26 04 00 00 00 01 9F 22 02 01 00 DF 01 01 03 DF EF 7A 01 01 82 55 
2026/9/15 13:36:24.510 [RX] - 56 69 56 4F 74 65 63 68 32 00 02 63 00 00 4B B4 00 00 00 00 00 00 00 00 00 00 00 00 00 00 00 00 00 00 00 00 00 00 00 00 00 00 00 00 00 00 00 00 00 00 00 00 00 00 00 00 00 00 00 00 00 00 00 56 69 56 4F 74 65 63 68 32 00 61 01 00 10 03 00 00 02 00 45 4E 03 00 82 57 1C 02 00 00 60 FB 9A 00 00 00 00 00 00 00 00 00 00 00 00 00 00 00 00 00 00 00 00 00 00 00 00 00 00 00 00 00 00 00 56 69 56 4F 74 65 63 68 32 00 61 01 00 19 04 00 00 02 00 45 4E 0C 00 84 01 1C 04 24 1C 04 32 2E 30 30 1C 02 00 F4 21 E1 18 00 00 00 00 00 00 00 00 00 00 00 00 00 00 00 00 00 00 00 00 00 00 56 69 56 4F 74 65 63 68 32 00 61 01 00 10 03 00 00 02 00 45 4E 03 00 82 1A 1C 02 00 F4 21 58 29 00 00 00 00 00 00 00 00 00 00 00 00 00 00 00 00 00 00 00 00 00 00 00 00 00 00 00 00 00 00 00 56 69 56 4F 74 65 63 68 32 00 61 01 00 10 03 00 00 02 00 45 4E 03 00 82 68 1C 02 00 F4 21 96 F5 00 00 00 00 00 00 00 00 00 00 00 00 00 00 00 00 00 00 00 00 00 00 00 00 00 00 00 00 00 00 00 56 69 56 4F 74 65 63 68 32 00 61 01 00 10 03 00 00 02 00 45 4E 03 00 82 15 1C 02 00 F4 21 9D 2A 00 00 00 00 00 00 00 00 00 00 00 00 00 00 00 00 00 00 00 00 00 00 00 00 00 00 00 00 00 00 00 56 69 56 4F 74 65 63 68 32 00 02 23 02 47 E1 DF EE 26 02 E1 00 DF EE 12 0A FF FF 98 76 54 32 11 00 00 26 DF EF 4C 06 00 00 00 00 00 00 DF EF 4D 00 DF 81 29 08 30 F0 F0 30 A0 F0 FF 00 DF 81 16 16 1B FF 00 00 13 00 00 00 00 00 00 00 00 00 00 00 00 00 00 00 00 00 FF 81 05 82 01 A7 4F 07 A0 00 00 00 03 10 10 50 04 56 49 53 41 57 A1 13 48 31 CC CC CC CC 59 73 D2 81 2C CC CC CC CC CC CC CC CC 57 C1 18 DA 61 5F 7D 57 68 16 75 09 D1 00 42 02 E3 3F FC 00 A4 C4 BC 57 02 34 71 5A A1 08 48 31 CC CC CC CC 59 73 5A C1 10 84 B2 A5 36 DF 67 CA 4C 9F AF E9 E3 32 AA 3A A4 82 02 00 60 84 07 A0 00 00 00 03 10 10 95 05 00 00 00 00 00 96 01 03 9A 03 17 12 19 9C 01 00 5F 28 02 07 02 5F 2A 02 08 40 5F 34 01 00 5F 36 01 02 9F 02 06 00 00 00 00 02 00 9F 03 06 00 00 00 00 00 00 9F 06 07 A0 00 00 00 03 10 10 9F 09 02 00 02 9F 10 20 1F 42 03 32 A0 00 00 00 00 10 03 02 73 00 00 00 00 40 00 00 00 00 00 00 00 00 00 00 00 00 00 00 9F 15 02 00 00 9F 19 06 04 00 10 03 02 73 9F 1A 02 08 40 9F 1B 04 00 00 1F 40 9F 1E 08 35 54 31 37 30 36 30 35 9F 21 03 09 58 08 9F 24 1D 56 30 30 31 30 30 31 33 30 31 36 31 38 33 31 31 33 34 38 39 37 31 33 35 33 36 32 34 32 9F 26 08 37 C6 F0 0F 3C 40 4C 8F 9F 27 01 80 9F 33 03 E0 08 40 9F 34 03 24 03 02 9F 35 01 15 9F 36 02 07 BA 9F 37 04 FB E2 CA B4 9F 39 01 07 9F 40 05 80 00 00 00 00 9F 41 04 00 00 00 38 9F 4E 1E 00 00 00 00 00 00 00 00 00 00 00 00 00 00 00 00 00 00 00 00 00 00 00 00 00 00 00 00 00 00 9F 5A 05 40 07 02 07 02 9F 66 04 30 00 C0 00 9F 6C 02 00 80 9F 6E 04 23 88 00 00 DF 81 26 06 00 00 00 00 60 00 DF EE 4C 01 06 FF EE 01 0F DF EE 30 01 00 DF EE 52 01 03 DF EE 5B 01 05 DF EC 1C 1E 08 08 00 01 FF 00 1B 00 00 00 13 FF 00 00 00 00 00 00 00 00 00 00 00 00 00 00 00 00 FF 00 FF EE 06  << Tag FFEE06 13 9A 03 17 12 19 9F 21 03 09 58 08 DF EE 02 04 82 6A 83 0C DF EF 7B 01 01  << Tag DFEF7B A9 B2 00 00 00 00 00 00 00 00 00 00 00 00 00 00 00 00 00 00 00 00 00 00 00 00 00 00 00 00 00 00 00  

 --- 02-40 VAS_OR_PAY

2026/9/15 13:36:29.953 [TX] - 56 69 56 4F 74 65 63 68 32 00 02 40 00 31 FA 9F 02 06 00 00 00 00 02 00 9C 01 00 9A 03 17 12 19 9F 21 03 09 58 08 FF EE 06 10 9F 26 04 00 00 00 00 9F 22 02 01 00 DF 01 01 03 DF EF 7A 01 01 7E FB 
2026/9/15 13:36:29.986 [RX] - 56 69 56 4F 74 65 63 68 32 00 02 63 00 00 4B B4 00 00 00 00 00 00 00 00 00 00 00 00 00 00 00 00 00 00 00 00 00 00 00 00 00 00 00 00 00 00 00 00 00 00 00 00 00 00 00 00 00 00 00 00 00 00 00 56 69 56 4F 74 65 63 68 32 00 61 01 00 10 03 00 00 02 00 45 4E 03 00 82 57 1C 02 00 00 60 FB 9A 00 00 00 00 00 00 00 00 00 00 00 00 00 00 00 00 00 00 00 00 00 00 00 00 00 00 00 00 00 00 00 56 69 56 4F 74 65 63 68 32 00 61 01 00 19 04 00 00 02 00 45 4E 0C 00 84 01 1C 04 24 1C 04 32 2E 30 30 1C 02 00 F4 21 E1 18 00 00 00 00 00 00 00 00 00 00 00 00 00 00 00 00 00 00 00 00 00 00 56 69 56 4F 74 65 63 68 32 00 61 01 00 10 03 00 00 02 00 45 4E 03 00 82 1A 1C 02 00 F4 21 58 29 00 00 00 00 00 00 00 00 00 00 00 00 00 00 00 00 00 00 00 00 00 00 00 00 00 00 00 00 00 00 00 56 69 56 4F 74 65 63 68 32 00 61 01 00 10 03 00 00 02 00 45 4E 03 00 82 68 1C 02 00 F4 21 96 F5 00 00 00 00 00 00 00 00 00 00 00 00 00 00 00 00 00 00 00 00 00 00 00 00 00 00 00 00 00 00 00 56 69 56 4F 74 65 63 68 32 00 61 01 00 10 03 00 00 02 00 45 4E 03 00 82 15 1C 02 00 F4 21 9D 2A 00 00 00 00 00 00 00 00 00 00 00 00 00 00 00 00 00 00 00 00 00 00 00 00 00 00 00 00 00 00 00 56 69 56 4F 74 65 63 68 32 00 02 23 02 47 E1 DF EE 26 02 E1 00 DF EE 12 0A FF FF 98 76 54 32 11 00 00 27 DF EF 4C 06 00 00 00 00 00 00 DF EF 4D 00 DF 81 29 08 30 F0 F0 30 A0 F0 FF 00 DF 81 16 16 1B FF 00 00 13 00 00 00 00 00 00 00 00 00 00 00 00 00 00 00 00 00 FF 81 05 82 01 A7 4F 07 A0 00 00 00 03 10 10 50 04 56 49 53 41 57 A1 13 48 31 CC CC CC CC 59 73 D2 81 2C CC CC CC CC CC CC CC CC 57 C1 18 FC 24 4E C5 6C 33 5C B7 06 60 9A FA 7B F8 FF BB 51 58 B4 70 D7 29 6C 9D 5A A1 08 48 31 CC CC CC CC 59 73 5A C1 10 D3 F2 F8 38 97 DD E1 63 F5 F4 1F 44 41 CB 70 6D 82 02 00 60 84 07 A0 00 00 00 03 10 10 95 05 00 00 00 00 00 96 01 03 9A 03 17 12 19 9C 01 00 5F 28 02 07 02 5F 2A 02 08 40 5F 34 01 00 5F 36 01 02 9F 02 06 00 00 00 00 02 00 9F 03 06 00 00 00 00 00 00 9F 06 07 A0 00 00 00 03 10 10 9F 09 02 00 02 9F 10 20 1F 42 03 32 A0 00 00 00 00 10 03 02 73 00 00 00 00 40 00 00 00 00 00 00 00 00 00 00 00 00 00 00 9F 15 02 00 00 9F 19 06 04 00 10 03 02 73 9F 1A 02 08 40 9F 1B 04 00 00 1F 40 9F 1E 08 35 54 31 37 30 36 30 35 9F 21 03 09 58 08 9F 24 1D 56 30 30 31 30 30 31 33 30 31 36 31 38 33 31 31 33 34 38 39 37 31 33 35 33 36 32 34 32 9F 26 08 54 73 AE BF E9 1C 72 E5 9F 27 01 80 9F 33 03 E0 08 40 9F 34 03 24 03 02 9F 35 01 15 9F 36 02 07 BB 9F 37 04 BA 03 D8 E1 9F 39 01 07 9F 40 05 80 00 00 00 00 9F 41 04 00 00 00 39 9F 4E 1E 00 00 00 00 00 00 00 00 00 00 00 00 00 00 00 00 00 00 00 00 00 00 00 00 00 00 00 00 00 00 9F 5A 05 40 07 02 07 02 9F 66 04 30 00 C0 00 9F 6C 02 00 80 9F 6E 04 23 88 00 00 DF 81 26 06 00 00 00 00 60 00 DF EE 4C 01 06 FF EE 01 0F DF EE 30 01 00 DF EE 52 01 03 DF EE 5B 01 05 DF EC 1C 1E 08 08 00 01 FF 00 1B 00 00 00 13 FF 00 00 00 00 00 00 00 00 00 00 00 00 00 00 00 00 FF 00 FF EE 06  << Tag FFEE06 13 9A 03 17 12 19 9F 21 03 09 58 08 DF EE 02 04 82 6A 83 0C DF EF 7B 01 01  << Tag DFEF7B B6 33 00 00 00 00 00 00 00 00 00 00 00 00 00 00 00 00 00 00 00 00 00 00 00 00 00 00 00 00 00 00 00  
---------- END OF TEST ----------

 Result = PASSED
 

 MASTER RESULT = PASSED


Docklight Log File (HEX) - Stopped 2026/9/15 13:36:32.579 

