Docklight Log File (HEX) - Started 2026/9/11 10:42:22.335 
 TEST CASE: EVT110

 --- Set POS COM PORT Settings
 Set POS COM PORT...
 POS operating on COM90 @ 115200 baud...
 Set POS COM PORT - COMPLETE

 

 --- Get PCB Ver

2026/9/11 10:42:23.680 [TX] - 56 69 56 4F 74 65 63 68 32 00 01 0B 00 02 36 00 2B 22 
2026/9/11 10:42:23.688 [RX] - 56 69 56 4F 74 65 63 68 32 00 63 02 00 00 56 69 56 4F 74 65 63 68 32 00 01 00 00 01 0C 93 CE 00 00 00 00 00 00 00 00 00 00 00 00 00 00 00 00 00 00 00 00 00 00 00 00 00 00 00 00 00 00 00 00 00 00 00 00 00 00 00 00 00 00 00 00 00 00  

 --- PCB SN Get

2026/9/11 10:42:23.702 [TX] - 56 69 56 4F 74 65 63 68 32 00 01 0B 00 02 34 00 49 44 
2026/9/11 10:42:23.704 [RX] - 56 69 56 4F 74 65 63 68 32 00 01 00 00 40 30 31 32 33 34 35 36 37 38 39 00 00 00 00 00 00 00 00 00 00 00 00 00 00 00 00 00 00 00 00 00 00 00 00 00 00 00 00 00 00 00 00 00 00 00 00 00 00 00 00 00 00 00 00 00 00 00 00 00 00 00 00 00 00 76 4A 00 00 00 00 00 00 00 00 00 00 00 00 00 00 00 00 00 00 00 00 00 00 00 00 00 00 00 00 00 00 00 00 00 00 00 00 00 00 00 00 00 00 00 00 00 00  

 --- Battery Get Vaule

2026/9/11 10:42:23.717 [TX] - 56 69 56 4F 74 65 63 68 32 00 F0 02 00 01 00 2D 2A 
2026/9/11 10:42:23.731 [RX] - 56 69 56 4F 74 65 63 68 32 00 F0 00 00 02 FF 0B 07 6F 00 00 00 00 00 00 00 00 00 00 00 00 00 00 00 00 00 00 00 00 00 00 00 00 00 00 00 00 00 00 00 00 00 00 00 00 00 00 00 00 00 00 00 00 00  

 ---------- END OF TEST ----------

 Result = PASSED


Docklight Log File (HEX) - Stopped 2026/9/11 10:42:23.833 

