Docklight Log File (HEX) - Started 2026/10/5 11:49:19.867 
 TEST CASE: EVT006

 --- Set POS COM PORT Settings
 Set POS COM PORT...
 POS operating on COM90 @ 115200 baud...
 Set POS COM PORT - COMPLETE

 --- 90-07_UMFG Start Secure Task

2026/10/5 11:49:21.885 [TX] - 56 69 56 4F 74 65 63 68 32 00 90 07 00 01 00 B4 8F 
2026/10/5 11:49:21.890 [RX] - 56 69 56 4F 74 65 63 68 32 00 90 00  OK 00 00 A2 78 00 00 00 00 00 00 00 00 00 00 00 00 00 00 00 00 00 00 00 00 00 00 00 00 00 00 00 00 00 00 00 00 00 00 00 00 00 00 00 00 00 00 00 00 00 00 00  

 NFC Test

2026/10/5 11:49:26.726 [TX] - 56 69 56 4F 74 65 63 68 32 00 90 13 00 03 32 00 0A 3B 17 
2026/10/5 11:49:27.793 [RX] - 56 69 56 4F 74 65 63 68 32 00 90 00  OK 00 05 07 51 E4 73 05 FF 55 00 00 00 00 00 00 00 00 00 00 00 00 00 00 00 00 00 00 00 00 00 00 00 00 00 00 00 00 00 00 00 00 00 00 00 00 00 00 00 00 00 00  

 Exchange APDU

2026/10/5 11:49:27.805 [TX] - 56 69 56 4F 74 65 63 68 32 00 90 13 00 15 32 01 00 A4 04 00 0E 32 50 41 59 2E 53 59 53 2E 44 44 46 30 31 DF DE 
2026/10/5 11:49:27.821 [RX] - 56 69 56 4F 74 65 63 68 32 00 90 00  OK 00 27 6F 23 84 0E 32 50 41 59 2E 53 59 53 2E 44 44 46 30 31 A5 11 BF 0C 0E 61 0C 4F 07 A0 00 00 00 04 10 10 87 01 01 90 00 3B F1 00 00 00 00 00 00 00 00  

 Turn Off RF

2026/10/5 11:49:27.840 [TX] - 56 69 56 4F 74 65 63 68 32 00 90 13 00 02 32 02 DE 43 
2026/10/5 11:49:27.857 [RX] - 56 69 56 4F 74 65 63 68 32 00 90 00  OK 00 00 A2 78 00 00 00 00 00 00 00 00 00 00 00 00 00 00 00 00 00 00 00 00 00 00 00 00 00 00 00 00 00 00 00 00 00 00 00 00 00 00 00 00 00 00 00 00 00 00 00  

 NFC Test

2026/10/5 11:49:30.167 [TX] - 56 69 56 4F 74 65 63 68 32 00 90 13 00 03 32 00 0A 3B 17 
2026/10/5 11:49:31.069 [RX] - 56 69 56 4F 74 65 63 68 32 00 90 00  OK 00 05 02 32 75 46 7E 64 99 00 00 00 00 00 00 00 00 00 00 00 00 00 00 00 00 00 00 00 00 00 00 00 00 00 00 00 00 00 00 00 00 00 00 00 00 00 00 00 00 00 00  

 Exchange APDU

2026/10/5 11:49:31.091 [TX] - 56 69 56 4F 74 65 63 68 32 00 90 13 00 15 32 01 00 A4 04 00 0E 32 50 41 59 2E 53 59 53 2E 44 44 46 30 31 DF DE 
2026/10/5 11:49:31.139 [RX] - 56 69 56 4F 74 65 63 68 32 00 90 00  OK 00 27 6F 23 84 0E 32 50 41 59 2E 53 59 53 2E 44 44 46 30 31 A5 11 BF 0C 0E 61 0C 4F 07 A0 00 00 00 04 10 10 87 01 01 90 00 3B F1 00 00 00 00 00 00 00 00  

 Turn Off RF

2026/10/5 11:49:31.157 [TX] - 56 69 56 4F 74 65 63 68 32 00 90 13 00 02 32 02 DE 43 
2026/10/5 11:49:31.171 [RX] - 56 69 56 4F 74 65 63 68 32 00 90 00  OK 00 00 A2 78 00 00 00 00 00 00 00 00 00 00 00 00 00 00 00 00 00 00 00 00 00 00 00 00 00 00 00 00 00 00 00 00 00 00 00 00 00 00 00 00 00 00 00 00 00 00 00  

 --- 90-07_UMFG Start Secure Task

2026/10/5 11:49:31.196 [TX] - 56 69 56 4F 74 65 63 68 32 00 90 07 00 01 01 95 9F 
2026/10/5 11:49:31.203 [RX] - 56 69 56 4F 74 65 63 68 32 00 90 00  OK 00 00 A2 78 00 00 00 00 00 00 00 00 00 00 00 00 00 00 00 00 00 00 00 00 00 00 00 00 00 00 00 00 00 00 00 00 00 00 00 00 00 00 00 00 00 00 00 00 00 00 00  

 ---------- END OF TEST ----------

 Result = PASSED


Docklight Log File (HEX) - Stopped 2026/10/5 11:49:31.332 

