Docklight Log File (HEX) - Started 2026/9/10 10:24:52.439 
 TEST CASE: BTS008

 --- Set POS COM PORT Settings
 Set POS COM PORT...
 POS operating on COM90 @ 115200 baud...
 Set POS COM PORT - COMPLETE

 --- Data Encrypt disable

2026/9/10 10:24:54.639 [TX] - 56 69 56 4F 74 65 63 68 32 00 C7 36 00 01 00 0F A7 
2026/9/10 10:24:54.652 [RX] - 56 69 56 4F 74 65 63 68 32 00 C7 00 00 00 86 6E 00 00 00 00 00 00 00 00 00 00 00 00 00 00 00 00 00 00 00 00 00 00 00 00 00 00 00 00 00 00 00 00 00 00 00 00 00 00 00 00 00 00 00 00 00 00 00  

 --- (C7-6D) Del Key Block

2026/9/10 10:24:54.665 [TX] - 56 69 56 4F 74 65 63 68 32 00 C7 6D 00 02 FF FF 9F 77 
2026/9/10 10:24:54.672 [RX] - 56 69 56 4F 74 65 63 68 32 00 C7 0A 00 00 41 AF 00 00 00 00 00 00 00 00 00 00 00 00 00 00 00 00 00 00 00 00 00 00 00 00 00 00 00 00 00 00 00 00 00 00 00 00 00 00 00 00 00 00 00 00 00 00 00  

 --- (04-00) DFED3F disable VAS Encryption

2026/9/10 10:24:55.175 [TX] - 56 69 56 4F 74 65 63 68 32 00 04 00 00 05 DF ED 3F 01 00 21 AF 
2026/9/10 10:24:55.208 [RX] - 56 69 56 4F 74 65 63 68 32 00 04 00 00 00 AE 16 00 00 00 00 00 00 00 00 00 00 00 00 00 00 00 00 00 00 00 00 00 00 00 00 00 00 00 00 00 00 00 00 00 00 00 00 00 00 00 00 00 00 00 00 00 00 00  

 --- (04-00) DFEF4B Enable Transact Output

2026/9/10 10:24:55.736 [TX] - 56 69 56 4F 74 65 63 68 32 00 04 00 00 07 DF EF 4B 03 12 00 02 4C 49 
2026/9/10 10:24:55.797 [RX] - 56 69 56 4F 74 65 63 68 32 00 04 00 00 00 AE 16 00 00 00 00 00 00 00 00 00 00 00 00 00 00 00 00 00 00 00 00 00 00 00 00 00 00 00 00 00 00 00 00 00 00 00 00 00 00 00 00 00 00 00 00 00 00 00  

 --- Poll on demand

2026/9/10 10:24:56.335 [TX] - 56 69 56 4F 74 65 63 68 32 00 01 01 00 01 01 D7 34 
2026/9/10 10:24:56.342 [RX] - 56 69 56 4F 74 65 63 68 32 00 01 00 00 00 12 53 00 00 00 00 00 00 00 00 00 00 00 00 00 00 00 00 00 00 00 00 00 00 00 00 00 00 00 00 00 00 00 00 00 00 00 00 00 00 00 00 00 00 00 00 00 00 00  

 --- Burst mode off

2026/9/10 10:24:56.867 [TX] - 56 69 56 4F 74 65 63 68 32 00 04 00 00 05 DF EE 7E 01 00 60 1E 
2026/9/10 10:24:56.903 [RX] - 56 69 56 4F 74 65 63 68 32 00 04 00 00 00 AE 16 00 00 00 00 00 00 00 00 00 00 00 00 00 00 00 00 00 00 00 00 00 00 00 00 00 00 00 00 00 00 00 00 00 00 00 00 00 00 00 00 00 00 00 00 00 00 00  

 --- 02-40 w/ AppleVAS -- VAS or PAY (NEO2)

2026/9/10 10:25:00.353 [TX] - 56 69 56 4F 74 65 63 68 32 00 02 40 00 34 30 9F 02 06 00 00 00 00 00 01 9C 01 00 FF EE 06 23 9F 22 02 02 00 9F 26 04 00 00 00 00 9F 2B 05 01 00 00 00 00 DF EE 01 01 01 DF ED 57 06 C3 02 00 02 00 01 C9 CC 
2026/9/10 10:25:01.550 [RX] - 56 69 56 4F 74 65 63 68 32 00 02 57 00 48 21 DF EE 26 02 21 00 DF EF 4C 06 00 00 00 00 10 00 DF EF 4D 10 39 39 39 38 37 38 30 30 31 30 30 30 32 33 32 38 9F 39 01 07 FF EE 01 05 DF EE 30 01 00 FF EE 06 82 00 0B 9A 03 70 01 01 9F 21 03 00 59 26 DF EF 7B 01 03 F1 E1 00 00 00 00 00 00 00 00 00 00 00 00 00 00 00 00 00 00 00 00 00 00 00 00 00 00 00 00 00 00 00 00 00 00 00 00 00 00  

 --- 02-40 w/ AppleVAS -- VAS and PAY (NEO2)

2026/9/10 10:25:03.399 [TX] - 56 69 56 4F 74 65 63 68 32 00 02 40 00 34 30 9F 02 06 00 00 00 00 00 01 9C 01 00 FF EE 06 23 9F 22 02 02 00 9F 26 04 00 00 00 01 9F 2B 05 01 00 00 00 00 DF EE 01 01 01 DF ED 57 06 C3 02 00 02 00 01 CA FB 
2026/9/10 10:25:08.192 [RX] - 56 69 56 4F 74 65 63 68 32 00 02 57 00 48 21 DF EE 26 02 21 00 DF EF 4C 06 00 00 00 00 10 00 DF EF 4D 10 39 39 39 38 37 38 30 30 31 30 30 30 32 33 32 38 9F 39 01 07 FF EE 01 05 DF EE 30 01 00 FF EE 06 82 00 0B 9A 03 70 01 01 9F 21 03 00 59 33 DF EF 7B 01 03 A8 64 00 00 00 00 00 00 00 00 00 00 00 00 00 00 00 00 00 00 00 00 00 00 00 00 00 00 00 00 00 00 00 00 00 00 00 00 00 00  

 --- 02-40 w/ SmartTAP -- VAS or PAY

2026/9/10 10:25:10.645 [TX] - 56 69 56 4F 74 65 63 68 32 00 02 40 00 25 30 9F 02 06 00 00 00 00 00 01 9C 01 00 FF EE 08 14 DF ED 57 06 00 00 00 02 00 01 DF EF 1A 01 00 DF ED 28 01 00 81 0F 
2026/9/10 10:25:11.271 [RX] - 56 69 56 4F 74 65 63 68 32 00 02 57 00 43 21 DF EE 26 02 21 00 DF EF 4C 06 00 00 00 00 10 00 DF EF 4D 10 39 39 39 38 37 38 30 30 31 30 30 33 34 33 30 34 9F 39 01 07 FF EE 01 05 DF EE 30 01 00 FF EE 08 08 DF EE 02 04 00 91 00 00 DF EF 7B 01 03 2B BD 00 00 00 00 00 00 00 00 00 00 00 00 00 00 00 00 00 00 00 00 00 00 00 00 00 00 00 00 00 00 00 00 00 00 00 00 00 00 00 00 00 00 00  

 --- 02-40 w/ SmartTAP -- VAS and PAY

2026/9/10 10:25:12.662 [TX] - 56 69 56 4F 74 65 63 68 32 00 02 40 00 25 30 9F 02 06 00 00 00 00 00 01 9C 01 00 FF EE 08 14 DF ED 57 06 00 00 00 02 00 01 DF EF 1A 01 01 DF ED 28 01 00 21 4A 
2026/9/10 10:25:13.364 [RX] - 56 69 56 4F 74 65 63 68 32 00 02 57 00 43 21 DF EE 26 02 21 00 DF EF 4C 06 00 00 00 00 10 00 DF EF 4D 10 39 39 39 38 37 38 30 30 31 30 30 33 34 33 30 34 9F 39 01 07 FF EE 01 05 DF EE 30 01 00 FF EE 08 08 DF EE 02 04 00 91 00 00 DF EF 7B 01 03 2B BD 00 00 00 00 00 00 00 00 00 00 00 00 00 00 00 00 00 00 00 00 00 00 00 00 00 00 00 00 00 00 00 00 00 00 00 00 00 00 00 00 00 00 00  

 ---------- END OF TEST ----------

 Result = PASSED


Docklight Log File (HEX) - Stopped 2026/9/10 10:25:13.490 

