Docklight Log File (HEX) - Started 2026/9/14 15:39:58.339 
 TEST CASE: ADPT103-1

 --- Set POS COM PORT Settings
 Set POS COM PORT...
 POS operating on COM90 @ 115200 baud...
 Set POS COM PORT - COMPLETE

 

 --- PassThrough Stop

2026/9/14 15:40:01.071 [TX] - 56 69 56 4F 74 65 63 68 32 00 2C 01 00 01 00 0D 38 
2026/9/14 15:40:01.083 [RX] - 56 69 56 4F 74 65 63 68 32 00 2C 0C 00 00 69 FA 00 00 00 00 00 00 00 00 00 00 00 00 00 00 00 00 00 00 00 00 00 00 00 00 00 00 00 00 00 00 00 00 00 00 00 00 00 00 00 00 00 00 00 00 00 00 00 
2026/9/14 15:40:01.884 [TX] - 56 69 56 4F 74 65 63 68 32 00 04 00 00 05 DF EE 7C 01 01 60 21 
2026/9/14 15:40:01.948 [RX] - 56 69 56 4F 74 65 63 68 32 00 04 00 00 00 AE 16 00 00 00 00 00 00 00 00 00 00 00 00 00 00 00 00 00 00 00 00 00 00 00 00 00 00 00 00 00 00 00 00 00 00 00 00 00 00 00 00 00 00 00 00 00 00 00  

 --- 02-40 w/ tag DFEC20

2026/9/14 15:40:02.959 [TX] - 56 69 56 4F 74 65 63 68 32 00 02 40 00 58 05 9C 01 00 9F 02 06 00 00 00 00 00 00 DF EF 37 01 02 FF EE 06 23 9F 22 02 02 00 9F 26 04 00 00 00 00 9F 2B 05 01 00 00 00 00 DF ED 57 0B C8 01 00 00 00 00 79 00 00 00 00 DF EF 7A 01 01 DF EC 20 16 00 A4 04 00 10 A0 00 00 03 96 56 43 41 03 F2 14 20 00 00 00 00 00 47 3A 
2026/9/14 15:40:03.881 [RX] - 56 69 56 4F 74 65 63 68 32 00 61 01 00 10 03 00 00 02 00 45 4E 03 00 82 54 1C 02 00 00 60 35 7A 00 00 00 00 00 00 00 00 00 00 00 00 00 00 00 00 00 00 00 00 00 00 00 00 00 00 00 00 00 00 00 56 69 56 4F 74 65 63 68 32 00 61 01 00 19 04 00 00 02 00 45 4E 0C 00 84 01 1C 04 24 1C 04 30 2E 30 30 1C 02 00 F4 21 27 7F 00 00 00 00 00 00 00 00 00 00 00 00 00 00 00 00 00 00 00 00 00 00 56 69 56 4F 74 65 63 68 32 00 61 01 00 10 03 00 00 02 00 45 4E 03 00 82 1A 1C 02 00 F4 21 58 29 00 00 00 00 00 00 00 00 00 00 00 00 00 00 00 00 00 00 00 00 00 00 00 00 00 00 00 00 00 00 00 56 69 56 4F 74 65 63 68 32 00 61 01 00 10 03 00 00 02 00 45 4E 03 00 82 0F 1C 02 00 F4 21 01 AC 00 00 00 00 00 00 00 00 00 00 00 00 00 00 00 00 00 00 00 00 00 00 00 00 00 00 00 00 00 00 00 56 69 56 4F 74 65 63 68 32 00 02 0A 00 2F E1 DF EE 26 02 E1 00 DF EE 02 04 27 90 00 00 DF EC 0F 17 03 6F 12 85 10 00 00 00 01 00 00 00 70 36 81 00 00 65 13 87 CF 90 00  Tag DFEC0F = 03 DF EF 7B 01 00 D4 49 56 69 56 4F 74 65 63 68 32 00 61 01 00 10 03 00 00 02 00 45 4E 03 00 82 23 1C 02 00 00 20 F0 63 00 00 00 00 00 00 00 00 00 00 00 00 00 00 00 00 00 00 00 00 00 00 00 00 00 00 00 00 00 00 00  

 --- 2c-03  AID (virtual card)

2026/9/14 15:40:05.690 [TX] - 56 69 56 4F 74 65 63 68 32 00 2C 03 00 16 00 A4 04 00 10 A0 00 00 03 96 56 43 41 03 F2 14 20 00 00 00 00 00 14 F4 
2026/9/14 15:40:05.705 [RX] - 56 69 56 4F 74 65 63 68 32 00 2C 00 00 16 6F 12 85 10 00 00 00 01 00 00 00 70 36 81 00 00 65 13 87 CF 90 00 A8 73 00 00 00 00 00 00 00 00 00 00 00 00 00 00 00 00 00 00 00 00 00 00 00 00 00  

 --- 2c-03  AID (virtual card)

2026/9/14 15:40:06.539 [TX] - 56 69 56 4F 74 65 63 68 32 00 2C 03 00 16 00 A4 04 00 10 A0 00 00 03 96 56 43 41 03 F2 14 20 00 00 00 00 00 14 F4 
2026/9/14 15:40:06.554 [RX] - 56 69 56 4F 74 65 63 68 32 00 2C 00 00 16 6F 12 85 10 00 00 00 01 00 00 00 70 36 81 00 00 65 13 87 CF 90 00 A8 73 00 00 00 00 00 00 00 00 00 00 00 00 00 00 00 00 00 00 00 00 00 00 00 00 00  

 --- 2C-0D w/ A8 = DESELECT !!!!!!!!!!!!!!!!!!!!!!!!!!!!!!!!

2026/9/14 15:40:06.879 [TX] - 56 69 56 4F 74 65 63 68 32 00 2C 0D 00 01 A8 76 E8 
2026/9/14 15:40:06.885 [RX] - 56 69 56 4F 74 65 63 68 32 00 2C 00 00 00 1C 9B 00 00 00 00 00 00 00 00 00 00 00 00 00 00 00 00 00 00 00 00 00 00 00 00 00 00 00 00 00 00 00 00 00 00 00 00 00 00 00 00 00 00 00 00 00 00 00  

 --- 2c-03  AID (virtual card)

2026/9/14 15:40:07.739 [TX] - 56 69 56 4F 74 65 63 68 32 00 2C 03 00 16 00 A4 04 00 10 A0 00 00 03 96 56 43 41 03 F2 14 20 00 00 00 00 00 14 F4 
2026/9/14 15:40:07.764 [RX] - 56 69 56 4F 74 65 63 68 32 00 2C 0A 00 00 DB 5A 00 00 00 00 00 00 00 00 00 00 00 00 00 00 00 00 00 00 00 00 00 00 00 00 00 00 00 00 00 00 00 00 00 00 00 00 00 00 00 00 00 00 00 00 00 00 00  

 --- PassThrough Stop

2026/9/14 15:40:10.007 [TX] - 56 69 56 4F 74 65 63 68 32 00 2C 01 00 01 00 0D 38 
2026/9/14 15:40:10.019 [RX] - 56 69 56 4F 74 65 63 68 32 00 2C 00 00 00 1C 9B 00 00 00 00 00 00 00 00 00 00 00 00 00 00 00 00 00 00 00 00 00 00 00 00 00 00 00 00 00 00 00 00 00 00 00 00 00 00 00 00 00 00 00 00 00 00 00  

 --- 02-40 w/ tag DFEC20

2026/9/14 15:40:11.029 [TX] - 56 69 56 4F 74 65 63 68 32 00 02 40 00 58 05 9C 01 00 9F 02 06 00 00 00 00 00 00 DF EF 37 01 02 FF EE 06 23 9F 22 02 02 00 9F 26 04 00 00 00 00 9F 2B 05 01 00 00 00 00 DF ED 57 0B C8 01 00 00 00 00 79 00 00 00 00 DF EF 7A 01 01 DF EC 20 16 00 A4 04 00 10 A0 00 00 03 96 56 43 41 03 F2 14 20 00 00 00 00 00 47 3A 
2026/9/14 15:40:11.270 [RX] - 56 69 56 4F 74 65 63 68 32 00 61 01 00 10 03 00 00 02 00 45 4E 03 00 82 54 1C 02 00 00 60 35 7A 00 00 00 00 00 00 00 00 00 00 00 00 00 00 00 00 00 00 00 00 00 00 00 00 00 00 00 00 00 00 00 56 69 56 4F 74 65 63 68 32 00 61 01 00 19 04 00 00 02 00 45 4E 0C 00 84 01 1C 04 24 1C 04 30 2E 30 30 1C 02 00 F4 21 27 7F 00 00 00 00 00 00 00 00 00 00 00 00 00 00 00 00 00 00 00 00 00 00 56 69 56 4F 74 65 63 68 32 00 61 01 00 10 03 00 00 02 00 45 4E 03 00 82 1A 1C 02 00 F4 21 58 29 00 00 00 00 00 00 00 00 00 00 00 00 00 00 00 00 00 00 00 00 00 00 00 00 00 00 00 00 00 00 00 56 69 56 4F 74 65 63 68 32 00 61 01 00 10 03 00 00 02 00 45 4E 03 00 82 0F 1C 02 00 F4 21 01 AC 00 00 00 00 00 00 00 00 00 00 00 00 00 00 00 00 00 00 00 00 00 00 00 00 00 00 00 00 00 00 00 56 69 56 4F 74 65 63 68 32 00 02 0A 00 2F E1 DF EE 26 02 E1 00 DF EE 02 04 27 90 00 00 DF EC 0F 17 03 6F 12 85 10 00 00 00 01 00 00 00 70 36 81 00 00 65 13 87 CF 90 00  Tag DFEC0F = 03 DF EF 7B 01 00 D4 49 56 69 56 4F 74 65 63 68 32 00 61 01 00 10 03 00 00 02 00 45 4E 03 00 82 23 1C 02 00 00 20 F0 63 00 00 00 00 00 00 00 00 00 00 00 00 00 00 00 00 00 00 00 00 00 00 00 00 00 00 00 00 00 00 00  

 --- 2c-03  AID (virtual card)

2026/9/14 15:40:12.867 [TX] - 56 69 56 4F 74 65 63 68 32 00 2C 03 00 16 00 A4 04 00 10 A0 00 00 03 96 56 43 41 03 F2 14 20 00 00 00 00 00 14 F4 
2026/9/14 15:40:12.882 [RX] - 56 69 56 4F 74 65 63 68 32 00 2C 00 00 16 6F 12 85 10 00 00 00 01 00 00 00 70 36 81 00 00 65 13 87 CF 90 00 A8 73 00 00 00 00 00 00 00 00 00 00 00 00 00 00 00 00 00 00 00 00 00 00 00 00 00  

 --- PassThrough Stop

2026/9/14 15:40:13.726 [TX] - 56 69 56 4F 74 65 63 68 32 00 2C 01 00 01 00 0D 38 
2026/9/14 15:40:13.739 [RX] - 56 69 56 4F 74 65 63 68 32 00 2C 00 00 00 1C 9B 00 00 00 00 00 00 00 00 00 00 00 00 00 00 00 00 00 00 00 00 00 00 00 00 00 00 00 00 00 00 00 00 00 00 00 00 00 00 00 00 00 00 00 00 00 00 00 
2026/9/14 15:40:13.762 [TX] - 56 69 56 4F 74 65 63 68 32 00 04 00 00 05 DF EE 7C 01 00 70 00 
2026/9/14 15:40:13.864 [RX] - 56 69 56 4F 74 65 63 68 32 00 04 00 00 00 AE 16 00 00 00 00 00 00 00 00 00 00 00 00 00 00 00 00 00 00 00 00 00 00 00 00 00 00 00 00 00 00 00 00 00 00 00 00 00 00 00 00 00 00 00 00 00 00 00  

 Result = PASSED
 ---------- END OF TEST ----------

 

 MASTER RESULT = PASSED


Docklight Log File (HEX) - Stopped 2026/9/14 15:40:15.899 

