Docklight Log File (HEX) - Started 2026/8/10 13:21:59.976 
 TEST CASE: EDT03-1

 --- Set POS COM PORT Settings
 Set POS COM PORT...
 POS operating on COM90 @ 115200 baud...
 Set POS COM PORT - COMPLETE

 

 --- Poll on Demand

2026/8/10 13:22:01.305 [TX] - 56 69 56 4F 74 65 63 68 32 00 01 01 00 01 01 D7 34 
2026/8/10 13:22:01.318 [RX] - 56 69 56 4F 74 65 63 68 32 00 01 00 00 00 12 53 00 00 00 00 00 00 00 00 00 00 00 00 00 00 00 00 00 00 00 00 00 00 00 00 00 00 00 00 00 00 00 00 00 00 00 00 00 00 00 00 00 00 00 00 00 00 00  

 --- Burst mode Off

2026/8/10 13:22:01.832 [TX] - 56 69 56 4F 74 65 63 68 32 00 04 00 00 05 DF EE 7E 01 00 60 1E 
2026/8/10 13:22:01.875 [RX] - 56 69 56 4F 74 65 63 68 32 00 04 00 00 00 AE 16 00 00 00 00 00 00 00 00 00 00 00 00 00 00 00 00 00 00 00 00 00 00 00 00 00 00 00 00 00 00 00 00 00 00 00 00 00 00 00 00 00 00 00 00 00 00 00  

 --- 60-16 (NEO2)

2026/8/10 13:22:02.404 [TX] - 56 69 56 4F 74 65 63 68 32 00 60 16 00 01 02 B3 FD 
2026/8/10 13:22:02.414 [RX] - 56 69 56 4F 74 65 63 68 32 00 60 00 00 00 3D 35 00 00 00 00 00 00 00 00 00 00 00 00 00 00 00 00 00 00 00 00 00 00 00 00 00 00 00 00 00 00 00 00 00 00 00 00 00 00 00 00 00 00 00 00 00 00 00  

 --- 60-03 (NEO2)

2026/8/10 13:22:02.950 [TX] - 56 69 56 4F 74 65 63 68 32 00 60 03 00 65 07 00 A0 00 00 00 03 10 10 0F 00 9F 01 06 56 49 53 41 30 30 5F 57 01 00 5F 2A 02 08 40 9F 09 02 00 96 5F 36 01 02 9F 1B 04 00 00 3A 98 DF 25 03 9F 37 04 DF 28 03 9F 08 02 DF EE 15 01 01 DF 13 05 00 00 00 00 00 DF 14 05 00 00 00 00 00 DF 15 05 00 00 00 00 00 DF 18 01 00 DF 17 04 00 00 27 10 DF 19 01 00 F3 97 
2026/8/10 13:22:02.975 [RX] - 56 69 56 4F 74 65 63 68 32 00 60 00 00 00 3D 35 00 00 00 00 00 00 00 00 00 00 00 00 00 00 00 00 00 00 00 00 00 00 00 00 00 00 00 00 00 00 00 00 00 00 00 00 00 00 00 00 00 00 00 00 00 00 00  

 --- 04-00-----DFEF4B = 60 T1+PAN

2026/8/10 13:22:03.501 [TX] - 56 69 56 4F 74 65 63 68 32 00 60 06 00 CF 19 00 5F 36 01 02 9F 1A 02 08 40 9F 35 01 21 9F 33 03 60 28 C8 9F 40 05 F0 00 F0 A0 01 9F 1E 08 54 65 72 6D 69 6E 61 6C 9F 15 02 12 34 9F 16 0F 30 30 30 30 30 30 30 30 30 30 30 30 30 30 30 9F 1C 08 38 37 36 35 34 33 32 31 9F 4E 22 31 30 37 32 31 20 57 61 6C 6B 65 72 20 53 74 2E 20 43 79 70 72 65 73 73 2C 20 43 41 20 2C 55 53 41 2E DF 26 01 01 DF 10 08 65 6E 66 72 65 73 7A 68 DF 11 01 00 DF 27 01 00 DF EE 15 01 01 DF EE 16 01 00 DF EE 17 01 07 DF EE 18 01 80 DF EE 1E 08 D0 DC 20 D0 C4 1E 16 00 DF EE 1F 01 80 DF EE 1B 08 30 30 30 31 35 31 30 30 DF EE 20 01 3C DF EE 21 01 0A DF EE 22 03 32 3C 3C DF EF 4B 03 60 00 00 B6 28 
2026/8/10 13:22:03.527 [RX] - 56 69 56 4F 74 65 63 68 32 00 60 00 00 00 3D 35 00 00 00 00 00 00 00 00 00 00 00 00 00 00 00 00 00 00 00 00 00 00 00 00 00 00 00 00 00 00 00 00 00 00 00 00 00 00 00 00 00 00 00 00 00 00 00  

 --- 60-10 Contact Start Transaction

2026/8/10 13:22:03.550 [TX] - 56 69 56 4F 74 65 63 68 32 00 60 10 00 23 01 00 78 00 78 9C 01 00 5F 57 01 00 9F 02 06 00 00 00 00 02 00 9F 03 06 00 00 00 00 00 00 5F 2A 02 08 40 F0 8F 
2026/8/10 13:22:03.585 [RX] - 56 69 56 4F 74 65 63 68 32 00 60 63 00 00 FF 0E 00 00 00 00 00 00 00 00 00 00 00 00 00 00 00 00 00 00 00 00 00 00 00 00 00 00 00 00 00 00 00 00 00 00 00 00 00 00 00 00 00 00 00 00 00 00 00 56 69 56 4F 74 65 63 68 32 00 60 00 00 D1 20 DF EE 26 02 20 00 DF EE 25 02 00 10 57 11 47 61 73 90 01 01 00 10 D2 01 22 01 01 23 45 67 89 5A 08 47 61 73 90 01 01 00 10 5F 34 01 01 5F 20 0F 46 55 4C 4C 20 46 55 4E 43 54 49 4F 4E 41 4C 5F 24 03 20 12 31 9F 1E 08 33 5A 30 30 30 33 37 34 9F 1F 16 30 31 30 32 30 33 30 34 30 35 30 36 30 37 30 38 30 39 30 41 30 42 9F 20 00 5F 25 03 95 07 01 5F 2D 08 65 73 65 6E 66 72 64 65 50 0A 56 49 53 41 43 52 45 44 49 54 4F 07 A0 00 00 00 03 10 10 84 07 A0 00 00 00 03 10 10 DF EE 23 00 9F 39 01 07 9F 53 00 DF 4F 00 DF EF 4C 06 00 00 00 10 00 00 DF EF 4D 10 34 37 36 31 37 33 39 30 30 31 30 31 30 30 31 30 FF EE 01 05 DF EE 30 01 01 80 A8 00 00 00 00 00 00 00 00 00 00 00 00 00 00 00 00 00 00 00 00 00 00 00 00 00 00 00  

 --- 60-11 Contact Authenticate Transaction

2026/8/10 13:22:04.965 [TX] - 56 69 56 4F 74 65 63 68 32 00 60 11 00 03 00 00 78 F3 46 
2026/8/10 13:22:04.979 [RX] - 56 69 56 4F 74 65 63 68 32 00 60 63 00 00 FF 0E 00 00 00 00 00 00 00 00 00 00 00 00 00 00 00 00 00 00 00 00 00 00 00 00 00 00 00 00 00 00 00 00 00 00 00 00 00 00 00 00 00 00 00 00 00 00 00 56 69 56 4F 74 65 63 68 32 00 60 00 01 A6 20 DF EE 26 02 20 00 DF EE 25 02 00 04 4F 07 A0 00 00 00 03 10 10 5A 08 47 61 73 90 01 01 00 10 50 0A 56 49 53 41 43 52 45 44 49 54 57 11 47 61 73 90 01 01 00 10 D2 01 22 01 01 23 45 67 89 82 02 40 00 84 07 A0 00 00 00 03 10 10 8E 0A 00 00 00 00 00 00 00 00 1F 00 95 05 42 E0 00 00 00 9A 03 26 08 10 9B 02 80 00 9C 01 00 99 00 5F 20 0F 46 55 4C 4C 20 46 55 4E 43 54 49 4F 4E 41 4C 5F 24 03 20 12 31 5F 25 03 95 07 01 5F 28 02 08 40 5F 2A 02 08 40 5F 2D 08 65 73 65 6E 66 72 64 65 5F 34 01 01 9F 02 06 00 00 00 00 02 00 9F 03 06 00 00 00 00 00 00 9F 07 02 FF C0 9F 08 02 00 8C 9F 09 02 00 96 9F 0B 00 9F 0D 05 00 00 00 00 00 9F 0E 05 00 00 00 00 00 9F 0F 05 00 00 00 00 00 9F 10 07 06 01 1A 03 90 00 00 9F 11 01 01 9F 12 0D 43 52 45 44 49 54 4F 44 45 56 49 53 41 9F 13 00 9F 15 02 12 34 9F 16 0F 30 30 30 30 30 30 30 30 30 30 30 30 30 30 30 9F 1A 02 08 40 9F 1C 08 38 37 36 35 34 33 32 31 9F 1E 08 33 5A  

 --- 60-12 Contact Apply Host Response
30 30 30 33 37 34 9F 20 00 9F 21 03 05 21 51 9F 24 00 9F 26 08 7C A7 96 43 ED AF DA 3A 9F 27 01 80 9F 33 03 60 28 C8 9F 34 03 3F 00 00 9F 35 01 21 9F 36 02 00 01 9F 37 04 FF 0C 9E FD 9F 53 00 9F 5B 00 9F 39 01 07 DF 21 00 DF EE 23 00 DF EE 51 00 DF EF 4C 06 00 00 00 10 00 00 DF EF 4D 10 34 37 36 31 37 33 39 30 30 31 30 31 30 30 31 30 FF EE 01 05 DF EE 30 01 01 9D 70 00 00 00 
2026/8/10 13:22:05.209 [TX] - 56 69 56 4F 74 65 63 68 32 00 60 12 00 11 01 8A 02 30 30 91 0A 11 22 33 44 55 66 77 88 30 30 F3 1C 
2026/8/10 13:22:05.220 [RX] - 56 69 56 4F 74 65 63 68 32 00 60 63 00 00 FF 0E 00 00 00 00 00 00 00 00 00 00 00 00 00 00 00 00 00 00 00 00 00 00 00 00 00 00 00 00 00 00 00 00 00 00 00 00 00 00 00 00 00 00 00 00 00 00 00 56 69 56 4F 74 65 63 68 32 00 60 00 00 75 20 DF EE 26 02 20 00 DF EE 25 02 00 02 8A 02 30 30 9F 10 07 06 01 1A 03 60 00 00 9F 26 08 88 2D 84 27 A2 68 E2 14 9F 27 01 40 9F 36 02 00 01 9F 37 04 FF 0C 9E FD 9F 02 06 00 00 00 00 02 00 9F 13 00 95 05 42 E0 00 00 00 9B 02 A0 00 9F 03 06 00 00 00 00 00 00 9F 34 03 3F 00 00 DF EE 51 00 99 00 DF 21 00 9F 39 01 07 9F 53 00 FF EE 01 05 DF EE 30 01 01 F0 5D 00 00 00 00 00 00 00 00 00 00 00 00 00 00 00 00 00 00 00 00 00 00 00 00 00 00 00 00 00 00 00 00 00 00 00 00 00 00 00 00 00 00 00 00 00 00 00 00 00 00 00 00 00 00 00 00  

 --- 04-00-----DFEF4B = 50 T2+PAN

2026/8/10 13:22:05.922 [TX] - 56 69 56 4F 74 65 63 68 32 00 60 06 00 CF 19 00 5F 36 01 02 9F 1A 02 08 40 9F 35 01 21 9F 33 03 60 28 C8 9F 40 05 F0 00 F0 A0 01 9F 1E 08 54 65 72 6D 69 6E 61 6C 9F 15 02 12 34 9F 16 0F 30 30 30 30 30 30 30 30 30 30 30 30 30 30 30 9F 1C 08 38 37 36 35 34 33 32 31 9F 4E 22 31 30 37 32 31 20 57 61 6C 6B 65 72 20 53 74 2E 20 43 79 70 72 65 73 73 2C 20 43 41 20 2C 55 53 41 2E DF 26 01 01 DF 10 08 65 6E 66 72 65 73 7A 68 DF 11 01 00 DF 27 01 00 DF EE 15 01 01 DF EE 16 01 00 DF EE 17 01 07 DF EE 18 01 80 DF EE 1E 08 D0 DC 20 D0 C4 1E 16 00 DF EE 1F 01 80 DF EE 1B 08 30 30 30 31 35 31 30 30 DF EE 20 01 3C DF EE 21 01 0A DF EE 22 03 32 3C 3C DF EF 4B 03 50 00 00 13 ED 
2026/8/10 13:22:05.950 [RX] - 56 69 56 4F 74 65 63 68 32 00 60 00 00 00 3D 35 00 00 00 00 00 00 00 00 00 00 00 00 00 00 00 00 00 00 00 00 00 00 00 00 00 00 00 00 00 00 00 00 00 00 00 00 00 00 00 00 00 00 00 00 00 00 00  

 --- 60-10 Contact Start Transaction

2026/8/10 13:22:05.965 [TX] - 56 69 56 4F 74 65 63 68 32 00 60 10 00 23 01 00 78 00 78 9C 01 00 5F 57 01 00 9F 02 06 00 00 00 00 02 00 9F 03 06 00 00 00 00 00 00 5F 2A 02 08 40 F0 8F 
2026/8/10 13:22:06.009 [RX] - 56 69 56 4F 74 65 63 68 32 00 60 63 00 00 FF 0E 00 00 00 00 00 00 00 00 00 00 00 00 00 00 00 00 00 00 00 00 00 00 00 00 00 00 00 00 00 00 00 00 00 00 00 00 00 00 00 00 00 00 00 00 00 00 00 56 69 56 4F 74 65 63 68 32 00 60 00 00 F3 20 DF EE 26 02 20 00 DF EE 25 02 00 10 57 11 47 61 73 90 01 01 00 10 D2 01 22 01 01 23 45 67 89 5A 08 47 61 73 90 01 01 00 10 5F 34 01 01 5F 20 0F 46 55 4C 4C 20 46 55 4E 43 54 49 4F 4E 41 4C 5F 24 03 20 12 31 9F 1E 08 33 5A 30 30 30 33 37 34 9F 1F 16 30 31 30 32 30 33 30 34 30 35 30 36 30 37 30 38 30 39 30 41 30 42 9F 20 00 5F 25 03 95 07 01 5F 2D 08 65 73 65 6E 66 72 64 65 50 0A 56 49 53 41 43 52 45 44 49 54 4F 07 A0 00 00 00 03 10 10 84 07 A0 00 00 00 03 10 10 DF EE 23 00 9F 39 01 07 9F 53 00 DF 4F 00 DF EF 4C 06 00 22 00 10 00 00 DF EF 4D 32 34 37 36 31 37 33 39 30 30 31 30 31 30 30 31 30 3D 32 30 31 32 32 30 31 30 31 32 33 34 35 36 37 38 39 34 37 36 31 37 33 39 30 30 31 30 31 30 30 31 30 FF EE 01 05 DF EE 30 01 01 DA 3B 00 00 00 00 00 00 00 00 00 00 00 00 00 00 00 00 00 00 00 00 00 00 00 00 00 00 00 00 00 00 00 00 00 00 00 00 00 00 00 00 00 00 00 00 00 00 00 00 00 00 00 00 00 00 00 00  

 --- 60-11 Contact Authenticate Transaction

2026/8/10 13:22:07.408 [TX] - 56 69 56 4F 74 65 63 68 32 00 60 11 00 03 00 00 78 F3 46 
2026/8/10 13:22:07.423 [RX] - 56 69 56 4F 74 65 63 68 32 00 60 63 00 00 FF 0E 00 00 00 00 00 00 00 00 00 00 00 00 00 00 00 00 00 00 00 00 00 00 00 00 00 00 00 00 00 00 00 00 00 00 00 00 00 00 00 00 00 00 00 00 00 00 00 56 69 56 4F 74 65 63 68 32 00 60 00 01 C8 20 DF EE 26 02 20 00 DF EE 25 02 00 04 4F 07 A0 00 00 00 03 10 10 5A 08 47 61 73 90 01 01 00 10 50 0A 56 49 53 41 43 52 45 44 49 54 57 11 47 61 73 90 01 01 00 10 D2 01 22 01 01 23 45 67 89 82 02 40 00 84 07 A0 00 00 00 03 10 10 8E 0A 00 00 00 00 00 00 00 00 1F 00 95 05 42 E0 00 00 00 9A 03 26 08 10 9B 02 80 00 9C 01 00 99 00 5F 20 0F 46 55 4C 4C 20 46 55 4E 43 54 49 4F 4E 41 4C 5F 24 03 20 12 31 5F 25 03 95 07 01 5F 28 02 08 40 5F 2A 02 08 40 5F 2D 08 65 73 65 6E 66 72 64 65 5F 34 01 01 9F 02 06 00 00 00 00 02 00 9F 03 06 00 00 00 00 00 00 9F 07 02 FF C0 9F 08 02 00 8C 9F 09 02 00 96 9F 0B 00 9F 0D 05 00 00 00 00 00 9F 0E 05 00 00 00 00 00 9F 0F 05 00 00 00 00 00 9F 10 07 06 01 1A 03 90 00 00 9F 11 01 01 9F 12 0D 43 52 45 44 49 54 4F 44 45 56 49 53 41 9F 13 00 9F 15 02 12 34 9F 16 0F 30 30 30 30 30 30 30 30 30 30 30 30 30 30 30 9F 1A 02 08 40 9F 1C 08 38 37 36 35 34 33 32 31 9F 1E 08 33 5A  

30 30 30 33 37 34 9F 20 00 9F 21 03 05 21 53 9F 24 00 9F 26 08 7C A7 96 43 ED AF DA 3A 9F 27 01 80 9F 33 03 60 28 C8 9F 34 03 3F 00 00 9F 35 01 21 9F 36 02 00 01 9F 37 04 2B 6B DA BF 9F 53 00 9F 5B 00 9F 39 01 07 DF 21 00 DF EE 23 00 DF EE 51 00 DF EF 4C 06 00 22 00 10 00 00 DF EF 4D 32 34 37 36 31 37 33 39 30 30 31 30 31 30 30 31 30 3D 32 30 31 32 32 30 31 30 31 32 33 34 35 36 37 38 39 34 37 36 31 37 33 39 30 30 31 30 31 30 30 31 30 FF EE 01 05 DF EE 30 01 01 72 80 00 00 00 00 00 00 00 00 00 00 00 00 00 00 00 00 00 00 00 00 00 00 00 00 00 00 00 00 00 00 00 00  --- 60-12 Contact Apply Host Response

2026/8/10 13:22:07.660 [TX] - 56 69 56 4F 74 65 63 68 32 00 60 12 00 11 01 8A 02 30 30 91 0A 11 22 33 44 55 66 77 88 30 30 F3 1C 
2026/8/10 13:22:07.675 [RX] - 56 69 56 4F 74 65 63 68 32 00 60 63 00 00 FF 0E 00 00 00 00 00 00 00 00 00 00 00 00 00 00 00 00 00 00 00 00 00 00 00 00 00 00 00 00 00 00 00 00 00 00 00 00 00 00 00 00 00 00 00 00 00 00 00 56 69 56 4F 74 65 63 68 32 00 60 00 00 75 20 DF EE 26 02 20 00 DF EE 25 02 00 02 8A 02 30 30 9F 10 07 06 01 1A 03 60 00 00 9F 26 08 88 2D 84 27 A2 68 E2 14 9F 27 01 40 9F 36 02 00 01 9F 37 04 2B 6B DA BF 9F 02 06 00 00 00 00 02 00 9F 13 00 95 05 42 E0 00 00 00 9B 02 A0 00 9F 03 06 00 00 00 00 00 00 9F 34 03 3F 00 00 DF EE 51 00 99 00 DF 21 00 9F 39 01 07 9F 53 00 FF EE 01 05 DF EE 30 01 01 29 D6 00 00 00 00 00 00 00 00 00 00 00 00 00 00 00 00 00 00 00 00 00 00 00 00 00 00 00 00 00 00 00 00 00 00 00 00 00 00 00 00 00 00 00 00 00 00 00 00 00 00 00 00 00 00 00 00  

 --- 04-00-----DFEF4B = 48 T3+PAN

2026/8/10 13:22:08.577 [TX] - 56 69 56 4F 74 65 63 68 32 00 60 06 00 CF 19 00 5F 36 01 02 9F 1A 02 08 40 9F 35 01 21 9F 33 03 60 28 C8 9F 40 05 F0 00 F0 A0 01 9F 1E 08 54 65 72 6D 69 6E 61 6C 9F 15 02 12 34 9F 16 0F 30 30 30 30 30 30 30 30 30 30 30 30 30 30 30 9F 1C 08 38 37 36 35 34 33 32 31 9F 4E 22 31 30 37 32 31 20 57 61 6C 6B 65 72 20 53 74 2E 20 43 79 70 72 65 73 73 2C 20 43 41 20 2C 55 53 41 2E DF 26 01 01 DF 10 08 65 6E 66 72 65 73 7A 68 DF 11 01 00 DF 27 01 00 DF EE 15 01 01 DF EE 16 01 00 DF EE 17 01 07 DF EE 18 01 80 DF EE 1E 08 D0 DC 20 D0 C4 1E 16 00 DF EE 1F 01 80 DF EE 1B 08 30 30 30 31 35 31 30 30 DF EE 20 01 3C DF EE 21 01 0A DF EE 22 03 32 3C 3C DF EF 4B 03 48 00 00 D1 07 
2026/8/10 13:22:08.606 [RX] - 56 69 56 4F 74 65 63 68 32 00 60 00 00 00 3D 35 00 00 00 00 00 00 00 00 00 00 00 00 00 00 00 00 00 00 00 00 00 00 00 00 00 00 00 00 00 00 00 00 00 00 00 00 00 00 00 00 00 00 00 00 00 00 00  

 --- 60-10 Contact Start Transaction

2026/8/10 13:22:08.624 [TX] - 56 69 56 4F 74 65 63 68 32 00 60 10 00 23 01 00 78 00 78 9C 01 00 5F 57 01 00 9F 02 06 00 00 00 00 02 00 9F 03 06 00 00 00 00 00 00 5F 2A 02 08 40 F0 8F 
2026/8/10 13:22:08.673 [RX] - 56 69 56 4F 74 65 63 68 32 00 60 63 00 00 FF 0E 00 00 00 00 00 00 00 00 00 00 00 00 00 00 00 00 00 00 00 00 00 00 00 00 00 00 00 00 00 00 00 00 00 00 00 00 00 00 00 00 00 00 00 00 00 00 00 56 69 56 4F 74 65 63 68 32 00 60 00 00 D1 20 DF EE 26 02 20 00 DF EE 25 02 00 10 57 11 47 61 73 90 01 01 00 10 D2 01 22 01 01 23 45 67 89 5A 08 47 61 73 90 01 01 00 10 5F 34 01 01 5F 20 0F 46 55 4C 4C 20 46 55 4E 43 54 49 4F 4E 41 4C 5F 24 03 20 12 31 9F 1E 08 33 5A 30 30 30 33 37 34 9F 1F 16 30 31 30 32 30 33 30 34 30 35 30 36 30 37 30 38 30 39 30 41 30 42 9F 20 00 5F 25 03 95 07 01 5F 2D 08 65 73 65 6E 66 72 64 65 50 0A 56 49 53 41 43 52 45 44 49 54 4F 07 A0 00 00 00 03 10 10 84 07 A0 00 00 00 03 10 10 DF EE 23 00 9F 39 01 07 9F 53 00 DF 4F 00 DF EF 4C 06 00 00 00 10 00 00 DF EF 4D 10 34 37 36 31 37 33 39 30 30 31 30 31 30 30 31 30 FF EE 01 05 DF EE 30 01 01 80 A8 00 00 00 00 00 00 00 00 00 00 00 00 00 00 00 00 00 00 00 00 00 00 00 00 00 00 00  

 --- 60-11 Contact Authenticate Transaction

2026/8/10 13:22:10.143 [TX] - 56 69 56 4F 74 65 63 68 32 00 60 11 00 03 00 00 78 F3 46 
2026/8/10 13:22:10.159 [RX] - 56 69 56 4F 74 65 63 68 32 00 60 63 00 00 FF 0E 00 00 00 00 00 00 00 00 00 00 00 00 00 00 00 00 00 00 00 00 00 00 00 00 00 00 00 00 00 00 00 00 00 00 00 00 00 00 00 00 00 00 00 00 00 00 00 56 69 56 4F 74 65 63 68 32 00 60 00 01 A6 20 DF EE 26 02 20 00 DF EE 25 02 00 04 4F 07 A0 00 00 00 03 10 10 5A 08 47 61 73 90 01 01 00 10 50 0A 56 49 53 41 43 52 45 44 49 54 57 11 47 61 73 90 01 01 00 10 D2 01 22 01 01 23 45 67 89 82 02 40 00 84 07 A0 00 00 00 03 10 10 8E 0A 00 00 00 00 00 00 00 00 1F 00 95 05 42 E0 00 00 00 9A 03 26 08 10 9B 02 80 00 9C 01 00 99 00 5F 20 0F 46 55 4C 4C 20 46 55 4E 43 54 49 4F 4E 41 4C 5F 24 03 20 12 31 5F 25 03 95 07 01 5F 28 02 08 40 5F 2A 02 08 40 5F 2D 08 65 73 65 6E 66 72 64 65 5F 34 01 01 9F 02 06 00 00 00 00 02 00 9F 03 06 00 00 00 00 00 00 9F 07 02 FF C0 9F 08 02 00 8C 9F 09 02 00 96 9F 0B 00 9F 0D 05 00 00 00 00 00 9F 0E 05 00 00 00 00 00 9F 0F 05 00 00 00 00 00 9F 10 07 06 01 1A 03 90 00 00 9F 11 01 01 9F 12 0D 43 52 45 44 49 54 4F 44 45 56 49 53 41 9F 13 00 9F 15 02 12 34 9F 16 0F 30 30 30 30 30 30 30 30 30 30 30 30 30 30 30 9F 1A 02 08 40 9F 1C 08 38 37 36 35 34 33 32 31 9F 1E 08 33 5A 30 30 30 33 37 34 9F 20 00 9F 21 03 05 21 56 9F 24 00 9F 26 08 7C A7 96 43 ED AF DA 3A 9F 27 01 80 9F 33 03 60 28 C8 9F 34 03 3F 00 00 9F 35 01 21 9F 36 02 00 01 9F 37 04 FD 72 8A 5C 9F 53 00 9F 5B 00 9F 39 01 07 DF 21 00 DF EE 23 00 DF EE 51 00 DF EF 4C 06 00 00 00 10 00 00 DF EF 4D 10 34 37 36 31 37 33 39 30 30 31 30 31 30 30 31 30 FF EE 01 05 DF EE 30 01 01 74 BC 00 00 00  

 --- 60-12 Contact Apply Host Response

2026/8/10 13:22:10.396 [TX] - 56 69 56 4F 74 65 63 68 32 00 60 12 00 11 01 8A 02 30 30 91 0A 11 22 33 44 55 66 77 88 30 30 F3 1C 
2026/8/10 13:22:10.411 [RX] - 56 69 56 4F 74 65 63 68 32 00 60 63 00 00 FF 0E 00 00 00 00 00 00 00 00 00 00 00 00 00 00 00 00 00 00 00 00 00 00 00 00 00 00 00 00 00 00 00 00 00 00 00 00 00 00 00 00 00 00 00 00 00 00 00 56 69 56 4F 74 65 63 68 32 00 60 00 00 75 20 DF EE 26 02 20 00 DF EE 25 02 00 02 8A 02 30 30 9F 10 07 06 01 1A 03 60 00 00 9F 26 08 88 2D 84 27 A2 68 E2 14 9F 27 01 40 9F 36 02 00 01 9F 37 04 FD 72 8A 5C 9F 02 06 00 00 00 00 02 00 9F 13 00 95 05 42 E0 00 00 00 9B 02 A0 00 9F 03 06 00 00 00 00 00 00 9F 34 03 3F 00 00 DF EE 51 00 99 00 DF 21 00 9F 39 01 07 9F 53 00 FF EE 01 05 DF EE 30 01 01 A7 00 00 00 00 00 00 00 00 00 00 00 00 00 00 00 00 00 00 00 00 00 00 00 00 00 00 00 00 00 00 00 00 00 00 00 00 00 00 00 00 00 00 00 00 00 00 00 00 00 00 00 00 00 00 00 00 00  

 --- 04-00-----DFEF4B = 70 T1+T2+PAN

2026/8/10 13:22:11.698 [TX] - 56 69 56 4F 74 65 63 68 32 00 60 06 00 CF 19 00 5F 36 01 02 9F 1A 02 08 40 9F 35 01 21 9F 33 03 60 28 C8 9F 40 05 F0 00 F0 A0 01 9F 1E 08 54 65 72 6D 69 6E 61 6C 9F 15 02 12 34 9F 16 0F 30 30 30 30 30 30 30 30 30 30 30 30 30 30 30 9F 1C 08 38 37 36 35 34 33 32 31 9F 4E 22 31 30 37 32 31 20 57 61 6C 6B 65 72 20 53 74 2E 20 43 79 70 72 65 73 73 2C 20 43 41 20 2C 55 53 41 2E DF 26 01 01 DF 10 08 65 6E 66 72 65 73 7A 68 DF 11 01 00 DF 27 01 00 DF EE 15 01 01 DF EE 16 01 00 DF EE 17 01 07 DF EE 18 01 80 DF EE 1E 08 D0 DC 20 D0 C4 1E 16 00 DF EE 1F 01 80 DF EE 1B 08 30 30 30 31 35 31 30 30 DF EE 20 01 3C DF EE 21 01 0A DF EE 22 03 32 3C 3C DF EF 4B 03 70 00 00 D5 6B 
2026/8/10 13:22:11.722 [RX] - 56 69 56 4F 74 65 63 68 32 00 60 00 00 00 3D 35 00 00 00 00 00 00 00 00 00 00 00 00 00 00 00 00 00 00 00 00 00 00 00 00 00 00 00 00 00 00 00 00 00 00 00 00 00 00 00 00 00 00 00 00 00 00 00  

 --- 60-10 Contact Start Transaction

2026/8/10 13:22:11.739 [TX] - 56 69 56 4F 74 65 63 68 32 00 60 10 00 23 01 00 78 00 78 9C 01 00 5F 57 01 00 9F 02 06 00 00 00 00 02 00 9F 03 06 00 00 00 00 00 00 5F 2A 02 08 40 F0 8F 
2026/8/10 13:22:11.783 [RX] - 56 69 56 4F 74 65 63 68 32 00 60 63 00 00 FF 0E 00 00 00 00 00 00 00 00 00 00 00 00 00 00 00 00 00 00 00 00 00 00 00 00 00 00 00 00 00 00 00 00 00 00 00 00 00 00 00 00 00 00 00 00 00 00 00 56 69 56 4F 74 65 63 68 32 00 60 00 00 F3 20 DF EE 26 02 20 00 DF EE 25 02 00 10 57 11 47 61 73 90 01 01 00 10 D2 01 22 01 01 23 45 67 89 5A 08 47 61 73 90 01 01 00 10 5F 34 01 01 5F 20 0F 46 55 4C 4C 20 46 55 4E 43 54 49 4F 4E 41 4C 5F 24 03 20 12 31 9F 1E 08 33 5A 30 30 30 33 37 34 9F 1F 16 30 31 30 32 30 33 30 34 30 35 30 36 30 37 30 38 30 39 30 41 30 42 9F 20 00 5F 25 03 95 07 01 5F 2D 08 65 73 65 6E 66 72 64 65 50 0A 56 49 53 41 43 52 45 44 49 54 4F 07 A0 00 00 00 03 10 10 84 07 A0 00 00 00 03 10 10 DF EE 23 00 9F 39 01 07 9F 53 00 DF 4F 00 DF EF 4C 06 00 22 00 10 00 00 DF EF 4D 32 34 37 36 31 37 33 39 30 30 31 30 31 30 30 31 30 3D 32 30 31 32 32 30 31 30 31 32 33 34 35 36 37 38 39 34 37 36 31 37 33 39 30 30 31 30 31 30 30 31 30 FF EE 01 05 DF EE 30 01 01 DA 3B 00 00 00 00 00 00 00 00 00 00 00 00 00 00 00 00 00 00 00 00 00 00 00 00 00 00 00 00 00 00 00 00 00 00 00 00 00 00 00 00 00 00 00 00 00 00 00 00 00 00 00 00 00 00 00 00  

 --- 60-11 Contact Authenticate Transaction

2026/8/10 13:22:13.145 [TX] - 56 69 56 4F 74 65 63 68 32 00 60 11 00 03 00 00 78 F3 46 
2026/8/10 13:22:13.159 [RX] - 56 69 56 4F 74 65 63 68 32 00 60 63 00 00 FF 0E 00 00 00 00 00 00 00 00 00 00 00 00 00 00 00 00 00 00 00 00 00 00 00 00 00 00 00 00 00 00 00 00 00 00 00 00 00 00 00 00 00 00 00 00 00 00 00 56 69 56 4F 74 65 63 68 32 00 60 00 01 C8 20 DF EE 26 02 20 00 DF EE 25 02 00 04 4F 07 A0 00 00 00 03 10 10 5A 08 47 61 73 90 01 01 00 10 50 0A 56 49 53 41 43 52 45 44 49 54 57 11 47 61 73 90 01 01 00 10 D2 01 22 01 01 23 45 67 89 82 02 40 00 84 07 A0 00 00 00 03 10 10 8E 0A 00 00 00 00 00 00 00 00 1F 00 95 05 42 E0 00 00 00 9A 03 26 08 10 9B 02 80 00 9C 01 00 99 00 5F 20 0F 46 55 4C 4C 20 46 55 4E 43 54 49 4F 4E 41 4C 5F 24 03 20 12 31 5F 25 03 95 07 01 5F 28 02 08 40 5F 2A 02 08 40 5F 2D 08 65 73 65 6E 66 72 64 65 5F 34 01 01 9F 02 06 00 00 00 00 02 00 9F 03 06 00 00 00 00 00 00 9F 07 02 FF C0 9F 08 02 00 8C 9F 09 02 00 96 9F 0B 00 9F 0D 05 00 00 00 00 00 9F 0E 05 00 00 00 00 00 9F 0F 05 00 00 00 00 00 9F 10 07 06 01 1A 03 90 00 00 9F 11 01 01 9F 12 0D 43 52 45 44 49 54 4F 44 45 56 49 53 41 9F 13 00 9F 15 02 12 34 9F 16 0F 30 30 30 30 30 30 30 30 30 30 30 30 30 30 30 9F 1A 02 08 40 9F 1C 08 38 37 36 35 34 33 32 31 9F 1E 08 33 5A 30 30 30 33 37 34 9F 20 00 9F 21 03 05 21 59 9F 24 00 9F 26 08 7C A7 96 43 ED AF DA 3A 9F 27 01 80 9F 33 03 60 28 C8 9F 34 03 3F 00 00 9F 35 01 21 9F 36 02 00 01 9F 37 04 3E 93 53 82 9F 53 00 9F 5B 00 9F 39 01 07 DF 21 00 DF EE 23 00 DF EE 51 00 DF EF 4C 06 00 22 00 10 00 00 DF EF 4D 32 34 37 36 31 37 33 39 30 30 31 30 31 30 30 31 30 3D 32 30 31 32 32 30 31 30 31 32 33 34 35 36 37 38 39 34 37 36 31 37 33 39 30 30 31 30 31 30 30 31 30 FF EE 01 05 DF EE 30 01 01 37 B1 00 00 00 00 00 00 00 00 00 00 00 00 00 00 00 00 00 00 00 00 00 00 00 00 00 00 00 00 00 00 00 00  

 --- 60-12 Contact Apply Host Response

2026/8/10 13:22:13.408 [TX] - 56 69 56 4F 74 65 63 68 32 00 60 12 00 11 01 8A 02 30 30 91 0A 11 22 33 44 55 66 77 88 30 30 F3 1C 
2026/8/10 13:22:13.418 [RX] - 56 69 56 4F 74 65 63 68 32 00 60 63 00 00 FF 0E 00 00 00 00 00 00 00 00 00 00 00 00 00 00 00 00 00 00 00 00 00 00 00 00 00 00 00 00 00 00 00 00 00 00 00 00 00 00 00 00 00 00 00 00 00 00 00 56 69 56 4F 74 65 63 68 32 00 60 00 00 75 20 DF EE 26 02 20 00 DF EE 25 02 00 02 8A 02 30 30 9F 10 07 06 01 1A 03 60 00 00 9F 26 08 88 2D 84 27 A2 68 E2 14 9F 27 01 40 9F 36 02 00 01 9F 37 04 3E 93 53 82 9F 02 06 00 00 00 00 02 00 9F 13 00 95 05 42 E0 00 00 00 9B 02 A0 00 9F 03 06 00 00 00 00 00 00 9F 34 03 3F 00 00 DF EE 51 00 99 00 DF 21 00 9F 39 01 07 9F 53 00 FF EE 01 05 DF EE 30 01 01 A8 01 00 00 00 00 00 00 00 00 00 00 00 00 00 00 00 00 00 00 00 00 00 00 00 00 00 00 00 00 00 00 00 00 00 00 00 00 00 00 00 00 00 00 00 00 00 00 00 00 00 00 00 00 00 00 00 00  

 --- 04-00-----DFEF4B = 68 T1+T3+PAN

2026/8/10 13:22:14.385 [TX] - 56 69 56 4F 74 65 63 68 32 00 60 06 00 CF 19 00 5F 36 01 02 9F 1A 02 08 40 9F 35 01 21 9F 33 03 60 28 C8 9F 40 05 F0 00 F0 A0 01 9F 1E 08 54 65 72 6D 69 6E 61 6C 9F 15 02 12 34 9F 16 0F 30 30 30 30 30 30 30 30 30 30 30 30 30 30 30 9F 1C 08 38 37 36 35 34 33 32 31 9F 4E 22 31 30 37 32 31 20 57 61 6C 6B 65 72 20 53 74 2E 20 43 79 70 72 65 73 73 2C 20 43 41 20 2C 55 53 41 2E DF 26 01 01 DF 10 08 65 6E 66 72 65 73 7A 68 DF 11 01 00 DF 27 01 00 DF EE 15 01 01 DF EE 16 01 00 DF EE 17 01 07 DF EE 18 01 80 DF EE 1E 08 D0 DC 20 D0 C4 1E 16 00 DF EE 1F 01 80 DF EE 1B 08 30 30 30 31 35 31 30 30 DF EE 20 01 3C DF EE 21 01 0A DF EE 22 03 32 3C 3C DF EF 4B 03 68 00 00 17 81 
2026/8/10 13:22:14.411 [RX] - 56 69 56 4F 74 65 63 68 32 00 60 00 00 00 3D 35 00 00 00 00 00 00 00 00 00 00 00 00 00 00 00 00 00 00 00 00 00 00 00 00 00 00 00 00 00 00 00 00 00 00 00 00 00 00 00 00 00 00 00 00 00 00 00  

 --- 60-10 Contact Start Transaction

2026/8/10 13:22:14.427 [TX] - 56 69 56 4F 74 65 63 68 32 00 60 10 00 23 01 00 78 00 78 9C 01 00 5F 57 01 00 9F 02 06 00 00 00 00 02 00 9F 03 06 00 00 00 00 00 00 5F 2A 02 08 40 F0 8F 
2026/8/10 13:22:14.483 [RX] - 56 69 56 4F 74 65 63 68 32 00 60 63 00 00 FF 0E 00 00 00 00 00 00 00 00 00 00 00 00 00 00 00 00 00 00 00 00 00 00 00 00 00 00 00 00 00 00 00 00 00 00 00 00 00 00 00 00 00 00 00 00 00 00 00 56 69 56 4F 74 65 63 68 32 00 60 00 00 D1 20 DF EE 26 02 20 00 DF EE 25 02 00 10 57 11 47 61 73 90 01 01 00 10 D2 01 22 01 01 23 45 67 89 5A 08 47 61 73 90 01 01 00 10 5F 34 01 01 5F 20 0F 46 55 4C 4C 20 46 55 4E 43 54 49 4F 4E 41 4C 5F 24 03 20 12 31 9F 1E 08 33 5A 30 30 30 33 37 34 9F 1F 16 30 31 30 32 30 33 30 34 30 35 30 36 30 37 30 38 30 39 30 41 30 42 9F 20 00 5F 25 03 95 07 01 5F 2D 08 65 73 65 6E 66 72 64 65 50 0A 56 49 53 41 43 52 45 44 49 54 4F 07 A0 00 00 00 03 10 10 84 07 A0 00 00 00 03 10 10 DF EE 23 00 9F 39 01 07 9F 53 00 DF 4F 00 DF EF 4C 06 00 00 00 10 00 00 DF EF 4D 10 34 37 36 31 37 33 39 30 30 31 30 31 30 30 31 30 FF EE 01 05 DF EE 30 01 01 80 A8 00 00 00 00 00 00 00 00 00 00 00 00 00 00 00 00 00 00 00 00 00 00 00 00 00 00 00  

 --- 60-11 Contact Authenticate Transaction

2026/8/10 13:22:15.850 [TX] - 56 69 56 4F 74 65 63 68 32 00 60 11 00 03 00 00 78 F3 46 
2026/8/10 13:22:15.866 [RX] - 56 69 56 4F 74 65 63 68 32 00 60 63 00 00 FF 0E 00 00 00 00 00 00 00 00 00 00 00 00 00 00 00 00 00 00 00 00 00 00 00 00 00 00 00 00 00 00 00 00 00 00 00 00 00 00 00 00 00 00 00 00 00 00 00 56 69 56 4F 74 65 63 68 32 00 60 00 01 A6 20 DF EE 26 02 20 00 DF EE 25 02 00 04 4F 07 A0 00 00 00 03 10 10 5A 08 47 61 73 90 01 01 00 10 50 0A 56 49 53 41 43 52 45 44 49 54 57 11 47 61 73 90 01 01 00 10 D2 01 22 01 01 23 45 67 89 82 02 40 00 84 07 A0 00 00 00 03 10 10 8E 0A 00 00 00 00 00 00 00 00 1F 00 95 05 42 E0 00 00 00 9A 03 26 08 10 9B 02 80 00 9C 01 00 99 00 5F 20 0F 46 55 4C 4C 20 46 55 4E 43 54 49 4F 4E 41 4C 5F 24 03 20 12 31 5F 25 03 95 07 01 5F 28 02 08 40 5F 2A 02 08 40 5F 2D 08 65 73 65 6E 66 72 64 65 5F 34 01 01 9F 02 06 00 00 00 00 02 00 9F 03 06 00 00 00 00 00 00 9F 07 02 FF C0 9F 08 02 00 8C 9F 09 02 00 96 9F 0B 00 9F 0D 05 00 00 00 00 00 9F 0E 05 00 00 00 00 00 9F 0F 05 00 00 00 00 00 9F 10 07 06 01 1A 03 90 00 00 9F 11 01 01 9F 12 0D 43 52 45 44 49 54 4F 44 45 56 49 53 41 9F 13 00 9F 15 02 12 34 9F 16 0F 30 30 30 30 30 30 30 30 30 30 30 30 30 30 30 9F 1A 02 08 40 9F 1C 08 38 37 36 35 34 33 32 31 9F 1E 08 33 5A 30 30 30 33 37 34 9F 20 00 9F 21 03 05 22 01 9F 24 00 9F 26 08 7C A7 96 43 ED AF DA 3A 9F 27 01 80 9F 33 03 60 28 C8 9F 34 03 3F 00 00 9F 35 01 21 9F 36 02 00 01 9F 37 04 2B 12 36 AC 9F 53 00 9F 5B 00 9F 39 01 07 DF 21 00 DF EE 23 00 DF EE 51 00 DF EF 4C 06 00 00 00 10 00 00 DF EF 4D 10 34 37 36 31 37 33 39 30 30 31 30 31 30 30 31 30 FF EE 01 05 DF EE 30 01 01 E9 7A 00 00 00  

 --- 60-12 Contact Apply Host Response

2026/8/10 13:22:16.121 [TX] - 56 69 56 4F 74 65 63 68 32 00 60 12 00 11 01 8A 02 30 30 91 0A 11 22 33 44 55 66 77 88 30 30 F3 1C 
2026/8/10 13:22:16.132 [RX] - 56 69 56 4F 74 65 63 68 32 00 60 63 00 00 FF 0E 00 00 00 00 00 00 00 00 00 00 00 00 00 00 00 00 00 00 00 00 00 00 00 00 00 00 00 00 00 00 00 00 00 00 00 00 00 00 00 00 00 00 00 00 00 00 00 56 69 56 4F 74 65 63 68 32 00 60 00 00 75 20 DF EE 26 02 20 00 DF EE 25 02 00 02 8A 02 30 30 9F 10 07 06 01 1A 03 60 00 00 9F 26 08 88 2D 84 27 A2 68 E2 14 9F 27 01 40 9F 36 02 00 01 9F 37 04 2B 12 36 AC 9F 02 06 00 00 00 00 02 00 9F 13 00 95 05 42 E0 00 00 00 9B 02 A0 00 9F 03 06 00 00 00 00 00 00 9F 34 03 3F 00 00 DF EE 51 00 99 00 DF 21 00 9F 39 01 07 9F 53 00 FF EE 01 05 DF EE 30 01 01 78 7F 00 00 00 00 00 00 00 00 00 00 00 00 00 00 00 00 00 00 00 00 00 00 00 00 00 00 00 00 00 00 00 00 00 00 00 00 00 00 00 00 00 00 00 00 00 00 00 00 00 00 00 00 00 00 00 00  

 --- 04-00-----DFEF4B = 58 T2+T3+PAN

2026/8/10 13:22:17.072 [TX] - 56 69 56 4F 74 65 63 68 32 00 60 06 00 CF 19 00 5F 36 01 02 9F 1A 02 08 40 9F 35 01 21 9F 33 03 60 28 C8 9F 40 05 F0 00 F0 A0 01 9F 1E 08 54 65 72 6D 69 6E 61 6C 9F 15 02 12 34 9F 16 0F 30 30 30 30 30 30 30 30 30 30 30 30 30 30 30 9F 1C 08 38 37 36 35 34 33 32 31 9F 4E 22 31 30 37 32 31 20 57 61 6C 6B 65 72 20 53 74 2E 20 43 79 70 72 65 73 73 2C 20 43 41 20 2C 55 53 41 2E DF 26 01 01 DF 10 08 65 6E 66 72 65 73 7A 68 DF 11 01 00 DF 27 01 00 DF EE 15 01 01 DF EE 16 01 00 DF EE 17 01 07 DF EE 18 01 80 DF EE 1E 08 D0 DC 20 D0 C4 1E 16 00 DF EE 1F 01 80 DF EE 1B 08 30 30 30 31 35 31 30 30 DF EE 20 01 3C DF EE 21 01 0A DF EE 22 03 32 3C 3C DF EF 4B 03 58 00 00 B2 44 
2026/8/10 13:22:17.100 [RX] - 56 69 56 4F 74 65 63 68 32 00 60 00 00 00 3D 35 00 00 00 00 00 00 00 00 00 00 00 00 00 00 00 00 00 00 00 00 00 00 00 00 00 00 00 00 00 00 00 00 00 00 00 00 00 00 00 00 00 00 00 00 00 00 00  

 --- 60-10 Contact Start Transaction

2026/8/10 13:22:17.126 [TX] - 56 69 56 4F 74 65 63 68 32 00 60 10 00 23 01 00 78 00 78 9C 01 00 5F 57 01 00 9F 02 06 00 00 00 00 02 00 9F 03 06 00 00 00 00 00 00 5F 2A 02 08 40 F0 8F 
2026/8/10 13:22:17.170 [RX] - 56 69 56 4F 74 65 63 68 32 00 60 63 00 00 FF 0E 00 00 00 00 00 00 00 00 00 00 00 00 00 00 00 00 00 00 00 00 00 00 00 00 00 00 00 00 00 00 00 00 00 00 00 00 00 00 00 00 00 00 00 00 00 00 00 56 69 56 4F 74 65 63 68 32 00 60 00 00 F3 20 DF EE 26 02 20 00 DF EE 25 02 00 10 57 11 47 61 73 90 01 01 00 10 D2 01 22 01 01 23 45 67 89 5A 08 47 61 73 90 01 01 00 10 5F 34 01 01 5F 20 0F 46 55 4C 4C 20 46 55 4E 43 54 49 4F 4E 41 4C 5F 24 03 20 12 31 9F 1E 08 33 5A 30 30 30 33 37 34 9F 1F 16 30 31 30 32 30 33 30 34 30 35 30 36 30 37 30 38 30 39 30 41 30 42 9F 20 00 5F 25 03 95 07 01 5F 2D 08 65 73 65 6E 66 72 64 65 50 0A 56 49 53 41 43 52 45 44 49 54 4F 07 A0 00 00 00 03 10 10 84 07 A0 00 00 00 03 10 10 DF EE 23 00 9F 39 01 07 9F 53 00 DF 4F 00 DF EF 4C 06 00 22 00 10 00 00 DF EF 4D 32 34 37 36 31 37 33 39 30 30 31 30 31 30 30 31 30 3D 32 30 31 32 32 30 31 30 31 32 33 34 35 36 37 38 39 34 37 36 31 37 33 39 30 30 31 30 31 30 30 31 30 FF EE 01 05 DF EE 30 01 01 DA 3B 00 00 00 00 00 00 00 00 00 00 00 00 00 00 00 00 00 00 00 00 00 00 00 00 00 00 00 00 00 00 00 00 00 00 00 00 00 00 00 00 00 00 00 00 00 00 00 00 00 00 00 00 00 00 00 00  

 --- 60-11 Contact Authenticate Transaction

2026/8/10 13:22:18.548 [TX] - 56 69 56 4F 74 65 63 68 32 00 60 11 00 03 00 00 78 F3 46 
2026/8/10 13:22:18.559 [RX] - 56 69 56 4F 74 65 63 68 32 00 60 63 00 00 FF 0E 00 00 00 00 00 00 00 00 00 00 00 00 00 00 00 00 00 00 00 00 00 00 00 00 00 00 00 00 00 00 00 00 00 00 00 00 00 00 00 00 00 00 00 00 00 00 00 56 69 56 4F 74 65 63 68 32 00 60 00 01 C8 20 DF EE 26 02 20 00 DF EE 25 02 00 04 4F 07 A0 00 00 00 03 10 10 5A 08 47 61 73 90 01 01 00 10 50 0A 56 49 53 41 43 52 45 44 49 54 57 11 47 61 73 90 01 01 00 10 D2 01 22 01 01 23 45 67 89 82 02 40 00 84 07 A0 00 00 00 03 10 10 8E 0A 00 00 00 00 00 00 00 00 1F 00 95 05 42 E0 00 00 00 9A 03 26 08 10 9B 02 80 00 9C 01 00 99 00 5F 20 0F 46 55 4C 4C 20 46 55 4E 43 54 49 4F 4E 41 4C 5F 24 03 20 12 31 5F 25 03 95 07 01 5F 28 02 08 40 5F 2A 02 08 40 5F 2D 08 65 73 65 6E 66 72 64 65 5F 34 01 01 9F 02 06 00 00 00 00 02 00 9F 03 06 00 00 00 00 00 00 9F 07 02 FF C0 9F 08 02 00 8C 9F 09 02 00 96 9F 0B 00 9F 0D 05 00 00 00 00 00 9F 0E 05 00 00 00 00 00 9F 0F 05 00 00 00 00 00 9F 10 07 06 01 1A 03 90 00 00 9F 11 01 01 9F 12 0D 43 52 45 44 49 54 4F 44 45 56 49 53 41 9F 13 00 9F 15 02 12 34 9F 16 0F 30 30 30 30 30 30 30 30 30 30 30 30 30 30 30 9F 1A 02 08 40 9F 1C 08 38 37 36 35 34 33 32 31 9F 1E 08 33 5A 30 30 30 33 37 34 9F 20 00 9F 21 03 05 22 04 9F 24 00 9F 26 08 7C A7 96 43 ED AF DA 3A 9F 27 01 80 9F 33 03 60 28 C8 9F 34 03 3F 00 00 9F 35 01 21 9F 36 02 00 01 9F 37 04 C0 50 53 88 9F 53 00 9F 5B 00 9F 39 01 07 DF 21 00 DF EE 23 00 DF EE 51 00 DF EF 4C 06 00 22 00 10 00 00 DF EF 4D 32 34 37 36 31 37 33 39 30 30 31 30 31 30 30 31 30 3D 32 30 31 32 32 30 31 30 31 32 33 34 35 36 37 38 39 34 37 36 31 37 33 39 30 30 31 30 31 30 30 31 30 FF EE 01 05 DF EE 30 01 01 B6 30 00 00 00 00 00 00 00 00 00 00 00 00 00 00 00 00 00 00 00 00 00 00 00 00 00 00 00 00 00 00 00 00  

 --- 60-12 Contact Apply Host Response

2026/8/10 13:22:18.813 [TX] - 56 69 56 4F 74 65 63 68 32 00 60 12 00 11 01 8A 02 30 30 91 0A 11 22 33 44 55 66 77 88 30 30 F3 1C 
2026/8/10 13:22:18.827 [RX] - 56 69 56 4F 74 65 63 68 32 00 60 63 00 00 FF 0E 00 00 00 00 00 00 00 00 00 00 00 00 00 00 00 00 00 00 00 00 00 00 00 00 00 00 00 00 00 00 00 00 00 00 00 00 00 00 00 00 00 00 00 00 00 00 00 56 69 56 4F 74 65 63 68 32 00 60 00 00 75 20 DF EE 26 02 20 00 DF EE 25 02 00 02 8A 02 30 30 9F 10 07 06 01 1A 03 60 00 00 9F 26 08 88 2D 84 27 A2 68 E2 14 9F 27 01 40 9F 36 02 00 01 9F 37 04 C0 50 53 88 9F 02 06 00 00 00 00 02 00 9F 13 00 95 05 42 E0 00 00 00 9B 02 A0 00 9F 03 06 00 00 00 00 00 00 9F 34 03 3F 00 00 DF EE 51 00 99 00 DF 21 00 9F 39 01 07 9F 53 00 FF EE 01 05 DF EE 30 01 01 40 18 00 00 00 00 00 00 00 00 00 00 00 00 00 00 00 00 00 00 00 00 00 00 00 00 00 00 00 00 00 00 00 00 00 00 00 00 00 00 00 00 00 00 00 00 00 00 00 00 00 00 00 00 00 00 00 00  

 --- 04-00-----DFEF4B = 78 T1+T2+T3+PAN

2026/8/10 13:22:19.728 [TX] - 56 69 56 4F 74 65 63 68 32 00 60 06 00 CF 19 00 5F 36 01 02 9F 1A 02 08 40 9F 35 01 21 9F 33 03 60 28 C8 9F 40 05 F0 00 F0 A0 01 9F 1E 08 54 65 72 6D 69 6E 61 6C 9F 15 02 12 34 9F 16 0F 30 30 30 30 30 30 30 30 30 30 30 30 30 30 30 9F 1C 08 38 37 36 35 34 33 32 31 9F 4E 22 31 30 37 32 31 20 57 61 6C 6B 65 72 20 53 74 2E 20 43 79 70 72 65 73 73 2C 20 43 41 20 2C 55 53 41 2E DF 26 01 01 DF 10 08 65 6E 66 72 65 73 7A 68 DF 11 01 00 DF 27 01 00 DF EE 15 01 01 DF EE 16 01 00 DF EE 17 01 07 DF EE 18 01 80 DF EE 1E 08 D0 DC 20 D0 C4 1E 16 00 DF EE 1F 01 80 DF EE 1B 08 30 30 30 31 35 31 30 30 DF EE 20 01 3C DF EE 21 01 0A DF EE 22 03 32 3C 3C DF EF 4B 03 78 00 00 74 C2 
2026/8/10 13:22:19.758 [RX] - 56 69 56 4F 74 65 63 68 32 00 60 00 00 00 3D 35 00 00 00 00 00 00 00 00 00 00 00 00 00 00 00 00 00 00 00 00 00 00 00 00 00 00 00 00 00 00 00 00 00 00 00 00 00 00 00 00 00 00 00 00 00 00 00  

 --- 60-10 Contact Start Transaction

2026/8/10 13:22:19.771 [TX] - 56 69 56 4F 74 65 63 68 32 00 60 10 00 23 01 00 78 00 78 9C 01 00 5F 57 01 00 9F 02 06 00 00 00 00 02 00 9F 03 06 00 00 00 00 00 00 5F 2A 02 08 40 F0 8F 
2026/8/10 13:22:19.832 [RX] - 56 69 56 4F 74 65 63 68 32 00 60 63 00 00 FF 0E 00 00 00 00 00 00 00 00 00 00 00 00 00 00 00 00 00 00 00 00 00 00 00 00 00 00 00 00 00 00 00 00 00 00 00 00 00 00 00 00 00 00 00 00 00 00 00 56 69 56 4F 74 65 63 68 32 00 60 00 00 F3 20 DF EE 26 02 20 00 DF EE 25 02 00 10 57 11 47 61 73 90 01 01 00 10 D2 01 22 01 01 23 45 67 89 5A 08 47 61 73 90 01 01 00 10 5F 34 01 01 5F 20 0F 46 55 4C 4C 20 46 55 4E 43 54 49 4F 4E 41 4C 5F 24 03 20 12 31 9F 1E 08 33 5A 30 30 30 33 37 34 9F 1F 16 30 31 30 32 30 33 30 34 30 35 30 36 30 37 30 38 30 39 30 41 30 42 9F 20 00 5F 25 03 95 07 01 5F 2D 08 65 73 65 6E 66 72 64 65 50 0A 56 49 53 41 43 52 45 44 49 54 4F 07 A0 00 00 00 03 10 10 84 07 A0 00 00 00 03 10 10 DF EE 23 00 9F 39 01 07 9F 53 00 DF 4F 00 DF EF 4C 06 00 22 00 10 00 00 DF EF 4D 32 34 37 36 31 37 33 39 30 30 31 30 31 30 30 31 30 3D 32 30 31 32 32 30 31 30 31 32 33 34 35 36 37 38 39 34 37 36 31 37 33 39 30 30 31 30 31 30 30 31 30 FF EE 01 05 DF EE 30 01 01 DA 3B 00 00 00 00 00 00 00 00 00 00 00 00 00 00 00 00 00 00 00 00 00 00 00 00 00 00 00 00 00 00 00 00 00 00 00 00 00 00 00 00 00 00 00 00 00 00 00 00 00 00 00 00 00 00 00 00  

 --- 60-11 Contact Authenticate Transaction

2026/8/10 13:22:21.285 [TX] - 56 69 56 4F 74 65 63 68 32 00 60 11 00 03 00 00 78 F3 46 
2026/8/10 13:22:21.301 [RX] - 56 69 56 4F 74 65 63 68 32 00 60 63 00 00 FF 0E 00 00 00 00 00 00 00 00 00 00 00 00 00 00 00 00 00 00 00 00 00 00 00 00 00 00 00 00 00 00 00 00 00 00 00 00 00 00 00 00 00 00 00 00 00 00 00 56 69 56 4F 74 65 63 68 32 00 60 00 01 C8 20 DF EE 26 02 20 00 DF EE 25 02 00 04 4F 07 A0 00 00 00 03 10 10 5A 08 47 61 73 90 01 01 00 10 50 0A 56 49 53 41 43 52 45 44 49 54 57 11 47 61 73 90 01 01 00 10 D2 01 22 01 01 23 45 67 89 82 02 40 00 84 07 A0 00 00 00 03 10 10 8E 0A 00 00 00 00 00 00 00 00 1F 00 95 05 42 E0 00 00 00 9A 03 26 08 10 9B 02 80 00 9C 01 00 99 00 5F 20 0F 46 55 4C 4C 20 46 55 4E 43 54 49 4F 4E 41 4C 5F 24 03 20 12 31 5F 25 03 95 07 01 5F 28 02 08 40 5F 2A 02 08 40 5F 2D 08 65 73 65 6E 66 72 64 65 5F 34 01 01 9F 02 06 00 00 00 00 02 00 9F 03 06 00 00 00 00 00 00 9F 07 02 FF C0 9F 08 02 00 8C 9F 09 02 00 96 9F 0B 00 9F 0D 05 00 00 00 00 00 9F 0E 05 00 00 00 00 00 9F 0F 05 00 00 00 00 00 9F 10 07 06 01 1A 03 90 00 00 9F 11 01 01 9F 12 0D 43 52 45 44 49 54 4F 44 45 56 49 53 41 9F 13 00 9F 15 02 12 34 9F 16 0F 30 30 30 30 30 30 30 30 30 30 30 30 30 30 30 9F 1A 02 08 40 9F 1C 08 38 37 36 35 34 33 32 31 9F 1E 08 33 5A 30 30 30 33 37 34 9F 20 00 9F 21 03 05 22 06 9F 24 00 9F 26 08 7C A7 96 43 ED AF DA 3A 9F 27 01 80 9F 33 03 60 28 C8 9F 34 03 3F 00 00 9F 35 01 21 9F 36 02 00 01 9F 37 04 B6 C0 13 3E 9F 53 00 9F 5B 00 9F 39 01 07 DF 21 00 DF EE 23 00 DF EE 51 00 DF EF 4C 06 00 22 00 10 00 00 DF EF 4D 32 34 37 36 31 37 33 39 30 30 31 30 31 30 30 31 30 3D 32 30 31 32 32 30 31 30 31 32 33 34 35 36 37 38 39 34 37 36 31 37 33 39 30 30 31 30 31 30 30 31 30 FF EE 01 05 DF EE 30 01 01 80 CA 00 00 00 00 00 00 00 00 00 00 00 00 00 00 00 00 00 00 00 00 00 00 00 00 00 00 00 00 00 00 00 00  

 --- 60-12 Contact Apply Host Response

2026/8/10 13:22:21.549 [TX] - 56 69 56 4F 74 65 63 68 32 00 60 12 00 11 01 8A 02 30 30 91 0A 11 22 33 44 55 66 77 88 30 30 F3 1C 
2026/8/10 13:22:21.559 [RX] - 56 69 56 4F 74 65 63 68 32 00 60 63 00 00 FF 0E 00 00 00 00 00 00 00 00 00 00 00 00 00 00 00 00 00 00 00 00 00 00 00 00 00 00 00 00 00 00 00 00 00 00 00 00 00 00 00 00 00 00 00 00 00 00 00 56 69 56 4F 74 65 63 68 32 00 60 00 00 75 20 DF EE 26 02 20 00 DF EE 25 02 00 02 8A 02 30 30 9F 10 07 06 01 1A 03 60 00 00 9F 26 08 88 2D 84 27 A2 68 E2 14 9F 27 01 40 9F 36 02 00 01 9F 37 04 B6 C0 13 3E 9F 02 06 00 00 00 00 02 00 9F 13 00 95 05 42 E0 00 00 00 9B 02 A0 00 9F 03 06 00 00 00 00 00 00 9F 34 03 3F 00 00 DF EE 51 00 99 00 DF 21 00 9F 39 01 07 9F 53 00 FF EE 01 05 DF EE 30 01 01 3B F1 00 00 00 00 00 00 00 00 00 00 00 00 00 00 00 00 00 00 00 00 00 00 00 00 00 00 00 00 00 00 00 00 00 00 00 00 00 00 00 00 00 00 00 00 00 00 00 00 00 00 00 00 00 00 00 00  
---------- END OF TEST ----------

 Result = PASSED
 

 MASTER RESULT = PASSED


Docklight Log File (HEX) - Stopped 2026/8/10 13:22:22.419 

