Docklight Log File (HEX) - Started 2026/8/10 15:12:02.126 
 TEST CASE: VAS402-1

 --- Set POS COM PORT Settings
 Set POS COM PORT...
 POS operating on COM90 @ 115200 baud...
 Set POS COM PORT - COMPLETE

 

 --- Poll on Demand

2026/8/10 15:12:03.433 [TX] - 56 69 56 4F 74 65 63 68 32 00 01 01 00 01 01 D7 34 
2026/8/10 15:12:03.445 [RX] - 56 69 56 4F 74 65 63 68 32 00 01 00 00 00 12 53 00 00 00 00 00 00 00 00 00 00 00 00 00 00 00 00 00 00 00 00 00 00 00 00 00 00 00 00 00 00 00 00 00 00 00 00 00 00 00 00 00 00 00 00 00 00 00  

 --- Burst mode Off

2026/8/10 15:12:03.981 [TX] - 56 69 56 4F 74 65 63 68 32 00 04 00 00 05 DF EE 7E 01 00 60 1E 
2026/8/10 15:12:04.033 [RX] - 56 69 56 4F 74 65 63 68 32 00 04 00 00 00 AE 16 00 00 00 00 00 00 00 00 00 00 00 00 00 00 00 00 00 00 00 00 00 00 00 00 00 00 00 00 00 00 00 00 00 00 00 00 00 00 00 00 00 00 00 00 00 00 00  

 --- 02-40 VAS_AND_PAY

2026/8/10 15:12:05.907 [TX] - 56 69 56 4F 74 65 63 68 32 00 02 40 00 32 FA 9F 02 06 00 00 00 00 02 00 9C 01 00 9A 03 17 12 19 9F 21 03 09 58 08 FF EE 06 11 9F 26 04 00 00 00 01 9F 22 02 01 00 DF EE 01 01 03 DF EF 7A 01 01 55 7F 
2026/8/10 15:12:05.941 [RX] - 56 69 56 4F 74 65 63 68 32 00 02 63 00 00 4B B4 00 00 00 00 00 00 00 00 00 00 00 00 00 00 00 00 00 00 00 00 00 00 00 00 00 00 00 00 00 00 00 00 00 00 00 00 00 00 00 00 00 00 00 00 00 00 00 56 69 56 4F 74 65 63 68 32 00 02 23 01 D1 21 DF EE 26 02 21 00 DF 81 16 16 17 04 00 00 0D 00 00 00 00 00 00 00 00 00 00 00 00 00 00 00 00 00 DF 81 29 08 30 F0 F0 30 A0 F0 FF 00 FF 81 05 82 01 37 4F 07 A0 00 00 00 03 10 10 50 04 56 49 53 41 57 13 48 31 96 12 50 17 59 73 D2 81 22 01 00 00 04 22 99 99 3F 5A 08 48 31 96 12 50 17 59 73 82 02 00 60 84 07 A0 00 00 00 03 10 10 95 05 00 00 00 00 00 9A 03 17 12 19 9C 01 00 5F 28 02 07 02 5F 2A 02 08 40 5F 34 01 00 5F 36 01 02 9F 02 06 00 00 00 00 02 00 9F 06 07 A0 00 00 00 03 10 10 9F 10 20 1F 42 03 32 A0 00 00 00 00 10 03 02 73 00 00 00 00 40 00 00 00 00 00 00 00 00 00 00 00 00 00 00 9F 1A 02 08 40 9F 1B 04 00 00 1F 40 9F 1E 08 33 5A 30 30 30 33 37 34 9F 21 03 09 58 08 9F 24 1D 56 30 30 31 30 30 31 33 30 31 36 31 38 33 31 31 33 34 38 39 37 31 33 35 33 36 32 34 32 9F 26 08 77 1B 38 AB 98 F8 A3 E2 9F 27 01 80 9F 33 03 E0 08 40 9F 34 03 24 03 02 9F 35 01 15 9F 36 02 07 64 9F 37 04 B9 C4 BF CE 9F 39 01 07 9F 40 05 80 00 00 00 00 9F 41 04 00 00 00 14 9F 5A 05 40 07 02 07 02 9F 66 04 30 00 C0 00 9F 6C 02 00 80 9F 6E 04 23 88 00 00 DF 81 26 06 00 00 00 00 60 00 DF EE 5B 01 05 DF 81 16 16 1B FF 00 00 13 00 00 00 00 00 00 00 00 00 00 00 00 00 00 00 00 00 96 08 03 00 00 00 00 00 00 00 DF EE 4C 01 06 DF EC 1C 1E 08 08 00 01 FF 00 1B 00 00 00 13 FF 00 00 00 00 00 00 00 00 00 00 00 00 00 00 00 00 FF 00 FF EE 06  << Tag FFEE06 13 9A 03 17 12 19 9F 21 03 09 58 08 DF EE 02 04 82 6A 83 0C DF EF 7B 01 01  << Tag DFEF7B 36 35 00 00 00 00 00 00 00 00 00 00 00 00 00 00 00 00 00 00 00 00 00 00 00  

 --- 02-40 VAS_OR_PAY

2026/8/10 15:12:11.048 [TX] - 56 69 56 4F 74 65 63 68 32 00 02 40 00 32 FA 9F 02 06 00 00 00 00 02 00 9C 01 00 9A 03 17 12 19 9F 21 03 09 58 08 FF EE 06 11 9F 26 04 00 00 00 00 9F 22 02 01 00 DF EE 01 01 03 DF EF 7A 01 01 71 D7 
2026/8/10 15:12:11.081 [RX] - 56 69 56 4F 74 65 63 68 32 00 02 63 00 00 4B B4 00 00 00 00 00 00 00 00 00 00 00 00 00 00 00 00 00 00 00 00 00 00 00 00 00 00 00 00 00 00 00 00 00 00 00 00 00 00 00 00 00 00 00 00 00 00 00 56 69 56 4F 74 65 63 68 32 00 02 23 01 D1 21 DF EE 26 02 21 00 DF 81 16 16 17 04 00 00 0D 00 00 00 00 00 00 00 00 00 00 00 00 00 00 00 00 00 DF 81 29 08 30 F0 F0 30 A0 F0 FF 00 FF 81 05 82 01 37 4F 07 A0 00 00 00 03 10 10 50 04 56 49 53 41 57 13 48 31 96 12 50 17 59 73 D2 81 22 01 00 00 04 22 99 99 3F 5A 08 48 31 96 12 50 17 59 73 82 02 00 60 84 07 A0 00 00 00 03 10 10 95 05 00 00 00 00 00 9A 03 17 12 19 9C 01 00 5F 28 02 07 02 5F 2A 02 08 40 5F 34 01 00 5F 36 01 02 9F 02 06 00 00 00 00 02 00 9F 06 07 A0 00 00 00 03 10 10 9F 10 20 1F 42 03 32 A0 00 00 00 00 10 03 02 73 00 00 00 00 40 00 00 00 00 00 00 00 00 00 00 00 00 00 00 9F 1A 02 08 40 9F 1B 04 00 00 1F 40 9F 1E 08 33 5A 30 30 30 33 37 34 9F 21 03 09 58 08 9F 24 1D 56 30 30 31 30 30 31 33 30 31 36 31 38 33 31 31 33 34 38 39 37 31 33 35 33 36 32 34 32 9F 26 08 AA C1 26 78 9B 04 5F 00 9F 27 01 80 9F 33 03 E0 08 40 9F 34 03 24 03 02 9F 35 01 15 9F 36 02 07 65 9F 37 04 F6 43 52 9E 9F 39 01 07 9F 40 05 80 00 00 00 00 9F 41 04 00 00 00 15 9F 5A 05 40 07 02 07 02 9F 66 04 30 00 C0 00 9F 6C 02 00 80 9F 6E 04 23 88 00 00 DF 81 26 06 00 00 00 00 60 00 DF EE 5B 01 05 DF 81 16 16 1B FF 00 00 13 00 00 00 00 00 00 00 00 00 00 00 00 00 00 00 00 00 96 08 03 00 00 00 00 00 00 00 DF EE 4C 01 06 DF EC 1C 1E 08 08 00 01 FF 00 1B 00 00 00 13 FF 00 00 00 00 00 00 00 00 00 00 00 00 00 00 00 00 FF 00 FF EE 06  << Tag FFEE06 13 9A 03 17 12 19 9F 21 03 09 58 08 DF EE 02 04 82 6A 83 0C DF EF 7B 01 01  << Tag DFEF7B 45 BE 00 00 00 00 00 00 00 00 00 00 00 00 00 00 00 00 00 00 00 00 00 00 00  
---------- END OF TEST ----------

 Result = PASSED
 

 MASTER RESULT = PASSED


Docklight Log File (HEX) - Stopped 2026/8/10 15:12:13.930 

