Docklight Log File (HEX) - Started 2026/10/6 14:10:50.558 
 TEST CASE: EDC01-1

 --- Set POS COM PORT Settings
 Set POS COM PORT...
 POS operating on COM90 @ 115200 baud...
 Set POS COM PORT - COMPLETE

 

 --- Poll on Demand

2026/10/6 14:10:52.021 [TX] - 56 69 56 4F 74 65 63 68 32 00 01 01 00 01 01 D7 34 
2026/10/6 14:10:52.037 [RX] - 56 69 56 4F 74 65 63 68 32 00 01 00 00 00 12 53 00 00 00 00 00 00 00 00 00 00 00 00 00 00 00 00 00 00 00 00 00 00 00 00 00 00 00 00 00 00 00 00 00 00 00 00 00 00 00 00 00 00 00 00 00 00 00  

 --- Burst mode Off *** NEO2

2026/10/6 14:10:52.562 [TX] - 56 69 56 4F 74 65 63 68 32 00 04 00 00 05 DF EE 7E 01 00 60 1E 
2026/10/6 14:10:52.630 [RX] - 56 69 56 4F 74 65 63 68 32 00 04 00 00 00 AE 16 00 00 00 00 00 00 00 00 00 00 00 00 00 00 00 00 00 00 00 00 00 00 00 00 00 00 00 00 00 00 00 00 00 00 00 00 00 00 00 00 00 00 00 00 00 00 00  

 --- 04-00-----DFEF4B = 20 T1

2026/10/6 14:10:53.158 [TX] - 56 69 56 4F 74 65 63 68 32 00 04 00 00 07 DF EF 4B 03 20 00 00 CB C2 
2026/10/6 14:10:53.231 [RX] - 56 69 56 4F 74 65 63 68 32 00 04 00 00 00 AE 16 00 00 00 00 00 00 00 00 00 00 00 00 00 00 00 00 00 00 00 00 00 00 00 00 00 00 00 00 00 00 00 00 00 00 00 00 00 00 00 00 00 00 00 00 00 00 00  

 --- 02-40 Activate Transaction

2026/10/6 14:10:53.860 [TX] - 56 69 56 4F 74 65 63 68 32 00 02 40 00 15 0A 9F 02 06 00 00 00 00 10 00 9A 03 07 11 21 9F 21 03 10 15 20 5E 34 
2026/10/6 14:10:59.962 [RX] - 56 69 56 4F 74 65 63 68 32 00 02 23 01 B4 21 DF EE 26 02 21 00 DF 81 16 16 17 04 00 00 0D 00 00 00 00 00 00 00 00 00 00 00 00 00 00 00 00 00 DF 81 29 08 30 F0 F0 F0 B0 F0 FF 00 FF 81 06 09 9F 5D 06 00 00 00 01 00 00 FF 81 05 82 01 12 4F 07 A0 00 00 00 03 10 10 50 0C 56 49 53 41 20 54 45 53 54 20 30 31 57 13 47 61 73 90 01 01 00 10 D2 01 21 20 00 12 33 99 00 03 1F 5A 08 47 61 73 90 01 01 00 10 82 02 20 20 84 07 A0 00 00 00 03 10 10 8F 01 51 95 05 00 00 00 00 00 9A 03 07 11 21 5F 24 03 20 12 31 5F 2A 02 08 40 5F 2D 04 65 73 65 6E 5F 34 01 01 5F 36 01 02 9F 02 06 00 00 00 00 10 00 9F 10 07 06 01 11 03 90 00 00 9F 11 01 01 9F 12 0C 50 72 65 66 20 4E 61 6D 65 20 30 31 9F 1A 02 08 40 9F 1B 04 00 00 1F 40 9F 1E 08 33 5A 30 30 31 30 35 35 9F 21 03 10 15 20 9F 26 08 AA BB CC DD EE FF 11 22 9F 27 01 40 9F 33 03 E0 08 40 9F 34 03 3F 00 00 9F 35 01 15 9F 36 02 00 03 9F 37 04 14 0D A7 95 9F 39 01 07 9F 40 05 80 00 00 00 00 9F 41 04 00 00 00 25 9F 66 04 30 00 C0 00 9F 69 07 01 11 22 33 44 20 00 9F 6C 02 20 00 DF 81 26 06 00 00 00 00 60 00 DF EE 5B 01 05 DF 81 16 16 1B FF 00 00 13 65 73 65 6E 00 00 00 00 20 00 00 00 01 00 00 08 40 96 08 03 00 00 00 00 00 00 00 DF EE 4C 01 06 DF EC 1C 1E 08 03 00 04 FF 00 1B 00 00 00 13 01 00 00 00 01 00 00 08 40 65 73 65 6E 00 00 00 00 FF 00 DF EF 4C 06 00 00 00 00 00 00 DF EF 4D 00 FF EE 01 05 DF EE 30 01 00 62 32 00 00 00 00 00 00 00 00 00 00 00 00 00 00 00 00 00 00 00 00 00 00 00 00 00 00 00 00 00 00 00 00 00 00 00 00 00 00 00 00 00 00 00 00 00 00 00 00 00 00 00 00  

 --- 04-00-----DFEF4B = 10 T2

2026/10/6 14:11:00.496 [TX] - 56 69 56 4F 74 65 63 68 32 00 04 00 00 07 DF EF 4B 03 10 00 00 6E 07 
2026/10/6 14:11:00.569 [RX] - 56 69 56 4F 74 65 63 68 32 00 04 00 00 00 AE 16 00 00 00 00 00 00 00 00 00 00 00 00 00 00 00 00 00 00 00 00 00 00 00 00 00 00 00 00 00 00 00 00 00 00 00 00 00 00 00 00 00 00 00 00 00 00 00  

 --- 02-40 Activate Transaction

2026/10/6 14:11:02.259 [TX] - 56 69 56 4F 74 65 63 68 32 00 02 40 00 15 0A 9F 02 06 00 00 00 00 10 00 9A 03 07 11 21 9F 21 03 10 15 20 5E 34 
2026/10/6 14:11:02.790 [RX] - 56 69 56 4F 74 65 63 68 32 00 02 23 01 D9 21 DF EE 26 02 21 00 DF 81 16 16 17 04 00 00 0D 00 00 00 00 00 00 00 00 00 00 00 00 00 00 00 00 00 DF 81 29 08 30 F0 F0 F0 B0 F0 FF 00 FF 81 06 09 9F 5D 06 00 00 00 01 00 00 FF 81 05 82 01 12 4F 07 A0 00 00 00 03 10 10 50 0C 56 49 53 41 20 54 45 53 54 20 30 31 57 13 47 61 73 90 01 01 00 10 D2 01 21 20 00 12 33 99 00 03 1F 5A 08 47 61 73 90 01 01 00 10 82 02 20 20 84 07 A0 00 00 00 03 10 10 8F 01 51 95 05 00 00 00 00 00 9A 03 07 11 21 5F 24 03 20 12 31 5F 2A 02 08 40 5F 2D 04 65 73 65 6E 5F 34 01 01 5F 36 01 02 9F 02 06 00 00 00 00 10 00 9F 10 07 06 01 11 03 90 00 00 9F 11 01 01 9F 12 0C 50 72 65 66 20 4E 61 6D 65 20 30 31 9F 1A 02 08 40 9F 1B 04 00 00 1F 40 9F 1E 08 33 5A 30 30 31 30 35 35 9F 21 03 10 15 20 9F 26 08 AA BB CC DD EE FF 11 22 9F 27 01 40 9F 33 03 E0 08 40 9F 34 03 3F 00 00 9F 35 01 15 9F 36 02 00 03 9F 37 04 EA 7C A9 11 9F 39 01 07 9F 40 05 80 00 00 00 00 9F 41 04 00 00 00 26 9F 66 04 30 00 C0 00 9F 69 07 01 11 22 33 44 20 00 9F 6C 02 20 00 DF 81 26 06 00 00 00 00 60 00 DF EE 5B 01 05 DF 81 16 16 1B FF 00 00 13 65 73 65 6E 00 00 00 00 20 00 00 00 01 00 00 08 40 96 08 03 00 00 00 00 00 00 00 DF EE 4C 01 06 DF EC 1C 1E 08 03 00 04 FF 00 1B 00 00 00 13 01 00 00 00 01 00 00 08 40 65 73 65 6E 00 00 00 00 FF 00 DF EF 4C 06 00 25 00 00 00 00 DF EF 4D 25 34 37 36 31 37 33 39 30 30 31 30 31 30 30 31 30 3D 32 30 31 32 31 32 30 30 30 31 32 33 33 39 39 30 30 30 33 31 FF EE 01 05 DF EE 30 01 00 FF FE 00 00 00 00 00 00 00 00 00 00 00 00 00 00 00  

 --- 04-00-----DFEF4B = 08 T3

2026/10/6 14:11:03.329 [TX] - 56 69 56 4F 74 65 63 68 32 00 04 00 00 07 DF EF 4B 03 08 00 00 AC ED 
2026/10/6 14:11:03.438 [RX] - 56 69 56 4F 74 65 63 68 32 00 04 00 00 00 AE 16 00 00 00 00 00 00 00 00 00 00 00 00 00 00 00 00 00 00 00 00 00 00 00 00 00 00 00 00 00 00 00 00 00 00 00 00 00 00 00 00 00 00 00 00 00 00 00  

 --- 02-40 Activate Transaction

2026/10/6 14:11:04.483 [TX] - 56 69 56 4F 74 65 63 68 32 00 02 40 00 15 0A 9F 02 06 00 00 00 00 10 00 9A 03 07 11 21 9F 21 03 10 15 20 5E 34 
2026/10/6 14:11:05.033 [RX] - 56 69 56 4F 74 65 63 68 32 00 02 23 01 B4 21 DF EE 26 02 21 00 DF 81 16 16 17 04 00 00 0D 00 00 00 00 00 00 00 00 00 00 00 00 00 00 00 00 00 DF 81 29 08 30 F0 F0 F0 B0 F0 FF 00 FF 81 06 09 9F 5D 06 00 00 00 01 00 00 FF 81 05 82 01 12 4F 07 A0 00 00 00 03 10 10 50 0C 56 49 53 41 20 54 45 53 54 20 30 31 57 13 47 61 73 90 01 01 00 10 D2 01 21 20 00 12 33 99 00 03 1F 5A 08 47 61 73 90 01 01 00 10 82 02 20 20 84 07 A0 00 00 00 03 10 10 8F 01 51 95 05 00 00 00 00 00 9A 03 07 11 21 5F 24 03 20 12 31 5F 2A 02 08 40 5F 2D 04 65 73 65 6E 5F 34 01 01 5F 36 01 02 9F 02 06 00 00 00 00 10 00 9F 10 07 06 01 11 03 90 00 00 9F 11 01 01 9F 12 0C 50 72 65 66 20 4E 61 6D 65 20 30 31 9F 1A 02 08 40 9F 1B 04 00 00 1F 40 9F 1E 08 33 5A 30 30 31 30 35 35 9F 21 03 10 15 20 9F 26 08 AA BB CC DD EE FF 11 22 9F 27 01 40 9F 33 03 E0 08 40 9F 34 03 3F 00 00 9F 35 01 15 9F 36 02 00 03 9F 37 04 22 37 3C AE 9F 39 01 07 9F 40 05 80 00 00 00 00 9F 41 04 00 00 00 27 9F 66 04 30 00 C0 00 9F 69 07 01 11 22 33 44 20 00 9F 6C 02 20 00 DF 81 26 06 00 00 00 00 60 00 DF EE 5B 01 05 DF 81 16 16 1B FF 00 00 13 65 73 65 6E 00 00 00 00 20 00 00 00 01 00 00 08 40 96 08 03 00 00 00 00 00 00 00 DF EE 4C 01 06 DF EC 1C 1E 08 03 00 04 FF 00 1B 00 00 00 13 01 00 00 00 01 00 00 08 40 65 73 65 6E 00 00 00 00 FF 00 DF EF 4C 06 00 00 00 00 00 00 DF EF 4D 00 FF EE 01 05 DF EE 30 01 00 02 DD 00 00 00 00 00 00 00 00 00 00 00 00 00 00 00 00 00 00 00 00 00 00 00 00 00 00 00 00 00 00 00 00 00 00 00 00 00 00 00 00 00 00 00 00 00 00 00 00 00 00 00 00  

 --- 04-00-----DFEF4B = 30 T1+T2

2026/10/6 14:11:05.568 [TX] - 56 69 56 4F 74 65 63 68 32 00 04 00 00 07 DF EF 4B 03 30 00 00 A8 81 
2026/10/6 14:11:05.644 [RX] - 56 69 56 4F 74 65 63 68 32 00 04 00 00 00 AE 16 00 00 00 00 00 00 00 00 00 00 00 00 00 00 00 00 00 00 00 00 00 00 00 00 00 00 00 00 00 00 00 00 00 00 00 00 00 00 00 00 00 00 00 00 00 00 00  

 --- 02-40 Activate Transaction

2026/10/6 14:11:06.067 [TX] - 56 69 56 4F 74 65 63 68 32 00 02 40 00 15 0A 9F 02 06 00 00 00 00 10 00 9A 03 07 11 21 9F 21 03 10 15 20 5E 34 
2026/10/6 14:11:06.434 [RX] - 56 69 56 4F 74 65 63 68 32 00 02 23 01 D9 21 DF EE 26 02 21 00 DF 81 16 16 17 04 00 00 0D 00 00 00 00 00 00 00 00 00 00 00 00 00 00 00 00 00 DF 81 29 08 30 F0 F0 F0 B0 F0 FF 00 FF 81 06 09 9F 5D 06 00 00 00 01 00 00 FF 81 05 82 01 12 4F 07 A0 00 00 00 03 10 10 50 0C 56 49 53 41 20 54 45 53 54 20 30 31 57 13 47 61 73 90 01 01 00 10 D2 01 21 20 00 12 33 99 00 03 1F 5A 08 47 61 73 90 01 01 00 10 82 02 20 20 84 07 A0 00 00 00 03 10 10 8F 01 51 95 05 00 00 00 00 00 9A 03 07 11 21 5F 24 03 20 12 31 5F 2A 02 08 40 5F 2D 04 65 73 65 6E 5F 34 01 01 5F 36 01 02 9F 02 06 00 00 00 00 10 00 9F 10 07 06 01 11 03 90 00 00 9F 11 01 01 9F 12 0C 50 72 65 66 20 4E 61 6D 65 20 30 31 9F 1A 02 08 40 9F 1B 04 00 00 1F 40 9F 1E 08 33 5A 30 30 31 30 35 35 9F 21 03 10 15 20 9F 26 08 AA BB CC DD EE FF 11 22 9F 27 01 40 9F 33 03 E0 08 40 9F 34 03 3F 00 00 9F 35 01 15 9F 36 02 00 03 9F 37 04 86 51 EF C1 9F 39 01 07 9F 40 05 80 00 00 00 00 9F 41 04 00 00 00 28 9F 66 04 30 00 C0 00 9F 69 07 01 11 22 33 44 20 00 9F 6C 02 20 00 DF 81 26 06 00 00 00 00 60 00 DF EE 5B 01 05 DF 81 16 16 1B FF 00 00 13 65 73 65 6E 00 00 00 00 20 00 00 00 01 00 00 08 40 96 08 03 00 00 00 00 00 00 00 DF EE 4C 01 06 DF EC 1C 1E 08 03 00 04 FF 00 1B 00 00 00 13 01 00 00 00 01 00 00 08 40 65 73 65 6E 00 00 00 00 FF 00 DF EF 4C 06 00 25 00 00 00 00 DF EF 4D 25 34 37 36 31 37 33 39 30 30 31 30 31 30 30 31 30 3D 32 30 31 32 31 32 30 30 30 31 32 33 33 39 39 30 30 30 33 31 FF EE 01 05 DF EE 30 01 00 9C 00 00 00 00 00 00 00 00 00 00 00 00 00 00 00 00  

 --- 04-00-----DFEF4B = 28 T1+T3

2026/10/6 14:11:06.966 [TX] - 56 69 56 4F 74 65 63 68 32 00 04 00 00 07 DF EF 4B 03 28 00 00 6A 6B 
2026/10/6 14:11:07.044 [RX] - 56 69 56 4F 74 65 63 68 32 00 04 00 00 00 AE 16 00 00 00 00 00 00 00 00 00 00 00 00 00 00 00 00 00 00 00 00 00 00 00 00 00 00 00 00 00 00 00 00 00 00 00 00 00 00 00 00 00 00 00 00 00 00 00  

 --- 02-40 Activate Transaction

2026/10/6 14:11:07.348 [TX] - 56 69 56 4F 74 65 63 68 32 00 02 40 00 15 0A 9F 02 06 00 00 00 00 10 00 9A 03 07 11 21 9F 21 03 10 15 20 5E 34 
2026/10/6 14:11:07.696 [RX] - 56 69 56 4F 74 65 63 68 32 00 02 23 01 B4 21 DF EE 26 02 21 00 DF 81 16 16 17 04 00 00 0D 00 00 00 00 00 00 00 00 00 00 00 00 00 00 00 00 00 DF 81 29 08 30 F0 F0 F0 B0 F0 FF 00 FF 81 06 09 9F 5D 06 00 00 00 01 00 00 FF 81 05 82 01 12 4F 07 A0 00 00 00 03 10 10 50 0C 56 49 53 41 20 54 45 53 54 20 30 31 57 13 47 61 73 90 01 01 00 10 D2 01 21 20 00 12 33 99 00 03 1F 5A 08 47 61 73 90 01 01 00 10 82 02 20 20 84 07 A0 00 00 00 03 10 10 8F 01 51 95 05 00 00 00 00 00 9A 03 07 11 21 5F 24 03 20 12 31 5F 2A 02 08 40 5F 2D 04 65 73 65 6E 5F 34 01 01 5F 36 01 02 9F 02 06 00 00 00 00 10 00 9F 10 07 06 01 11 03 90 00 00 9F 11 01 01 9F 12 0C 50 72 65 66 20 4E 61 6D 65 20 30 31 9F 1A 02 08 40 9F 1B 04 00 00 1F 40 9F 1E 08 33 5A 30 30 31 30 35 35 9F 21 03 10 15 20 9F 26 08 AA BB CC DD EE FF 11 22 9F 27 01 40 9F 33 03 E0 08 40 9F 34 03 3F 00 00 9F 35 01 15 9F 36 02 00 03 9F 37 04 67 0D A5 EF 9F 39 01 07 9F 40 05 80 00 00 00 00 9F 41 04 00 00 00 29 9F 66 04 30 00 C0 00 9F 69 07 01 11 22 33 44 20 00 9F 6C 02 20 00 DF 81 26 06 00 00 00 00 60 00 DF EE 5B 01 05 DF 81 16 16 1B FF 00 00 13 65 73 65 6E 00 00 00 00 20 00 00 00 01 00 00 08 40 96 08 03 00 00 00 00 00 00 00 DF EE 4C 01 06 DF EC 1C 1E 08 03 00 04 FF 00 1B 00 00 00 13 01 00 00 00 01 00 00 08 40 65 73 65 6E 00 00 00 00 FF 00 DF EF 4C 06 00 00 00 00 00 00 DF EF 4D 00 FF EE 01 05 DF EE 30 01 00 86 90 00 00 00 00 00 00 00 00 00 00 00 00 00 00 00 00 00 00 00 00 00 00 00 00 00 00 00 00 00 00 00 00 00 00 00 00 00 00 00 00 00 00 00 00 00 00 00 00 00 00 00 00  

 --- 04-00-----DFEF4B = 18 T2+T3

2026/10/6 14:11:08.237 [TX] - 56 69 56 4F 74 65 63 68 32 00 04 00 00 07 DF EF 4B 03 18 00 00 CF AE 
2026/10/6 14:11:08.343 [RX] - 56 69 56 4F 74 65 63 68 32 00 04 00 00 00 AE 16 00 00 00 00 00 00 00 00 00 00 00 00 00 00 00 00 00 00 00 00 00 00 00 00 00 00 00 00 00 00 00 00 00 00 00 00 00 00 00 00 00 00 00 00 00 00 00  

 --- 02-40 Activate Transaction

2026/10/6 14:11:08.710 [TX] - 56 69 56 4F 74 65 63 68 32 00 02 40 00 15 0A 9F 02 06 00 00 00 00 10 00 9A 03 07 11 21 9F 21 03 10 15 20 5E 34 
2026/10/6 14:11:09.032 [RX] - 56 69 56 4F 74 65 63 68 32 00 02 23 01 D9 21 DF EE 26 02 21 00 DF 81 16 16 17 04 00 00 0D 00 00 00 00 00 00 00 00 00 00 00 00 00 00 00 00 00 DF 81 29 08 30 F0 F0 F0 B0 F0 FF 00 FF 81 06 09 9F 5D 06 00 00 00 01 00 00 FF 81 05 82 01 12 4F 07 A0 00 00 00 03 10 10 50 0C 56 49 53 41 20 54 45 53 54 20 30 31 57 13 47 61 73 90 01 01 00 10 D2 01 21 20 00 12 33 99 00 03 1F 5A 08 47 61 73 90 01 01 00 10 82 02 20 20 84 07 A0 00 00 00 03 10 10 8F 01 51 95 05 00 00 00 00 00 9A 03 07 11 21 5F 24 03 20 12 31 5F 2A 02 08 40 5F 2D 04 65 73 65 6E 5F 34 01 01 5F 36 01 02 9F 02 06 00 00 00 00 10 00 9F 10 07 06 01 11 03 90 00 00 9F 11 01 01 9F 12 0C 50 72 65 66 20 4E 61 6D 65 20 30 31 9F 1A 02 08 40 9F 1B 04 00 00 1F 40 9F 1E 08 33 5A 30 30 31 30 35 35 9F 21 03 10 15 20 9F 26 08 AA BB CC DD EE FF 11 22 9F 27 01 40 9F 33 03 E0 08 40 9F 34 03 3F 00 00 9F 35 01 15 9F 36 02 00 03 9F 37 04 5A 6C 33 4A 9F 39 01 07 9F 40 05 80 00 00 00 00 9F 41 04 00 00 00 30 9F 66 04 30 00 C0 00 9F 69 07 01 11 22 33 44 20 00 9F 6C 02 20 00 DF 81 26 06 00 00 00 00 60 00 DF EE 5B 01 05 DF 81 16 16 1B FF 00 00 13 65 73 65 6E 00 00 00 00 20 00 00 00 01 00 00 08 40 96 08 03 00 00 00 00 00 00 00 DF EE 4C 01 06 DF EC 1C 1E 08 03 00 04 FF 00 1B 00 00 00 13 01 00 00 00 01 00 00 08 40 65 73 65 6E 00 00 00 00 FF 00 DF EF 4C 06 00 25 00 00 00 00 DF EF 4D 25 34 37 36 31 37 33 39 30 30 31 30 31 30 30 31 30 3D 32 30 31 32 31 32 30 30 30 31 32 33 33 39 39 30 30 30 33 31 FF EE 01 05 DF EE 30 01 00 82 A2 00 00 00 00 00 00 00 00 00 00 00 00 00 00 00  

 --- 04-00-----DFEF4B = 38 T1+T2+T3

2026/10/6 14:11:09.574 [TX] - 56 69 56 4F 74 65 63 68 32 00 04 00 00 07 DF EF 4B 03 38 00 00 09 28 
2026/10/6 14:11:09.651 [RX] - 56 69 56 4F 74 65 63 68 32 00 04 00 00 00 AE 16 00 00 00 00 00 00 00 00 00 00 00 00 00 00 00 00 00 00 00 00 00 00 00 00 00 00 00 00 00 00 00 00 00 00 00 00 00 00 00 00 00 00 00 00 00 00 00  

 --- 02-40 Activate Transaction

2026/10/6 14:11:09.972 [TX] - 56 69 56 4F 74 65 63 68 32 00 02 40 00 15 0A 9F 02 06 00 00 00 00 10 00 9A 03 07 11 21 9F 21 03 10 15 20 5E 34 
2026/10/6 14:11:10.299 [RX] - 56 69 56 4F 74 65 63 68 32 00 02 23 01 D9 21 DF EE 26 02 21 00 DF 81 16 16 17 04 00 00 0D 00 00 00 00 00 00 00 00 00 00 00 00 00 00 00 00 00 DF 81 29 08 30 F0 F0 F0 B0 F0 FF 00 FF 81 06 09 9F 5D 06 00 00 00 01 00 00 FF 81 05 82 01 12 4F 07 A0 00 00 00 03 10 10 50 0C 56 49 53 41 20 54 45 53 54 20 30 31 57 13 47 61 73 90 01 01 00 10 D2 01 21 20 00 12 33 99 00 03 1F 5A 08 47 61 73 90 01 01 00 10 82 02 20 20 84 07 A0 00 00 00 03 10 10 8F 01 51 95 05 00 00 00 00 00 9A 03 07 11 21 5F 24 03 20 12 31 5F 2A 02 08 40 5F 2D 04 65 73 65 6E 5F 34 01 01 5F 36 01 02 9F 02 06 00 00 00 00 10 00 9F 10 07 06 01 11 03 90 00 00 9F 11 01 01 9F 12 0C 50 72 65 66 20 4E 61 6D 65 20 30 31 9F 1A 02 08 40 9F 1B 04 00 00 1F 40 9F 1E 08 33 5A 30 30 31 30 35 35 9F 21 03 10 15 20 9F 26 08 AA BB CC DD EE FF 11 22 9F 27 01 40 9F 33 03 E0 08 40 9F 34 03 3F 00 00 9F 35 01 15 9F 36 02 00 03 9F 37 04 54 FE D9 1A 9F 39 01 07 9F 40 05 80 00 00 00 00 9F 41 04 00 00 00 31 9F 66 04 30 00 C0 00 9F 69 07 01 11 22 33 44 20 00 9F 6C 02 20 00 DF 81 26 06 00 00 00 00 60 00 DF EE 5B 01 05 DF 81 16 16 1B FF 00 00 13 65 73 65 6E 00 00 00 00 20 00 00 00 01 00 00 08 40 96 08 03 00 00 00 00 00 00 00 DF EE 4C 01 06 DF EC 1C 1E 08 03 00 04 FF 00 1B 00 00 00 13 01 00 00 00 01 00 00 08 40 65 73 65 6E 00 00 00 00 FF 00 DF EF 4C 06 00 25 00 00 00 00 DF EF 4D 25 34 37 36 31 37 33 39 30 30 31 30 31 30 30 31 30 3D 32 30 31 32 31 32 30 30 30 31 32 33 33 39 39 30 30 30 33 31 FF EE 01 05 DF EE 30 01 00 17 C4 00 00 00 00 00 00 00 00 00 00 00 00 00 00 00  
---------- END OF TEST ----------

 Result = PASSED
 

 MASTER RESULT = PASSED


Docklight Log File (HEX) - Stopped 2026/10/6 14:11:10.927 

