Docklight Log File (HEX) - Started 2026/10/1 14:45:04.779 
 TEST CASE: ADPT103

 --- Set POS COM PORT Settings
 Set POS COM PORT...
 POS operating on COM90 @ 115200 baud...
 Set POS COM PORT - COMPLETE

 

 --- PassThrough Stop

2026/10/1 14:45:07.818 [TX] - 56 69 56 4F 74 65 63 68 32 00 2C 01 00 01 00 0D 38 
2026/10/1 14:45:07.828 [RX] - 56 69 56 4F 74 65 63 68 32 00 2C 0C 00 00 69 FA 00 00 00 00 00 00 00 00 00 00 00 00 00 00 00 00 00 00 00 00 00 00 00 00 00 00 00 00 00 00 00 00 00 00 00 00 00 00 00 00 00 00 00 00 00 00 00 
2026/10/1 14:45:08.631 [TX] - 56 69 56 4F 74 65 63 68 32 00 04 00 00 05 DF EE 7C 01 01 60 21 
2026/10/1 14:45:08.681 [RX] - 56 69 56 4F 74 65 63 68 32 00 04 00 00 00 AE 16 00 00 00 00 00 00 00 00 00 00 00 00 00 00 00 00 00 00 00 00 00 00 00 00 00 00 00 00 00 00 00 00 00 00 00 00 00 00 00 00 00 00 00 00 00 00 00  

 --- 02-40 w/ tag DFEC20

2026/10/1 14:45:13.193 [TX] - 56 69 56 4F 74 65 63 68 32 00 02 40 00 58 05 9C 01 00 9F 02 06 00 00 00 00 00 00 DF EF 37 01 02 FF EE 06 23 9F 22 02 02 00 9F 26 04 00 00 00 00 9F 2B 05 01 00 00 00 00 DF ED 57 0B C8 01 00 00 00 00 79 00 00 00 00 DF EF 7A 01 01 DF EC 20 16 00 A4 04 00 10 A0 00 00 03 96 56 43 41 03 F2 14 20 00 00 00 00 00 47 3A  

 --- PassThrough Stop

2026/10/1 14:45:19.576 [TX] - 56 69 56 4F 74 65 63 68 32 00 2C 01 00 01 00 0D 38 
2026/10/1 14:45:19.594 [RX] - 56 69 56 4F 74 65 63 68 32 00 2C 0C 00 00 69 FA 00 00 00 00 00 00 00 00 00 00 00 00 00 00 00 00 00 00 00 00 00 00 00 00 00 00 00 00 00 00 00 00 00 00 00 00 00 00 00 00 00 00 00 00 00 00 00 56 69 56 4F 74 65 63 68 32 00 02 08 00 00 20 2E 00 00 00 00 00 00 00 00 00 00 00 00 00 00 00 00 00 00 00 00 00 00 00 00 00 00 00 00 00 00 00 00 00 00 00 00 00 00 00 00 00 00 00 00 00 00 00 
2026/10/1 14:45:20.585 [TX] - 56 69 56 4F 74 65 63 68 32 00 04 00 00 05 DF EE 7C 01 00 70 00 
2026/10/1 14:45:20.637 [RX] - 56 69 56 4F 74 65 63 68 32 00 04 00 00 00 AE 16 00 00 00 00 00 00 00 00 00 00 00 00 00 00 00 00 00 00 00 00 00 00 00 00 00 00 00 00 00 00 00 00 00 00 00 00 00 00 00 00 00 00 00 00 00 00 00  

 Result = FAILED
 ---------- END OF TEST ----------

 

 MASTER RESULT = FAILED


Docklight Log File (HEX) - Stopped 2026/10/1 14:45:22.705 

