Docklight Log File (HEX) - Started 2026/10/6 14:24:26.035 
 TEST CASE: EDC02-3

 --- Set POS COM PORT Settings
 Set POS COM PORT...
 POS operating on COM90 @ 115200 baud...
 Set POS COM PORT - COMPLETE

 

 --- Burst mode Off *** NEO2

2026/10/6 14:24:28.869 [TX] - 56 69 56 4F 74 65 63 68 32 00 04 00 00 05 DF EE 7E 01 00 60 1E 
2026/10/6 14:24:29.000 [RX] - 56 69 56 4F 74 65 63 68 32 00 04 00 00 00 AE 16 00 00 00 00 00 00 00 00 00 00 00 00 00 00 00 00 00 00 00 00 00 00 00 00 00 00 00 00 00 00 00 00 00 00 00 00 00 00 00 00 00 00 00 00 00 00 00 
2026/10/6 14:24:29.019 [TX] - 56 69 56 4F 74 65 63 68 32 00 04 03 00 B5 DF EE 2D 01 80 5F 57 00 9F 01 00 DF EE 28 03 00 08 08 DF EE 29 03 00 60 08 DF EE 6B 08 30 30 30 30 30 30 30 30 DF 81 1B 01 40 DF 81 1E 01 10 DF 81 2C 01 00 DF 81 1C 02 00 00 9F 15 02 11 11 9F 16 00 9F 4E 00 9F 7E 00 9F 1B 04 00 00 27 10 DF 81 24 06 00 00 00 03 00 00 DF 81 25 06 00 00 00 05 00 00 DF 81 26 06 00 00 00 00 10 00 FF FD 05 00 00 00 00 00 FF FE 05 00 00 00 00 00 FF FF 05 00 00 00 00 00 9F 33 03 00 08 08 9F 1A 02 00 56 9F 1C 00 9F 35 01 22 9A 03 FF FF FF 5F 2A 02 09 78 5F 36 01 02 9F 21 03 FF FF FF DF EE 37 01 03 DF EE 38 01 00 74 C9 
2026/10/6 14:24:29.032 [RX] - 56 69 56 4F 74 65 63 68 32 00 04 05 00 00 45 E6 00 00 00 00 00 00 00 00 00 00 00 00 00 00 00 00 00 00 00 00 00 00 00 00 00 00 00 00 00 00 00 00 00 00 00 00 00 00 00 00 00 00 00 00 00 00 00 
2026/10/6 14:24:30.026 [TX] - 56 69 56 4F 74 65 63 68 32 00 04 03 00 FD DF EE 2D 01 80 9F 01 00 9F 1A 02 08 40 9F 1C 00 9F 1D 08 6C FF 00 00 00 00 00 00 5F 57 00 DF 60 00 DF 62 00 DF 63 00 DF 81 08 00 DF 81 09 00 DF 81 0A 00 DF 81 0D 00 DF 81 17 01 00 DF 81 18 01 60 DF 81 19 01 08 DF 81 1A 03 9F 6A 04 DF 81 1B 01 40 DF 81 1C 02 00 00 DF 81 1D 01 00 DF 81 1E 01 10 DF 81 1F 01 08 DF 81 20 05 00 00 00 00 00 DF 81 22 05 00 00 00 00 00 DF 81 21 05 00 00 00 00 00 DF 81 23 06 00 00 00 01 00 00 DF 81 24 06 00 00 00 03 00 00 DF 81 25 06 00 00 00 05 00 00 DF 81 26 06 00 00 00 00 10 00 DF 81 2C 01 00 9F 09 02 00 02 9F 15 02 11 11 9F 16 00 9F 1E 08 30 30 30 30 30 30 30 30 9F 33 00 9F 35 01 22 9F 40 05 00 00 00 00 00 9F 4E 00 9F 6D 02 00 01 9F 7E 00 DF EE 0F 01 01 DF EE 37 01 03 DF EE 38 01 00 9F 53 01 00 9F 03 06 00 00 00 00 00 00 9B B1 
2026/10/6 14:24:30.072 [RX] - 56 69 56 4F 74 65 63 68 32 00 04 00 00 00 AE 16 00 00 00 00 00 00 00 00 00 00 00 00 00 00 00 00 00 00 00 00 00 00 00 00 00 00 00 00 00 00 00 00 00 00 00 00 00 00 00 00 00 00 00 00 00 00 00  

 --- 04-00-----DFEF4B = 24 T1+T1 Sentinel

2026/10/6 14:24:30.552 [TX] - 56 69 56 4F 74 65 63 68 32 00 04 00 00 07 DF EF 4B 03 24 00 00 0B 1E 
2026/10/6 14:24:30.615 [RX] - 56 69 56 4F 74 65 63 68 32 00 04 00 00 00 AE 16 00 00 00 00 00 00 00 00 00 00 00 00 00 00 00 00 00 00 00 00 00 00 00 00 00 00 00 00 00 00 00 00 00 00 00 00 00 00 00 00 00 00 00 00 00 00 00  

 --- Poll on Demand

2026/10/6 14:24:31.132 [TX] - 56 69 56 4F 74 65 63 68 32 00 01 01 00 01 01 D7 34 
2026/10/6 14:24:31.142 [RX] - 56 69 56 4F 74 65 63 68 32 00 01 00 00 00 12 53 00 00 00 00 00 00 00 00 00 00 00 00 00 00 00 00 00 00 00 00 00 00 00 00 00 00 00 00 00 00 00 00 00 00 00 00 00 00 00 00 00 00 00 00 00 00 00  

 --- 02-40 Activate Transaction

2026/10/6 14:24:32.753 [TX] - 56 69 56 4F 74 65 63 68 32 00 02 40 00 15 0A 9F 02 06 00 00 00 00 10 00 9A 03 07 11 21 9F 21 03 10 15 20 5E 34 
2026/10/6 14:24:33.414 [RX] - 56 69 56 4F 74 65 63 68 32 00 02 23 02 5F 31 DF EE 26 02 31 00 DF 81 16 0D 1E 04 00 00 00 65 6E 00 00 00 00 00 00 DF 81 29 08 30 F0 F0 00 30 F0 FF 00 FF 81 06 30 DF 81 2A 0D 30 30 30 30 30 30 30 30 30 30 30 30 30 DF 81 2B 07 00 00 00 00 00 00 0F DF 81 15 06 00 00 00 00 00 FF 9F 6E 07 08 40 00 00 30 30 00 FF 81 05 82 01 33 4F 07 A0 00 00 00 04 10 10 50 10 44 65 62 69 74 20 4D 61 73 74 65 72 43 61 72 64 56 29 42 35 31 32 38 35 37 30 31 30 30 30 33 38 30 37 32 5E 20 2F 5E 31 38 30 33 36 32 32 30 30 30 37 37 39 30 32 30 39 30 34 32 82 02 19 80 84 07 A0 00 00 00 04 10 10 95 05 00 00 00 00 00 9A 03 07 11 21 9B 02 00 00 9C 01 00 5F 2D 02 65 6E 9F 01 00 9F 02 06 00 00 00 00 10 00 9F 03 06 00 00 00 00 00 00 9F 06 07 A0 00 00 00 04 10 10 9F 09 02 00 02 9F 11 01 01 9F 12 10 44 65 62 69 74 20 4D 61 73 74 65 72 43 61 72 64 9F 15 02 11 11 9F 16 00 9F 1A 02 08 40 9F 1C 00 9F 1D 08 6C FF 00 00 00 00 00 00 9F 1E 08 33 5A 30 30 31 30 35 35 9F 21 03 10 15 20 9F 2A 01 02 9F 33 03 00 00 08 9F 34 03 00 00 00 9F 35 01 22 9F 36 02 1E 6E 9F 37 04 0C 0D 81 4B 9F 39 01 91 9F 40 05 00 00 00 00 00 9F 41 04 00 00 00 08 9F 4E 00 9F 53 01 00 9F 66 02 07 F0 9F 6A 04 00 00 00 20 9F 6B 13 51 28 57 01 00 03 80 72 D1 80 36 22 00 07 79 02 03 45 2F 9F 6D 02 00 01 DF 81 0C 01 02 96 08 02 00 00 00 00 00 00 00 DF EE 4C 01 03 DF EC 1C 1E 08 03 00 03 FF 00 1E 04 00 00 00 00 81 29 08 30 F0 F0 00 30 65 6E 00 00 00 00 00 00 FF 00 DF EF 17 29 42 35 31 32 38 35 37 30 31 30 30 30 33 38 30 37 32 5E 20 2F 5E 31 38 30 33 36 32 32 30 30 30 37 37 39 30 32 30 39 30 34 32 DF EF 18 25 35 31 32 38 35 37 30 31 30 30 30 33 38 30 37 32 3D 31 38 30 33 36 32 32 30 30 30 37 37 39 30 32 30 33 34 35 32 DF EF 4C 06 2B 00 00 00 00 00 DF EF 4D 2B 25 42 35 31 32 38 35 37 30 31 30 30 30 33 38 30 37 32 5E 20 2F 5E 31 38 30 33 36 32 32 30 30 30 37 37 39 30 32 30 39 30 34 32 3F FF EE 01 05 DF EE 30 01 00 58 A9 00 00 00 00 00 00 00  

 --- 04-00-----DFEF4B = 12 T2+T2 Sentinel(Default)

2026/10/6 14:24:33.951 [TX] - 56 69 56 4F 74 65 63 68 32 00 04 00 00 07 DF EF 4B 03 12 00 00 0E 69 
2026/10/6 14:24:34.018 [RX] - 56 69 56 4F 74 65 63 68 32 00 04 00 00 00 AE 16 00 00 00 00 00 00 00 00 00 00 00 00 00 00 00 00 00 00 00 00 00 00 00 00 00 00 00 00 00 00 00 00 00 00 00 00 00 00 00 00 00 00 00 00 00 00 00  

 --- Poll on Demand

2026/10/6 14:24:34.547 [TX] - 56 69 56 4F 74 65 63 68 32 00 01 01 00 01 01 D7 34 
2026/10/6 14:24:34.557 [RX] - 56 69 56 4F 74 65 63 68 32 00 01 00 00 00 12 53 00 00 00 00 00 00 00 00 00 00 00 00 00 00 00 00 00 00 00 00 00 00 00 00 00 00 00 00 00 00 00 00 00 00 00 00 00 00 00 00 00 00 00 00 00 00 00  

 --- 02-40 Activate Transaction

2026/10/6 14:24:36.048 [TX] - 56 69 56 4F 74 65 63 68 32 00 02 40 00 15 0A 9F 02 06 00 00 00 00 10 00 9A 03 07 11 21 9F 21 03 10 15 20 5E 34 
2026/10/6 14:24:36.790 [RX] - 56 69 56 4F 74 65 63 68 32 00 02 23 02 5B 31 DF EE 26 02 31 00 DF 81 16 0D 1E 04 00 00 00 65 6E 00 00 00 00 00 00 DF 81 29 08 30 F0 F0 00 30 F0 FF 00 FF 81 06 30 DF 81 2A 0D 30 30 30 30 30 30 30 30 30 30 30 30 30 DF 81 2B 07 00 00 00 00 00 00 0F DF 81 15 06 00 00 00 00 00 FF 9F 6E 07 08 40 00 00 30 30 00 FF 81 05 82 01 33 4F 07 A0 00 00 00 04 10 10 50 10 44 65 62 69 74 20 4D 61 73 74 65 72 43 61 72 64 56 29 42 35 31 32 38 35 37 30 31 30 30 30 33 38 30 37 32 5E 20 2F 5E 31 38 30 33 36 32 32 30 30 30 37 37 39 31 34 32 30 32 33 32 82 02 19 80 84 07 A0 00 00 00 04 10 10 95 05 00 00 00 00 00 9A 03 07 11 21 9B 02 00 00 9C 01 00 5F 2D 02 65 6E 9F 01 00 9F 02 06 00 00 00 00 10 00 9F 03 06 00 00 00 00 00 00 9F 06 07 A0 00 00 00 04 10 10 9F 09 02 00 02 9F 11 01 01 9F 12 10 44 65 62 69 74 20 4D 61 73 74 65 72 43 61 72 64 9F 15 02 11 11 9F 16 00 9F 1A 02 08 40 9F 1C 00 9F 1D 08 6C FF 00 00 00 00 00 00 9F 1E 08 33 5A 30 30 31 30 35 35 9F 21 03 10 15 20 9F 2A 01 02 9F 33 03 00 00 08 9F 34 03 00 00 00 9F 35 01 22 9F 36 02 1E 6F 9F 37 04 46 67 D9 D7 9F 39 01 91 9F 40 05 00 00 00 00 00 9F 41 04 00 00 00 09 9F 4E 00 9F 53 01 00 9F 66 02 07 F0 9F 6A 04 00 00 00 42 9F 6B 13 51 28 57 01 00 03 80 72 D1 80 36 22 00 07 79 14 24 73 2F 9F 6D 02 00 01 DF 81 0C 01 02 96 08 02 00 00 00 00 00 00 00 DF EE 4C 01 03 DF EC 1C 1E 08 03 00 03 FF 00 1E 04 00 00 00 00 81 29 08 30 F0 F0 00 30 65 6E 00 00 00 00 00 00 FF 00 DF EF 17 29 42 35 31 32 38 35 37 30 31 30 30 30 33 38 30 37 32 5E 20 2F 5E 31 38 30 33 36 32 32 30 30 30 37 37 39 31 34 32 30 32 33 32 DF EF 18 25 35 31 32 38 35 37 30 31 30 30 30 33 38 30 37 32 3D 31 38 30 33 36 32 32 30 30 30 37 37 39 31 34 32 34 37 33 32 DF EF 4C 06 00 27 00 00 00 00 DF EF 4D 27 3B 35 31 32 38 35 37 30 31 30 30 30 33 38 30 37 32 3D 31 38 30 33 36 32 32 30 30 30 37 37 39 31 34 32 34 37 33 32 3F FF EE 01 05 DF EE 30 01 00 63 94 00 00 00 00 00 00 00 00 00 00 00  

 --- 04-00-----DFEF4B = 09 T3+T3 Sentinel

2026/10/6 14:24:37.319 [TX] - 56 69 56 4F 74 65 63 68 32 00 04 00 00 07 DF EF 4B 03 09 00 00 9C DA 
2026/10/6 14:24:37.411 [RX] - 56 69 56 4F 74 65 63 68 32 00 04 00 00 00 AE 16 00 00 00 00 00 00 00 00 00 00 00 00 00 00 00 00 00 00 00 00 00 00 00 00 00 00 00 00 00 00 00 00 00 00 00 00 00 00 00 00 00 00 00 00 00 00 00  

 --- Poll on Demand

2026/10/6 14:24:37.943 [TX] - 56 69 56 4F 74 65 63 68 32 00 01 01 00 01 01 D7 34 
2026/10/6 14:24:37.953 [RX] - 56 69 56 4F 74 65 63 68 32 00 01 00 00 00 12 53 00 00 00 00 00 00 00 00 00 00 00 00 00 00 00 00 00 00 00 00 00 00 00 00 00 00 00 00 00 00 00 00 00 00 00 00 00 00 00 00 00 00 00 00 00 00 00  

 --- 02-40 Activate Transaction

2026/10/6 14:24:39.487 [TX] - 56 69 56 4F 74 65 63 68 32 00 02 40 00 15 0A 9F 02 06 00 00 00 00 10 00 9A 03 07 11 21 9F 21 03 10 15 20 5E 34 
2026/10/6 14:24:40.229 [RX] - 56 69 56 4F 74 65 63 68 32 00 02 23 02 34 31 DF EE 26 02 31 00 DF 81 16 0D 1E 04 00 00 00 65 6E 00 00 00 00 00 00 DF 81 29 08 30 F0 F0 00 30 F0 FF 00 FF 81 06 30 DF 81 2A 0D 30 30 30 30 30 30 30 30 30 30 30 30 30 DF 81 2B 07 00 00 00 00 00 00 0F DF 81 15 06 00 00 00 00 00 FF 9F 6E 07 08 40 00 00 30 30 00 FF 81 05 82 01 33 4F 07 A0 00 00 00 04 10 10 50 10 44 65 62 69 74 20 4D 61 73 74 65 72 43 61 72 64 56 29 42 35 31 32 38 35 37 30 31 30 30 30 33 38 30 37 32 5E 20 2F 5E 31 38 30 33 36 32 32 30 30 30 37 37 39 32 31 39 35 34 33 32 82 02 19 80 84 07 A0 00 00 00 04 10 10 95 05 00 00 00 00 00 9A 03 07 11 21 9B 02 00 00 9C 01 00 5F 2D 02 65 6E 9F 01 00 9F 02 06 00 00 00 00 10 00 9F 03 06 00 00 00 00 00 00 9F 06 07 A0 00 00 00 04 10 10 9F 09 02 00 02 9F 11 01 01 9F 12 10 44 65 62 69 74 20 4D 61 73 74 65 72 43 61 72 64 9F 15 02 11 11 9F 16 00 9F 1A 02 08 40 9F 1C 00 9F 1D 08 6C FF 00 00 00 00 00 00 9F 1E 08 33 5A 30 30 31 30 35 35 9F 21 03 10 15 20 9F 2A 01 02 9F 33 03 00 00 08 9F 34 03 00 00 00 9F 35 01 22 9F 36 02 1E 70 9F 37 04 A4 19 22 FD 9F 39 01 91 9F 40 05 00 00 00 00 00 9F 41 04 00 00 00 10 9F 4E 00 9F 53 01 00 9F 66 02 07 F0 9F 6A 04 00 00 00 19 9F 6B 13 51 28 57 01 00 03 80 72 D1 80 36 22 00 07 79 21 93 87 2F 9F 6D 02 00 01 DF 81 0C 01 02 96 08 02 00 00 00 00 00 00 00 DF EE 4C 01 03 DF EC 1C 1E 08 03 00 03 FF 00 1E 04 00 00 00 00 81 29 08 30 F0 F0 00 30 65 6E 00 00 00 00 00 00 FF 00 DF EF 17 29 42 35 31 32 38 35 37 30 31 30 30 30 33 38 30 37 32 5E 20 2F 5E 31 38 30 33 36 32 32 30 30 30 37 37 39 32 31 39 35 34 33 32 DF EF 18 25 35 31 32 38 35 37 30 31 30 30 30 33 38 30 37 32 3D 31 38 30 33 36 32 32 30 30 30 37 37 39 32 31 39 33 38 37 32 DF EF 4C 06 00 00 00 00 00 00 DF EF 4D 00 FF EE 01 05 DF EE 30 01 00 C3 D2 00 00 00 00 00 00 00 00 00 00 00 00 00 00 00 00 00 00 00 00 00 00 00 00 00 00 00 00 00 00 00 00 00 00 00 00 00 00 00 00 00 00 00 00 00 00 00 00 00 00  

 --- 04-00-----DFEF4B = 36 T1+T2+T1 Sentinel+T2 Sentinel

2026/10/6 14:24:40.773 [TX] - 56 69 56 4F 74 65 63 68 32 00 04 00 00 07 DF EF 4B 03 36 00 00 08 33 
2026/10/6 14:24:40.836 [RX] - 56 69 56 4F 74 65 63 68 32 00 04 00 00 00 AE 16 00 00 00 00 00 00 00 00 00 00 00 00 00 00 00 00 00 00 00 00 00 00 00 00 00 00 00 00 00 00 00 00 00 00 00 00 00 00 00 00 00 00 00 00 00 00 00  

 --- Poll on Demand

2026/10/6 14:24:41.368 [TX] - 56 69 56 4F 74 65 63 68 32 00 01 01 00 01 01 D7 34 
2026/10/6 14:24:41.379 [RX] - 56 69 56 4F 74 65 63 68 32 00 01 00 00 00 12 53 00 00 00 00 00 00 00 00 00 00 00 00 00 00 00 00 00 00 00 00 00 00 00 00 00 00 00 00 00 00 00 00 00 00 00 00 00 00 00 00 00 00 00 00 00 00 00  

 --- 02-40 Activate Transaction

2026/10/6 14:24:43.423 [TX] - 56 69 56 4F 74 65 63 68 32 00 02 40 00 15 0A 9F 02 06 00 00 00 00 10 00 9A 03 07 11 21 9F 21 03 10 15 20 5E 34 
2026/10/6 14:24:44.237 [RX] - 56 69 56 4F 74 65 63 68 32 00 02 23 02 86 31 DF EE 26 02 31 00 DF 81 16 0D 1E 04 00 00 00 65 6E 00 00 00 00 00 00 DF 81 29 08 30 F0 F0 00 30 F0 FF 00 FF 81 06 30 DF 81 2A 0D 30 30 30 30 30 30 30 30 30 30 30 30 30 DF 81 2B 07 00 00 00 00 00 00 0F DF 81 15 06 00 00 00 00 00 FF 9F 6E 07 08 40 00 00 30 30 00 FF 81 05 82 01 33 4F 07 A0 00 00 00 04 10 10 50 10 44 65 62 69 74 20 4D 61 73 74 65 72 43 61 72 64 56 29 42 35 31 32 38 35 37 30 31 30 30 30 33 38 30 37 32 5E 20 2F 5E 31 38 30 33 36 32 32 30 30 30 37 37 39 33 36 38 35 32 37 32 82 02 19 80 84 07 A0 00 00 00 04 10 10 95 05 00 00 00 00 00 9A 03 07 11 21 9B 02 00 00 9C 01 00 5F 2D 02 65 6E 9F 01 00 9F 02 06 00 00 00 00 10 00 9F 03 06 00 00 00 00 00 00 9F 06 07 A0 00 00 00 04 10 10 9F 09 02 00 02 9F 11 01 01 9F 12 10 44 65 62 69 74 20 4D 61 73 74 65 72 43 61 72 64 9F 15 02 11 11 9F 16 00 9F 1A 02 08 40 9F 1C 00 9F 1D 08 6C FF 00 00 00 00 00 00 9F 1E 08 33 5A 30 30 31 30 35 35 9F 21 03 10 15 20 9F 2A 01 02 9F 33 03 00 00 08 9F 34 03 00 00 00 9F 35 01 22 9F 36 02 1E 71 9F 37 04 7B 87 2D 6F 9F 39 01 91 9F 40 05 00 00 00 00 00 9F 41 04 00 00 00 11 9F 4E 00 9F 53 01 00 9F 66 02 07 F0 9F 6A 04 00 00 00 68 9F 6B 13 51 28 57 01 00 03 80 72 D1 80 36 22 00 07 79 36 86 48 2F 9F 6D 02 00 01 DF 81 0C 01 02 96 08 02 00 00 00 00 00 00 00 DF EE 4C 01 03 DF EC 1C 1E 08 03 00 03 FF 00 1E 04 00 00 00 00 81 29 08 30 F0 F0 00 30 65 6E 00 00 00 00 00 00 FF 00 DF EF 17 29 42 35 31 32 38 35 37 30 31 30 30 30 33 38 30 37 32 5E 20 2F 5E 31 38 30 33 36 32 32 30 30 30 37 37 39 33 36 38 35 32 37 32 DF EF 18 25 35 31 32 38 35 37 30 31 30 30 30 33 38 30 37 32 3D 31 38 30 33 36 32 32 30 30 30 37 37 39 33 36 38 36 34 38 32 DF EF 4C 06 2B 27 00 00 00 00 DF EF 4D 52 25 42 35 31 32 38 35 37 30 31 30 30 30 33 38 30 37 32 5E 20 2F 5E 31 38 30 33 36 32 32 30 30 30 37 37 39 33 36 38 35 32 37 32 3F 3B 35 31 32 38 35 37 30 31 30 30 30 33 38 30 37 32 3D 31 38 30 33 36 32 32 30 30 30 37 37 39 33 36 38 36 34 38 32 3F FF EE 01 05 DF EE 30 01 00 E7 C8 00 00 00 00 00 00 00 00 00 00 00 00 00 00 00 00 00 00 00 00 00 00 00 00 00 00 00 00 00 00 00  

 --- 04-00-----DFEF4B = 2D T1+T3+T1 Sentinel+T3 Sentinel

2026/10/6 14:24:44.784 [TX] - 56 69 56 4F 74 65 63 68 32 00 04 00 00 07 DF EF 4B 03 2D 00 00 9A 80 
2026/10/6 14:24:44.849 [RX] - 56 69 56 4F 74 65 63 68 32 00 04 00 00 00 AE 16 00 00 00 00 00 00 00 00 00 00 00 00 00 00 00 00 00 00 00 00 00 00 00 00 00 00 00 00 00 00 00 00 00 00 00 00 00 00 00 00 00 00 00 00 00 00 00  

 --- Poll on Demand

2026/10/6 14:24:45.378 [TX] - 56 69 56 4F 74 65 63 68 32 00 01 01 00 01 01 D7 34 
2026/10/6 14:24:45.388 [RX] - 56 69 56 4F 74 65 63 68 32 00 01 00 00 00 12 53 00 00 00 00 00 00 00 00 00 00 00 00 00 00 00 00 00 00 00 00 00 00 00 00 00 00 00 00 00 00 00 00 00 00 00 00 00 00 00 00 00 00 00 00 00 00 00  

 --- 02-40 Activate Transaction

2026/10/6 14:24:52.688 [TX] - 56 69 56 4F 74 65 63 68 32 00 02 40 00 15 0A 9F 02 06 00 00 00 00 10 00 9A 03 07 11 21 9F 21 03 10 15 20 5E 34 
2026/10/6 14:24:53.486 [RX] - 56 69 56 4F 74 65 63 68 32 00 02 23 02 5F 31 DF EE 26 02 31 00 DF 81 16 0D 1E 04 00 00 00 65 6E 00 00 00 00 00 00 DF 81 29 08 30 F0 F0 00 30 F0 FF 00 FF 81 06 30 DF 81 2A 0D 30 30 30 30 30 30 30 30 30 30 30 30 30 DF 81 2B 07 00 00 00 00 00 00 0F DF 81 15 06 00 00 00 00 00 FF 9F 6E 07 08 40 00 00 30 30 00 FF 81 05 82 01 33 4F 07 A0 00 00 00 04 10 10 50 10 44 65 62 69 74 20 4D 61 73 74 65 72 43 61 72 64 56 29 42 35 31 32 38 35 37 30 31 30 30 30 33 38 30 37 32 5E 20 2F 5E 31 38 30 33 36 32 32 30 30 30 37 37 39 34 37 38 35 36 38 32 82 02 19 80 84 07 A0 00 00 00 04 10 10 95 05 00 00 00 00 00 9A 03 07 11 21 9B 02 00 00 9C 01 00 5F 2D 02 65 6E 9F 01 00 9F 02 06 00 00 00 00 10 00 9F 03 06 00 00 00 00 00 00 9F 06 07 A0 00 00 00 04 10 10 9F 09 02 00 02 9F 11 01 01 9F 12 10 44 65 62 69 74 20 4D 61 73 74 65 72 43 61 72 64 9F 15 02 11 11 9F 16 00 9F 1A 02 08 40 9F 1C 00 9F 1D 08 6C FF 00 00 00 00 00 00 9F 1E 08 33 5A 30 30 31 30 35 35 9F 21 03 10 15 20 9F 2A 01 02 9F 33 03 00 00 08 9F 34 03 00 00 00 9F 35 01 22 9F 36 02 1E 72 9F 37 04 C5 FC 68 DA 9F 39 01 91 9F 40 05 00 00 00 00 00 9F 41 04 00 00 00 12 9F 4E 00 9F 53 01 00 9F 66 02 07 F0 9F 6A 04 00 00 00 78 9F 6B 13 51 28 57 01 00 03 80 72 D1 80 36 22 00 07 79 47 83 26 2F 9F 6D 02 00 01 DF 81 0C 01 02 96 08 02 00 00 00 00 00 00 00 DF EE 4C 01 03 DF EC 1C 1E 08 03 00 03 FF 00 1E 04 00 00 00 00 81 29 08 30 F0 F0 00 30 65 6E 00 00 00 00 00 00 FF 00 DF EF 17 29 42 35 31 32 38 35 37 30 31 30 30 30 33 38 30 37 32 5E 20 2F 5E 31 38 30 33 36 32 32 30 30 30 37 37 39 34 37 38 35 36 38 32 DF EF 18 25 35 31 32 38 35 37 30 31 30 30 30 33 38 30 37 32 3D 31 38 30 33 36 32 32 30 30 30 37 37 39 34 37 38 33 32 36 32 DF EF 4C 06 2B 00 00 00 00 00 DF EF 4D 2B 25 42 35 31 32 38 35 37 30 31 30 30 30 33 38 30 37 32 5E 20 2F 5E 31 38 30 33 36 32 32 30 30 30 37 37 39 34 37 38 35 36 38 32 3F FF EE 01 05 DF EE 30 01 00 88 A2 00 00 00 00 00 00 00  

 --- 04-00-----DFEF4B = 1B T2+T3+T2 Sentinel+T3 Sentinel

2026/10/6 14:24:54.037 [TX] - 56 69 56 4F 74 65 63 68 32 00 04 00 00 07 DF EF 4B 03 1B 00 00 9F F7 
2026/10/6 14:24:54.186 [RX] - 56 69 56 4F 74 65 63 68 32 00 04 00 00 00 AE 16 00 00 00 00 00 00 00 00 00 00 00 00 00 00 00 00 00 00 00 00 00 00 00 00 00 00 00 00 00 00 00 00 00 00 00 00 00 00 00 00 00 00 00 00 00 00 00  

 --- Poll on Demand

2026/10/6 14:24:54.722 [TX] - 56 69 56 4F 74 65 63 68 32 00 01 01 00 01 01 D7 34 
2026/10/6 14:24:54.731 [RX] - 56 69 56 4F 74 65 63 68 32 00 01 00 00 00 12 53 00 00 00 00 00 00 00 00 00 00 00 00 00 00 00 00 00 00 00 00 00 00 00 00 00 00 00 00 00 00 00 00 00 00 00 00 00 00 00 00 00 00 00 00 00 00 00  

 --- 02-40 Activate Transaction

2026/10/6 14:24:56.224 [TX] - 56 69 56 4F 74 65 63 68 32 00 02 40 00 15 0A 9F 02 06 00 00 00 00 10 00 9A 03 07 11 21 9F 21 03 10 15 20 5E 34 
2026/10/6 14:24:56.925 [RX] - 56 69 56 4F 74 65 63 68 32 00 02 23 02 5B 31 DF EE 26 02 31 00 DF 81 16 0D 1E 04 00 00 00 65 6E 00 00 00 00 00 00 DF 81 29 08 30 F0 F0 00 30 F0 FF 00 FF 81 06 30 DF 81 2A 0D 30 30 30 30 30 30 30 30 30 30 30 30 30 DF 81 2B 07 00 00 00 00 00 00 0F DF 81 15 06 00 00 00 00 00 FF 9F 6E 07 08 40 00 00 30 30 00 FF 81 05 82 01 33 4F 07 A0 00 00 00 04 10 10 50 10 44 65 62 69 74 20 4D 61 73 74 65 72 43 61 72 64 56 29 42 35 31 32 38 35 37 30 31 30 30 30 33 38 30 37 32 5E 20 2F 5E 31 38 30 33 36 32 32 30 30 30 37 37 39 35 37 30 36 32 37 32 82 02 19 80 84 07 A0 00 00 00 04 10 10 95 05 00 00 00 00 00 9A 03 07 11 21 9B 02 00 00 9C 01 00 5F 2D 02 65 6E 9F 01 00 9F 02 06 00 00 00 00 10 00 9F 03 06 00 00 00 00 00 00 9F 06 07 A0 00 00 00 04 10 10 9F 09 02 00 02 9F 11 01 01 9F 12 10 44 65 62 69 74 20 4D 61 73 74 65 72 43 61 72 64 9F 15 02 11 11 9F 16 00 9F 1A 02 08 40 9F 1C 00 9F 1D 08 6C FF 00 00 00 00 00 00 9F 1E 08 33 5A 30 30 31 30 35 35 9F 21 03 10 15 20 9F 2A 01 02 9F 33 03 00 00 08 9F 34 03 00 00 00 9F 35 01 22 9F 36 02 1E 73 9F 37 04 E2 F2 41 0B 9F 39 01 91 9F 40 05 00 00 00 00 00 9F 41 04 00 00 00 13 9F 4E 00 9F 53 01 00 9F 66 02 07 F0 9F 6A 04 00 00 00 70 9F 6B 13 51 28 57 01 00 03 80 72 D1 80 36 22 00 07 79 57 03 85 2F 9F 6D 02 00 01 DF 81 0C 01 02 96 08 02 00 00 00 00 00 00 00 DF EE 4C 01 03 DF EC 1C 1E 08 03 00 03 FF 00 1E 04 00 00 00 00 81 29 08 30 F0 F0 00 30 65 6E 00 00 00 00 00 00 FF 00 DF EF 17 29 42 35 31 32 38 35 37 30 31 30 30 30 33 38 30 37 32 5E 20 2F 5E 31 38 30 33 36 32 32 30 30 30 37 37 39 35 37 30 36 32 37 32 DF EF 18 25 35 31 32 38 35 37 30 31 30 30 30 33 38 30 37 32 3D 31 38 30 33 36 32 32 30 30 30 37 37 39 35 37 30 33 38 35 32 DF EF 4C 06 00 27 00 00 00 00 DF EF 4D 27 3B 35 31 32 38 35 37 30 31 30 30 30 33 38 30 37 32 3D 31 38 30 33 36 32 32 30 30 30 37 37 39 35 37 30 33 38 35 32 3F FF EE 01 05 DF EE 30 01 00 47 8D 00 00 00 00 00 00 00 00 00 00 00  

 --- 04-00-----DFEF4B = 3F T1+T2+T3+T1 Sentinel+T2 Sentinel+T3 Sentinel

2026/10/6 14:24:57.483 [TX] - 56 69 56 4F 74 65 63 68 32 00 04 00 00 07 DF EF 4B 03 3F 00 00 99 AD 
2026/10/6 14:24:57.547 [RX] - 56 69 56 4F 74 65 63 68 32 00 04 00 00 00 AE 16 00 00 00 00 00 00 00 00 00 00 00 00 00 00 00 00 00 00 00 00 00 00 00 00 00 00 00 00 00 00 00 00 00 00 00 00 00 00 00 00 00 00 00 00 00 00 00  

 --- Poll on Demand

2026/10/6 14:24:58.072 [TX] - 56 69 56 4F 74 65 63 68 32 00 01 01 00 01 01 D7 34 
2026/10/6 14:24:58.083 [RX] - 56 69 56 4F 74 65 63 68 32 00 01 00 00 00 12 53 00 00 00 00 00 00 00 00 00 00 00 00 00 00 00 00 00 00 00 00 00 00 00 00 00 00 00 00 00 00 00 00 00 00 00 00 00 00 00 00 00 00 00 00 00 00 00  

 --- 02-40 Activate Transaction

2026/10/6 14:24:59.583 [TX] - 56 69 56 4F 74 65 63 68 32 00 02 40 00 15 0A 9F 02 06 00 00 00 00 10 00 9A 03 07 11 21 9F 21 03 10 15 20 5E 34 
2026/10/6 14:25:00.172 [RX] - 56 69 56 4F 74 65 63 68 32 00 02 23 02 86 31 DF EE 26 02 31 00 DF 81 16 0D 1E 04 00 00 00 65 6E 00 00 00 00 00 00 DF 81 29 08 30 F0 F0 00 30 F0 FF 00 FF 81 06 30 DF 81 2A 0D 30 30 30 30 30 30 30 30 30 30 30 30 30 DF 81 2B 07 00 00 00 00 00 00 0F DF 81 15 06 00 00 00 00 00 FF 9F 6E 07 08 40 00 00 30 30 00 FF 81 05 82 01 33 4F 07 A0 00 00 00 04 10 10 50 10 44 65 62 69 74 20 4D 61 73 74 65 72 43 61 72 64 56 29 42 35 31 32 38 35 37 30 31 30 30 30 33 38 30 37 32 5E 20 2F 5E 31 38 30 33 36 32 32 30 30 30 37 37 39 36 30 36 31 39 32 32 82 02 19 80 84 07 A0 00 00 00 04 10 10 95 05 00 00 00 00 00 9A 03 07 11 21 9B 02 00 00 9C 01 00 5F 2D 02 65 6E 9F 01 00 9F 02 06 00 00 00 00 10 00 9F 03 06 00 00 00 00 00 00 9F 06 07 A0 00 00 00 04 10 10 9F 09 02 00 02 9F 11 01 01 9F 12 10 44 65 62 69 74 20 4D 61 73 74 65 72 43 61 72 64 9F 15 02 11 11 9F 16 00 9F 1A 02 08 40 9F 1C 00 9F 1D 08 6C FF 00 00 00 00 00 00 9F 1E 08 33 5A 30 30 31 30 35 35 9F 21 03 10 15 20 9F 2A 01 02 9F 33 03 00 00 08 9F 34 03 00 00 00 9F 35 01 22 9F 36 02 1E 74 9F 37 04 6A A8 06 66 9F 39 01 91 9F 40 05 00 00 00 00 00 9F 41 04 00 00 00 14 9F 4E 00 9F 53 01 00 9F 66 02 07 F0 9F 6A 04 00 00 00 06 9F 6B 13 51 28 57 01 00 03 80 72 D1 80 36 22 00 07 79 60 67 78 2F 9F 6D 02 00 01 DF 81 0C 01 02 96 08 02 00 00 00 00 00 00 00 DF EE 4C 01 03 DF EC 1C 1E 08 03 00 03 FF 00 1E 04 00 00 00 00 81 29 08 30 F0 F0 00 30 65 6E 00 00 00 00 00 00 FF 00 DF EF 17 29 42 35 31 32 38 35 37 30 31 30 30 30 33 38 30 37 32 5E 20 2F 5E 31 38 30 33 36 32 32 30 30 30 37 37 39 36 30 36 31 39 32 32 DF EF 18 25 35 31 32 38 35 37 30 31 30 30 30 33 38 30 37 32 3D 31 38 30 33 36 32 32 30 30 30 37 37 39 36 30 36 37 37 38 32 DF EF 4C 06 2B 27 00 00 00 00 DF EF 4D 52 25 42 35 31 32 38 35 37 30 31 30 30 30 33 38 30 37 32 5E 20 2F 5E 31 38 30 33 36 32 32 30 30 30 37 37 39 36 30 36 31 39 32 32 3F 3B 35 31 32 38 35 37 30 31 30 30 30 33 38 30 37 32 3D 31 38 30 33 36 32 32 30 30 30 37 37 39 36 30 36 37 37 38 32 3F FF EE 01 05 DF EE 30 01 00 23 83 00 00 00 00 00 00 00 00 00 00 00 00 00 00 00 00 00 00 00 00 00 00 00 00 00 00 00 00 00 00 00  
---------- END OF TEST ----------

 Result = PASSED
 

 MASTER RESULT = PASSED


Docklight Log File (HEX) - Stopped 2026/10/6 14:25:00.809 

