Docklight Log File (HEX) - Started 2026/8/26 15:29:50.198 
 TEST CASE: applepay1

 --- Set POS COM PORT Settings
 Set POS COM PORT...
 POS operating on COM90 @ 115200 baud...
 Set POS COM PORT - COMPLETE


2026/8/26 15:29:51.913 [TX] - 56 69 56 4F 74 65 63 68 32 00 01 01 00 01 01 D7 34 
2026/8/26 15:29:51.927 [RX] - 56 69 56 4F 74 65 63 68 32 00 01 00 00 00 12 53 00 00 00 00 00 00 00 00 00 00 00 00 00 00 00 00 00 00 00 00 00 00 00 00 00 00 00 00 00 00 00 00 00 00 00 00 00 00 00 00 00 00 00 00 00 00 00  

 --- Get FW ver (29-00)

2026/8/26 15:29:52.938 [TX] - 56 69 56 4F 74 65 63 68 32 00 29 00 00 00 DE A0 
2026/8/26 15:29:52.945 [RX] - 56 69 56 4F 74 65 63 68 32 00 29 00 00 1A 56 50 36 33 32 35 20 46 57 20 76 32 2E 30 30 2E 31 37 38 2E 32 36 33 33 2E 44 59 4E 00 00 00 00 00 00 00 00 00 00 00 00 00 00 00 00 00 00 00 00 00  

 --- Set Merchant 1 - Blank 

2026/8/26 15:29:54.571 [TX] - 56 69 56 4F 74 65 63 68 32 00 04 11 00 63 01 00 00 00 00 00 00 00 00 00 00 00 00 00 00 00 00 00 00 00 00 00 00 00 00 00 00 00 00 00 00 00 00 00 00 00 00 00 00 00 00 00 00 00 00 00 00 00 00 00 00 00 00 00 00 00 00 00 00 00 00 00 00 00 00 00 00 00 00 00 00 00 00 00 00 00 00 00 00 00 00 00 00 00 00 00 00 00 00 00 00 00 00 00 00 00 00 00 00 4D EC 
2026/8/26 15:29:54.618 [RX] - 56 69 56 4F 74 65 63 68 32 00 04 00 00 00 AE 16 00 00 00 00 00 00 00 00 00 00 00 00 00 00 00 00 00 00 00 00 00 00 00 00 00 00 00 00 00 00 00 00 00 00 00 00 00 00 00 00 00 00 00 00 00 00 00  
v2StsCode = 00

 

 --- Set Merchant 2 - Blank 

2026/8/26 15:29:55.153 [TX] - 56 69 56 4F 74 65 63 68 32 00 04 11 00 63 02 00 00 00 00 00 00 00 00 00 00 00 00 00 00 00 00 00 00 00 00 00 00 00 00 00 00 00 00 00 00 00 00 00 00 00 00 00 00 00 00 00 00 00 00 00 00 00 00 00 00 00 00 00 00 00 00 00 00 00 00 00 00 00 00 00 00 00 00 00 00 00 00 00 00 00 00 00 00 00 00 00 00 00 00 00 00 00 00 00 00 00 00 00 00 00 00 00 00 6B 09 
2026/8/26 15:29:55.190 [RX] - 56 69 56 4F 74 65 63 68 32 00 04 00 00 00 AE 16 00 00 00 00 00 00 00 00 00 00 00 00 00 00 00 00 00 00 00 00 00 00 00 00 00 00 00 00 00 00 00 00 00 00 00 00 00 00 00 00 00 00 00 00 00 00 00  
v2StsCode = 00

 

 --- Set Merchant 3 - Blank

2026/8/26 15:29:55.715 [TX] - 56 69 56 4F 74 65 63 68 32 00 04 11 00 63 03 00 00 00 00 00 00 00 00 00 00 00 00 00 00 00 00 00 00 00 00 00 00 00 00 00 00 00 00 00 00 00 00 00 00 00 00 00 00 00 00 00 00 00 00 00 00 00 00 00 00 00 00 00 00 00 00 00 00 00 00 00 00 00 00 00 00 00 00 00 00 00 00 00 00 00 00 00 00 00 00 00 00 00 00 00 00 00 00 00 00 00 00 00 00 00 00 00 00 96 A5 
2026/8/26 15:29:55.790 [RX] - 56 69 56 4F 74 65 63 68 32 00 04 00 00 00 AE 16 00 00 00 00 00 00 00 00 00 00 00 00 00 00 00 00 00 00 00 00 00 00 00 00 00 00 00 00 00 00 00 00 00 00 00 00 00 00 00 00 00 00 00 00 00 00 00  
v2StsCode = 00

 

 --- Set Merchant 4 - Blank 

2026/8/26 15:29:56.323 [TX] - 56 69 56 4F 74 65 63 68 32 00 04 11 00 63 04 00 00 00 00 00 00 00 00 00 00 00 00 00 00 00 00 00 00 00 00 00 00 00 00 00 00 00 00 00 00 00 00 00 00 00 00 00 00 00 00 00 00 00 00 00 00 00 00 00 00 00 00 00 00 00 00 00 00 00 00 00 00 00 00 00 00 00 00 00 00 00 00 00 00 00 00 00 00 00 00 00 00 00 00 00 00 00 00 00 00 00 00 00 00 00 00 00 00 06 D3 
2026/8/26 15:29:56.365 [RX] - 56 69 56 4F 74 65 63 68 32 00 04 00 00 00 AE 16 00 00 00 00 00 00 00 00 00 00 00 00 00 00 00 00 00 00 00 00 00 00 00 00 00 00 00 00 00 00 00 00 00 00 00 00 00 00 00 00 00 00 00 00 00 00 00  
v2StsCode = 00

 

 --- Set Merchant 5 - Blank 

2026/8/26 15:29:56.901 [TX] - 56 69 56 4F 74 65 63 68 32 00 04 11 00 63 05 00 00 00 00 00 00 00 00 00 00 00 00 00 00 00 00 00 00 00 00 00 00 00 00 00 00 00 00 00 00 00 00 00 00 00 00 00 00 00 00 00 00 00 00 00 00 00 00 00 00 00 00 00 00 00 00 00 00 00 00 00 00 00 00 00 00 00 00 00 00 00 00 00 00 00 00 00 00 00 00 00 00 00 00 00 00 00 00 00 00 00 00 00 00 00 00 00 00 FB 7F 
2026/8/26 15:29:56.939 [RX] - 56 69 56 4F 74 65 63 68 32 00 04 00 00 00 AE 16 00 00 00 00 00 00 00 00 00 00 00 00 00 00 00 00 00 00 00 00 00 00 00 00 00 00 00 00 00 00 00 00 00 00 00 00 00 00 00 00 00 00 00 00 00 00 00  
v2StsCode = 00

 

 --- Set Merchant 6 - Blank 

2026/8/26 15:29:57.485 [TX] - 56 69 56 4F 74 65 63 68 32 00 04 11 00 63 06 00 00 00 00 00 00 00 00 00 00 00 00 00 00 00 00 00 00 00 00 00 00 00 00 00 00 00 00 00 00 00 00 00 00 00 00 00 00 00 00 00 00 00 00 00 00 00 00 00 00 00 00 00 00 00 00 00 00 00 00 00 00 00 00 00 00 00 00 00 00 00 00 00 00 00 00 00 00 00 00 00 00 00 00 00 00 00 00 00 00 00 00 00 00 00 00 00 00 DD 9A 
2026/8/26 15:29:57.522 [RX] - 56 69 56 4F 74 65 63 68 32 00 04 00 00 00 AE 16 00 00 00 00 00 00 00 00 00 00 00 00 00 00 00 00 00 00 00 00 00 00 00 00 00 00 00 00 00 00 00 00 00 00 00 00 00 00 00 00 00 00 00 00 00 00 00  
v2StsCode = 00

 

 --- Get Merchant 1  

2026/8/26 15:29:58.059 [TX] - 56 69 56 4F 74 65 63 68 32 00 03 11 00 01 01 F3 6B 
2026/8/26 15:29:58.069 [RX] - 56 69 56 4F 74 65 63 68 32 00 03 00 00 63 01 00 00 00 00 00 00 00 00 00 00 00 00 00 00 00 00 00 00 00 00 00 00 00 00 00 00 00 00 00 00 00 00 00 00 00 00 00 00 00 00 00 00 00 00 00 00 00 00 00 00 00 00 00 00 00 00 00 00 00 00 00 00 00 00 00 00 00 00 00 00 00 00 00 00 00 00 00 00 00 00 00 00 00 00 00 00 00 00 00 00 00 00 00 00 00 00 00 00 2B B2 00 00 00 00 00 00 00 00 00 00 00  
v2StsCode = 00

 

 --- Get Merchant 2  

2026/8/26 15:29:58.594 [TX] - 56 69 56 4F 74 65 63 68 32 00 03 11 00 01 02 90 5B 
2026/8/26 15:29:58.602 [RX] - 56 69 56 4F 74 65 63 68 32 00 03 00 00 63 02 00 00 00 00 00 00 00 00 00 00 00 00 00 00 00 00 00 00 00 00 00 00 00 00 00 00 00 00 00 00 00 00 00 00 00 00 00 00 00 00 00 00 00 00 00 00 00 00 00 00 00 00 00 00 00 00 00 00 00 00 00 00 00 00 00 00 00 00 00 00 00 00 00 00 00 00 00 00 00 00 00 00 00 00 00 00 00 00 00 00 00 00 00 00 00 00 00 00 CE 94 00 00 00 00 00 00 00 00 00 00 00  
v2StsCode = 00

 

 --- Get Merchant 3  

2026/8/26 15:29:59.124 [TX] - 56 69 56 4F 74 65 63 68 32 00 03 11 00 01 03 B1 4B 
2026/8/26 15:29:59.130 [RX] - 56 69 56 4F 74 65 63 68 32 00 03 00 00 63 03 00 00 00 00 00 00 00 00 00 00 00 00 00 00 00 00 00 00 00 00 00 00 00 00 00 00 00 00 00 00 00 00 00 00 00 00 00 00 00 00 00 00 00 00 00 00 00 00 00 00 00 00 00 00 00 00 00 00 00 00 00 00 00 00 00 00 00 00 00 00 00 00 00 00 00 00 00 00 00 00 00 00 00 00 00 00 00 00 00 00 00 00 00 00 00 00 00 00 62 69 00 00 00 00 00 00 00 00 00 00 00  
v2StsCode = 00

 

 --- Get Merchant 4  

2026/8/26 15:29:59.652 [TX] - 56 69 56 4F 74 65 63 68 32 00 03 11 00 01 04 56 3B 
2026/8/26 15:29:59.657 [RX] - 56 69 56 4F 74 65 63 68 32 00 03 00 00 63 04 00 00 00 00 00 00 00 00 00 00 00 00 00 00 00 00 00 00 00 00 00 00 00 00 00 00 00 00 00 00 00 00 00 00 00 00 00 00 00 00 00 00 00 00 00 00 00 00 00 00 00 00 00 00 00 00 00 00 00 00 00 00 00 00 00 00 00 00 00 00 00 00 00 00 00 00 00 00 00 00 00 00 00 00 00 00 00 00 00 00 00 00 00 00 00 00 00 00 14 F9 00 00 00 00 00 00 00 00 00 00 00  
v2StsCode = 00

 

 --- Get Merchant 5  

2026/8/26 15:30:00.186 [TX] - 56 69 56 4F 74 65 63 68 32 00 03 11 00 01 05 77 2B 
2026/8/26 15:30:00.191 [RX] - 56 69 56 4F 74 65 63 68 32 00 03 00 00 63 05 00 00 00 00 00 00 00 00 00 00 00 00 00 00 00 00 00 00 00 00 00 00 00 00 00 00 00 00 00 00 00 00 00 00 00 00 00 00 00 00 00 00 00 00 00 00 00 00 00 00 00 00 00 00 00 00 00 00 00 00 00 00 00 00 00 00 00 00 00 00 00 00 00 00 00 00 00 00 00 00 00 00 00 00 00 00 00 00 00 00 00 00 00 00 00 00 00 00 B8 04 00 00 00 00 00 00 00 00 00 00 00  
v2StsCode = 00

 

 --- Get Merchant 6  

2026/8/26 15:30:00.716 [TX] - 56 69 56 4F 74 65 63 68 32 00 03 11 00 01 06 14 1B 
2026/8/26 15:30:00.722 [RX] - 56 69 56 4F 74 65 63 68 32 00 03 00 00 63 06 00 00 00 00 00 00 00 00 00 00 00 00 00 00 00 00 00 00 00 00 00 00 00 00 00 00 00 00 00 00 00 00 00 00 00 00 00 00 00 00 00 00 00 00 00 00 00 00 00 00 00 00 00 00 00 00 00 00 00 00 00 00 00 00 00 00 00 00 00 00 00 00 00 00 00 00 00 00 00 00 00 00 00 00 00 00 00 00 00 00 00 00 00 00 00 00 00 00 5D 22 00 00 00 00 00 00 00 00 00 00 00  
v2StsCode = 00


2026/8/26 15:30:01.240 [TX] - 56 69 56 4F 74 65 63 68 32 00 01 01 00 01 01 D7 34  ============================================================Panera Bread card


2026/8/26 15:30:01.254 [RX] - 56 69 56 4F 74 65 63 68 32 00 01 00 00 00 12 53 00 00 00 00 00 00 00 00 00 00 00 00 00 00 00 00 00 00 00 00 00 00 00 00 00 00 00 00 00 00 00 00 00 00 00 00 00 00 00 00 00 00 00 00 00 00 00  

 --- ACT - VAS Only 

2026/8/26 15:30:03.193 [TX] - 56 69 56 4F 74 65 63 68 32 00 02 01 00 2A 30 9F 02 06 00 00 00 00 00 01 9C 01 00 FF EE 06 19 9F 22 02 01 00 9F 26 04 00 00 00 02 9F 2B 05 01 00 00 00 00 DF EE 01 01 01 1E D4 
2026/8/26 15:30:04.556 [RX] - 56 69 56 4F 74 65 63 68 32 00 02 0A 00 2B 21 DF EE 26 02 21 00 FF EE 06 13 9A 03 79 06 29 9F 21 03 12 03 00 DF EE 02 04 80 00 00 00 9F 39 01 07 FF EE 01 05 DF EE 30 01 00 27 85 00 00 00 00  
** FAIL **


Docklight Log File (HEX) - Stopped 2026/8/26 15:30:16.865 

