Docklight Log File (HEX) - Started 2026/8/28 14:50:20.016 
 TEST CASE: ELST002

 --- Set POS COM PORT Settings
 Set POS COM PORT...
 POS operating on COM90 @ 115200 baud...
 Set POS COM PORT - COMPLETE

 --- Add Entry to EMV Exception List (84-09) - EMV Contact V2CA0160100v4.1b

2026/8/28 14:50:21.347 [TX] - 56 69 56 4F 74 65 63 68 32 00 84 09 00 0C 08 47 61 73 90 01 01 00 10 FF FF 01 82 D1 
2026/8/28 14:50:21.384 [RX] - 56 69 56 4F 74 65 63 68 32 00 84 00 00 00 73 2E  PASS !!! 00 00 00 00 00 00 00 00 00 00 00 00 00 00 00 00 00 00 00 00 00 00 00 00 00 00 00 00 00 00 00 00 00 00 00 00 00 00 00 00 00 00 00 00 00 00 00  

--- Delete All Entries from EMV Exception List (84-0B)

2026/8/28 14:50:21.400 [TX] - 56 69 56 4F 74 65 63 68 32 00 84 0B 00 00 DF 83 
2026/8/28 14:50:21.442 [RX] - 56 69 56 4F 74 65 63 68 32 00 84 00 00 00 73 2E  PASS !!! 00 00 00 00 00 00 00 00 00 00 00 00 00 00 00 00 00 00 00 00 00 00 00 00 00 00 00 00 00 00 00 00 00 00 00 00 00 00 00 00 00 00 00 00 00 00 00  

--- Get EMV Exception Log Status (84-08)

2026/8/28 14:50:21.462 [TX] - 56 69 56 4F 74 65 63 68 32 00 84 08 00 00 8F DA 
2026/8/28 14:50:21.471 [RX] - 56 69 56 4F 74 65 63 68 32 00 84 00 00 0C 00 00 00 00 00 00 00 00 00 00 00 0C B7 54 00 00 00 00 00 00 00 00 00 00 00 00 00 00 00 00 00 00 00 00 00 00 00 00 00 00 00 00 00 00 00 00 00 00 00  

--- Get EMV Exception List (84-0C)

2026/8/28 14:50:21.483 [TX] - 56 69 56 4F 74 65 63 68 32 00 84 0C 00 04 40 80 00 00 C5 CA 
2026/8/28 14:50:21.504 [RX] - 56 69 56 4F 74 65 63 68 32 00 84 60 00 00 E8 45 00 00 00 00 00 00 00 00 00 00 00 00 00 00 00 00 00 00 00 00 00 00 00 00 00 00 00 00 00 00 00 00 00 00 00 00 00 00 00 00 00 00 00 00 00 00 00  

--- Add Entry to EMV Exception List (84-09) - EMV Contact V2CA0160100v4.1b

2026/8/28 14:50:21.513 [TX] - 56 69 56 4F 74 65 63 68 32 00 84 09 00 0C 08 47 61 73 90 01 01 00 10 FF FF 01 82 D1 
2026/8/28 14:50:21.566 [RX] - 56 69 56 4F 74 65 63 68 32 00 84 00 00 00 73 2E  PASS !!! 00 00 00 00 00 00 00 00 00 00 00 00 00 00 00 00 00 00 00 00 00 00 00 00 00 00 00 00 00 00 00 00 00 00 00 00 00 00 00 00 00 00 00 00 00 00 00  

--- Get EMV Exception Log Status (84-08)

2026/8/28 14:50:21.588 [TX] - 56 69 56 4F 74 65 63 68 32 00 84 08 00 00 8F DA 
2026/8/28 14:50:21.603 [RX] - 56 69 56 4F 74 65 63 68 32 00 84 00 00 0C 00 00 00 00 00 00 00 01 00 00 00 0C 1D 05 00 00 00 00 00 00 00 00 00 00 00 00 00 00 00 00 00 00 00 00 00 00 00 00 00 00 00 00 00 00 00 00 00 00 00  

--- Get EMV Exception List (84-0C)

2026/8/28 14:50:21.627 [TX] - 56 69 56 4F 74 65 63 68 32 00 84 0C 00 04 40 80 00 00 C5 CA 
2026/8/28 14:50:21.645 [RX] - 56 69 56 4F 74 65 63 68 32 00 84 00 00 18 00 00 00 01 00 00 00 00 00 00 00 0C 08 47 61 73 90 01 01 00 10 FF FF 01 5D 95 00 00 00 00 00 00 00 00 00 00 00 00 00 00 00 00 00 00 00 00 00 00 00  

--- Add Entry to EMV Exception List (84-09) - HSIEN VISA

2026/8/28 14:50:21.661 [TX] - 56 69 56 4F 74 65 63 68 32 00 84 09 00 0C 08 40 05 57 80 00 03 86 63 FF FF 01 67 1D 
2026/8/28 14:50:21.698 [RX] - 56 69 56 4F 74 65 63 68 32 00 84 00 00 00 73 2E  PASS !!! 00 00 00 00 00 00 00 00 00 00 00 00 00 00 00 00 00 00 00 00 00 00 00 00 00 00 00 00 00 00 00 00 00 00 00 00 00 00 00 00 00 00 00 00 00 00 00  

--- Get EMV Exception Log Status (84-08)

2026/8/28 14:50:21.715 [TX] - 56 69 56 4F 74 65 63 68 32 00 84 08 00 00 8F DA 
2026/8/28 14:50:21.721 [RX] - 56 69 56 4F 74 65 63 68 32 00 84 00 00 0C 00 00 00 00 00 00 00 02 00 00 00 0C F3 D7 00 00 00 00 00 00 00 00 00 00 00 00 00 00 00 00 00 00 00 00 00 00 00 00 00 00 00 00 00 00 00 00 00 00 00  

--- Get EMV Exception List (84-0C)

2026/8/28 14:50:21.755 [TX] - 56 69 56 4F 74 65 63 68 32 00 84 0C 00 04 40 80 00 00 C5 CA 
2026/8/28 14:50:21.766 [RX] - 56 69 56 4F 74 65 63 68 32 00 84 00 00 24 00 00 00 02 00 00 00 00 00 00 00 0C 08 40 05 57 80 00 03 86 63 FF FF 01 08 47 61 73 90 01 01 00 10 FF FF 01 71 80 00 00 00 00 00 00 00 00 00 00 00  

--- Add Entry to EMV Exception List (84-09) - CUBIC VISA

2026/8/28 14:50:22.963 [TX] - 56 69 56 4F 74 65 63 68 32 00 84 09 00 0C 08 41 76 66 22 20 00 01 91 FF FF 01 39 2A 
2026/8/28 14:50:23.002 [RX] - 56 69 56 4F 74 65 63 68 32 00 84 00 00 00 73 2E  PASS !!! 00 00 00 00 00 00 00 00 00 00 00 00 00 00 00 00 00 00 00 00 00 00 00 00 00 00 00 00 00 00 00 00 00 00 00 00 00 00 00 00 00 00 00 00 00 00 00  

--- Get EMV Exception Log Status (84-08)

2026/8/28 14:50:23.015 [TX] - 56 69 56 4F 74 65 63 68 32 00 84 08 00 00 8F DA 
2026/8/28 14:50:23.022 [RX] - 56 69 56 4F 74 65 63 68 32 00 84 00 00 0C 00 00 00 00 00 00 00 03 00 00 00 0C 59 86 00 00 00 00 00 00 00 00 00 00 00 00 00 00 00 00 00 00 00 00 00 00 00 00 00 00 00 00 00 00 00 00 00 00 00  

--- Get EMV Exception List (84-0C)

2026/8/28 14:50:23.056 [TX] - 56 69 56 4F 74 65 63 68 32 00 84 0C 00 04 40 80 00 00 C5 CA 
2026/8/28 14:50:23.067 [RX] - 56 69 56 4F 74 65 63 68 32 00 84 00 00 30 00 00 00 03 00 00 00 00 00 00 00 0C 08 40 05 57 80 00 03 86 63 FF FF 01 08 41 76 66 22 20 00 01 91 FF FF 01 08 47 61 73 90 01 01 00 10 FF FF 01 DA E9 00 00 00 00 00 00 00 00 00 00 00 00 00 00 00 00 00 00 00 00 00 00 00 00 00 00 00 00 00 00 00 00 00 00 00 00 00 00 00 00 00 00 00 00 00 00 00 00 00 00 00 00 00 00 00 00 00 00 00 00 00 00  

--- Delete Entry from EMV Exception List (84-0A) - HSIEN VISA

2026/8/28 14:50:24.265 [TX] - 56 69 56 4F 74 65 63 68 32 00 84 0A 00 0C 08 40 05 57 80 00 03 86 63 FF FF 01 42 FE 
2026/8/28 14:50:24.301 [RX] - 56 69 56 4F 74 65 63 68 32 00 84 00 00 00 73 2E  PASS !!! 00 00 00 00 00 00 00 00 00 00 00 00 00 00 00 00 00 00 00 00 00 00 00 00 00 00 00 00 00 00 00 00 00 00 00 00 00 00 00 00 00 00 00 00 00 00 00  

--- Get EMV Exception Log Status (84-08)

2026/8/28 14:50:24.325 [TX] - 56 69 56 4F 74 65 63 68 32 00 84 08 00 00 8F DA 
2026/8/28 14:50:24.337 [RX] - 56 69 56 4F 74 65 63 68 32 00 84 00 00 0C 00 00 00 00 00 00 00 02 00 00 00 0C F3 D7 00 00 00 00 00 00 00 00 00 00 00 00 00 00 00 00 00 00 00 00 00 00 00 00 00 00 00 00 00 00 00 00 00 00 00  

--- Get EMV Exception List (84-0C)

2026/8/28 14:50:24.357 [TX] - 56 69 56 4F 74 65 63 68 32 00 84 0C 00 04 40 80 00 00 C5 CA 
2026/8/28 14:50:24.368 [RX] - 56 69 56 4F 74 65 63 68 32 00 84 00 00 24 00 00 00 02 00 00 00 00 00 00 00 0C 08 41 76 66 22 20 00 01 91 FF FF 01 08 47 61 73 90 01 01 00 10 FF FF 01 62 A9 00 00 00 00 00 00 00 00 00 00 00  

--- Delete Entry from EMV Exception List (84-0A) - EMV Contact V2CA0160100v4.1b

2026/8/28 14:50:25.570 [TX] - 56 69 56 4F 74 65 63 68 32 00 84 0A 00 0C 08 47 61 73 90 01 01 00 10 FF FF 01 A7 32 
2026/8/28 14:50:25.606 [RX] - 56 69 56 4F 74 65 63 68 32 00 84 00 00 00 73 2E  PASS !!! 00 00 00 00 00 00 00 00 00 00 00 00 00 00 00 00 00 00 00 00 00 00 00 00 00 00 00 00 00 00 00 00 00 00 00 00 00 00 00 00 00 00 00 00 00 00 00  

--- Get EMV Exception Log Status (84-08)

2026/8/28 14:50:25.625 [TX] - 56 69 56 4F 74 65 63 68 32 00 84 08 00 00 8F DA 
2026/8/28 14:50:25.631 [RX] - 56 69 56 4F 74 65 63 68 32 00 84 00 00 0C 00 00 00 00 00 00 00 01 00 00 00 0C 1D 05 00 00 00 00 00 00 00 00 00 00 00 00 00 00 00 00 00 00 00 00 00 00 00 00 00 00 00 00 00 00 00 00 00 00 00  

--- Get EMV Exception List (84-0C)

2026/8/28 14:50:25.663 [TX] - 56 69 56 4F 74 65 63 68 32 00 84 0C 00 04 40 80 00 00 C5 CA 
2026/8/28 14:50:25.673 [RX] - 56 69 56 4F 74 65 63 68 32 00 84 00 00 18 00 00 00 01 00 00 00 00 00 00 00 0C 08 41 76 66 22 20 00 01 91 FF FF 01 A6 2E 00 00 00 00 00 00 00 00 00 00 00 00 00 00 00 00 00 00 00 00 00 00 00  

--- Delete Entry from EMV Exception List (84-0A) - CUBIC VISA

2026/8/28 14:50:25.693 [TX] - 56 69 56 4F 74 65 63 68 32 00 84 0A 00 0C 08 41 76 66 22 20 00 01 91 FF FF 01 1C C9 
2026/8/28 14:50:25.727 [RX] - 56 69 56 4F 74 65 63 68 32 00 84 00 00 00 73 2E  PASS !!! 00 00 00 00 00 00 00 00 00 00 00 00 00 00 00 00 00 00 00 00 00 00 00 00 00 00 00 00 00 00 00 00 00 00 00 00 00 00 00 00 00 00 00 00 00 00 00  

--- Get EMV Exception Log Status (84-08)

2026/8/28 14:50:25.756 [TX] - 56 69 56 4F 74 65 63 68 32 00 84 08 00 00 8F DA 
2026/8/28 14:50:25.766 [RX] - 56 69 56 4F 74 65 63 68 32 00 84 00 00 0C 00 00 00 00 00 00 00 00 00 00 00 0C B7 54 00 00 00 00 00 00 00 00 00 00 00 00 00 00 00 00 00 00 00 00 00 00 00 00 00 00 00 00 00 00 00 00 00 00 00  

--- Get EMV Exception List (84-0C)

2026/8/28 14:50:25.786 [TX] - 56 69 56 4F 74 65 63 68 32 00 84 0C 00 04 40 80 00 00 C5 CA 
2026/8/28 14:50:25.797 [RX] - 56 69 56 4F 74 65 63 68 32 00 84 60 00 00 E8 45 00 00 00 00 00 00 00 00 00 00 00 00 00 00 00 00 00 00 00 00 00 00 00 00 00 00 00 00 00 00 00 00 00 00 00 00 00 00 00 00 00 00 00 00 00 00 00  

 ---------- END OF TEST ----------

 Result = PASSED


Docklight Log File (HEX) - Stopped 2026/8/28 14:50:26.304 

