Docklight Log File (HEX) - Started 2026/9/3 15:45:41.857 
 TEST CASE: VL002

 --- Set POS COM PORT Settings
 Set POS COM PORT...
 POS operating on COM90 @ 115200 baud...
 Set POS COM PORT - COMPLETE

 --- Configure Buttons: 00 01 10

2026/9/3 15:45:44.303 [TX] - 56 69 56 4F 74 65 63 68 32 00 F0 F4 00 03 00 01 10 D7 CC 
2026/9/3 15:45:44.306 [RX] - 56 69 56 4F 74 65 63 68 32 00 F0 00 00 00 FB AA 00 00 00 00 00 00 00 00 00 00 00 00 00 00 00 00 00 00 00 00 00 00 00 00 00 00 00 00 00 00 00 00 00 00 00 00 00 00 00 00 00 00 00 00 00 00 00  

 --- Get Configuration

2026/9/3 15:45:46.596 [TX] - 56 69 56 4F 74 65 63 68 32 00 F0 F5 00 00 08 F3 
2026/9/3 15:45:46.609 [RX] - 56 69 56 4F 74 65 63 68 32 00 F0 00 00 03 00 01 10 5B CA 00 00 00 00 00 00 00 00 00 00 00 00 00 00 00 00 00 00 00 00 00 00 00 00 00 00 00 00 00 00 00 00 00 00 00 00 00 00 00 00 00 00 00 00 02 03 4B 0E 00 00 00 00 00 00 00 00 00 00 00 00 00 00 00 00 00 00 00 00 00 00 00 00 00 00 00 00 00 00 00 00 00 00 00 00 00 00 00 00 00 00 00 00 00 00 00 00 00 00 00 00 00 00 00 00 00 00 00  

 --- Language Option for LCD display: English

2026/9/3 15:45:48.016 [TX] - 56 69 56 4F 74 65 63 68 32 00 04 00 00 05 DF EE 38 01 00 6D B1 
2026/9/3 15:45:48.099 [RX] - 56 69 56 4F 74 65 63 68 32 00 04 00 00 00 AE 16 00 00 00 00 00 00 00 00 00 00 00 00 00 00 00 00 00 00 00 00 00 00 00 00 00 00 00 00 00 00 00 00 00 00 00 00 00 00 00 00 00 00 00 00 00 00 00  

 --- Language Option for LCD display: English + French

2026/9/3 15:45:55.351 [TX] - 56 69 56 4F 74 65 63 68 32 00 04 00 00 05 DF EE 38 01 05 C8 E1 
2026/9/3 15:45:55.473 [RX] - 56 69 56 4F 74 65 63 68 32 00 04 00 00 00 AE 16 00 00 00 00 00 00 00 00 00 00 00 00 00 00 00 00 00 00 00 00 00 00 00 00 00 00 00 00 00 00 00 00 00 00 00 00 00 00 00 00 00 00 00 00 00 00 00  

 --- Language Option for LCD display: English

2026/9/3 15:45:58.963 [TX] - 56 69 56 4F 74 65 63 68 32 00 04 00 00 05 DF EE 38 01 00 6D B1 
2026/9/3 15:45:59.148 [RX] - 56 69 56 4F 74 65 63 68 32 00 04 00 00 00 AE 16 00 00 00 00 00 00 00 00 00 00 00 00 00 00 00 00 00 00 00 00 00 00 00 00 00 00 00 00 00 00 00 00 00 00 00 00 00 00 00 00 00 00 00 00 00 00 00  

 ---------- END OF TEST ----------
 

 Result = PASSED


Docklight Log File (HEX) - Stopped 2026/9/3 15:46:01.783 

