Docklight Log File (HEX) - Started 2026/8/14 08:06:18.320 
 


 //////////////    CL Transaction test # 1  //////////////

2026/8/14 08:06:23.664 [TX] - 56 69 56 4F 74 65 63 68 32 00 18 01 00 00 B3 CD 
2026/8/14 08:06:23.678 [RX] - 01 56 69 56 4F 74 65 63 68 32 00 18 00 00 00 FA 83 00 00 00 00 00 00 00 00 00 00 00 00 00 00 00 00 00 00 00 00 00 00 00 00 00 00 00 00 00 00 00 00 00 00 00 00 00 00 00 00 00 00 00 00 00 00 00  

 --- 02-40 ACT_CL only

2026/8/14 08:06:24.183 [TX] - 56 69 56 4F 74 65 63 68 32 00 02 40 00 0F 0A 9F 02 06 00 00 00 00 10 00 DF EF 37 01 02 9F 14 
2026/8/14 08:06:24.705 [RX] - 02 56 69 56 4F 74 65 63 68 32 00 02 23 01 F2 21 DF EE 26 02 21 00 DF 81 16 0D 1E 04 00 00 00 00 00 00 00 00 00 00 00 DF 81 29 08 30 F0 F0 00 B0 F0 FF 00 FF 81 06 1E 9F 42 02 09 78 DF 81 0B 01 
2026/8/14 08:06:24.705 [RX] - 03 00 DF 81 15 06 00 00 00 00 00 FF DF 81 0E 01 00 DF 81 0F 01 00 FF 81 05 82 01 5A 4F 07 A0 00 00 00 04 10 10 50 0F 50 50 43 20 4D 43 44 20 30 31 20 20 76 32 30 57 11 54 13 33 00 89 60 00 10 
2026/8/14 08:06:24.705 [RX] - 03 D1 41 22 01 01 23 40 91 72 5A 08 54 13 33 00 89 60 00 10 82 02 59 80 84 07 A0 00 00 00 04 10 10 8E 0E 00 00 00 00 00 00 00 00 42 03 5E 03 1F 03 95 05 24 20 00 00 01 9A 03 00 01 03 9B 02 00 
2026/8/14 08:06:24.705 [RX] - 03 00 9C 01 00 5F 24 03 14 12 31 5F 25 03 04 01 01 5F 28 02 00 56 5F 34 01 01 9F 01 00 9F 02 06 00 00 00 00 10 00 9F 03 06 00 00 00 00 00 00 9F 06 07 A0 00 00 00 04 10 10 9F 07 02 FF 00 9F 09 
2026/8/14 08:06:24.705 [RX] - 03 02 00 02 9F 0D 05 00 00 00 00 00 9F 0E 05 00 00 00 00 00 9F 0F 05 00 00 00 00 00 9F 10 12 01 10 A0 00 09 22 80 00 00 00 00 00 00 00 00 00 00 FF 9F 15 02 11 11 9F 16 00 9F 1A 02 08 40 9F 1C 
2026/8/14 08:06:24.705 [RX] - 03 00 9F 1D 08 6C FF 00 00 00 00 00 00 9F 1E 08 33 5A 30 30 30 33 37 34 9F 21 03 04 23 30 9F 26 08 0B A5 8F 01 30 9B 36 8B 9F 27 01 80 9F 2A 01 02 9F 33 03 00 08 08 9F 34 03 1F 03 02 9F 35 01 
2026/8/14 08:06:24.705 [RX] - 03 22 9F 36 02 5F 6B 9F 37 04 71 9B 2D 0F 9F 39 01 07 9F 40 05 00 00 00 00 00 9F 41 04 00 00 07 20 9F 42 02 09 78 9F 4E 00 9F 53 01 00 9F 6D 02 00 01 DF EE 76 05 24 20 00 00 01 DF 81 16 0D 1B 
2026/8/14 08:06:24.705 [RX] - 03 00 00 00 00 00 00 00 00 00 00 00 00 DF 81 0C 01 02 96 08 02 00 00 00 00 00 00 00 DF EE 4C 01 03 DF EC 1C 1E 08 03 00 03 FF 00 1B 00 00 00 00 00 81 0C 01 02 96 08 02 00 00 00 00 00 00 00 00 
2026/8/14 08:06:24.705 [RX] - 04 00 FF 00 DF EF 7B 01 00 26 14 00 00 00 00 00 00 00 00 00 00 00 00 00 00 00 00 00 00 00 00 00 00 00 00 00 00 00 00 00 00 00 00 00 00 00 00 00 00 00 00 00 00 00 00 00 00 00 00 00 00 00 00 00  

--- 05-01 Cancel

2026/8/14 08:06:25.729 [TX] - 56 69 56 4F 74 65 63 68 32 00 05 01 00 00 92 EF 
2026/8/14 08:06:25.757 [RX] - 01 56 69 56 4F 74 65 63 68 32 00 05 00 00 00 D8 A2 00 00 00 00 00 00 00 00 00 00 00 00 00 00 00 00 00 00 00 00 00 00 00 00 00 00 00 00 00 00 00 00 00 00 00 00 00 00 00 00 00 00 00 00 00 00 00 

Docklight Log File (HEX) - Stopped 2026/8/14 08:06:26.126 

