Docklight Log File (HEX) - Started 2026/9/15 16:53:30.867 
 


 //////////////    CL Transaction test # 1  //////////////

2026/9/15 16:53:33.140 [TX] - 56 69 56 4F 74 65 63 68 32 00 18 01 00 00 B3 CD 
2026/9/15 16:53:33.155 [RX] - 01 56 69 56 4F 74 65 63 68 32 00 18 00 00 00 FA 83 00 00 00 00 00 00 00 00 00 00 00 00 00 00 00 00 00 00 00 00 00 00 00 00 00 00 00 00 00 00 00 00 00 00 00 00 00 00 00 00 00 00 00 00 00 00 00  

 --- 02-40 ACT_CL only

2026/9/15 16:53:33.645 [TX] - 56 69 56 4F 74 65 63 68 32 00 02 40 00 0F 0A 9F 02 06 00 00 00 00 10 00 DF EF 37 01 02 9F 14 
2026/9/15 16:53:33.874 [RX] - 01 56 69 56 4F 74 65 63 68 32 00 61 01 00 10 03 00 00 02 00 45 4E 03 00 82 54 1C 02 00 00 60 35 7A 00 00 00 00 00 00 00 00 00 00 00 00 00 00 00 00 00 00 00 00 00 00 00 00 00 00 00 00 00 00 00 
2026/9/15 16:53:33.883 [RX] - 01 56 69 56 4F 74 65 63 68 32 00 61 01 00 1A 04 00 00 02 00 45 4E 0D 00 84 01 1C 04 24 1C 04 31 30 2E 30 30 1C 02 00 F4 21 DF 2B 00 00 00 00 00 00 00 00 00 00 00 00 00 00 00 00 00 00 00 00 00 
2026/9/15 16:53:33.888 [RX] - 01 56 69 56 4F 74 65 63 68 32 00 61 01 00 10 03 00 00 02 00 45 4E 03 00 82 1A 1C 02 00 F4 21 58 29 00 00 00 00 00 00 00 00 00 00 00 00 00 00 00 00 00 00 00 00 00 00 00 00 00 00 00 00 00 00 00 
2026/9/15 16:53:34.075 [RX] - 01 56 69 56 4F 74 65 63 68 32 00 61 01 00 10 03 00 00 02 00 45 4E 03 00 82 68 1C 02 00 F4 21 96 F5 00 00 00 00 00 00 00 00 00 00 00 00 00 00 00 00 00 00 00 00 00 00 00 00 00 00 00 00 00 00 00 
2026/9/15 16:53:34.135 [RX] - 01 56 69 56 4F 74 65 63 68 32 00 61 01 00 10 03 00 00 02 00 45 4E 03 00 82 15 1C 02 00 F4 21 9D 2A 00 00 00 00 00 00 00 00 00 00 00 00 00 00 00 00 00 00 00 00 00 00 00 00 00 00 00 00 00 00 00 
2026/9/15 16:53:34.245 [RX] - 02 56 69 56 4F 74 65 63 68 32 00 02 23 02 33 E1 DF EE 26 02 E1 00 DF EE 12 0A FF FF 98 76 54 32 22 20 00 05 DF EF 4C 06 00 00 00 00 00 00 DF EF 4D 00 DF 81 16 16 1E 04 00 00 00 00 00 00 00 00 
2026/9/15 16:53:34.246 [RX] - 03 00 00 00 00 00 00 00 00 00 00 00 00 DF 81 29 08 30 F0 F0 00 B0 F0 FF 00 FF 81 06 1E DF 81 15 06 00 00 00 00 00 FF 9F 42 02 09 78 DF 81 0B 01 00 DF 81 0E 01 00 DF 81 0F 01 00 FF 81 05 82 01 
2026/9/15 16:53:34.247 [RX] - 03 78 4F 07 A0 00 00 00 04 10 10 50 0F 50 50 43 20 4D 43 44 20 30 31 20 20 76 32 30 57 A1 11 54 13 CC CC CC CC 00 10 D1 41 2C CC CC CC CC CC CC 57 C1 18 79 A0 D5 A6 40 32 17 E2 92 1A 03 33 64 
2026/9/15 16:53:34.248 [RX] - 03 FD A6 E2 2A 89 07 EE AC 80 4E 95 5A A1 08 54 13 CC CC CC CC 00 10 5A C1 10 AE 21 B5 E8 60 11 BA 8B 39 8D 03 B7 E0 A7 9F 67 5F 24 03 14 12 31 5F 25 03 04 01 01 5F 28 02 00 56 5F 34 01 01 82 
2026/9/15 16:53:34.249 [RX] - 03 02 59 80 84 07 A0 00 00 00 04 10 10 8E 0E 00 00 00 00 00 00 00 00 42 03 5E 03 1F 03 95 05 24 40 00 00 01 9A 03 26 09 15 9B 02 00 00 9C 01 00 9F 01 00 9F 02 06 00 00 00 00 10 00 9F 06 07 A0 
2026/9/15 16:53:34.250 [RX] - 03 00 00 00 04 10 10 9F 07 02 FF 00 9F 09 02 00 02 9F 0D 05 00 00 00 00 00 9F 0E 05 00 00 00 00 00 9F 0F 05 00 00 00 00 00 9F 10 12 01 10 A0 00 09 22 80 00 00 00 00 00 00 00 00 00 00 FF 9F 15 
2026/9/15 16:53:34.251 [RX] - 03 02 11 11 9F 16 00 9F 1A 02 08 40 9F 1C 00 9F 1D 08 6C FF 00 00 00 00 00 00 9F 1E 08 35 54 31 37 30 36 30 35 9F 21 03 08 53 12 9F 26 08 0B A5 8F 01 30 9B 36 8B 9F 27 01 80 9F 2A 01 02 9F 33 
2026/9/15 16:53:34.252 [RX] - 03 03 00 08 08 9F 34 03 1F 03 02 9F 35 01 22 9F 36 02 5F 6B 9F 37 04 83 A3 A9 30 9F 39 01 07 9F 40 05 00 00 00 00 00 9F 41 04 00 00 00 32 9F 4E 00 9F 6D 02 00 01 DF EE 76 05 24 40 00 00 01 DF 
2026/9/15 16:53:34.253 [RX] - 03 81 16 16 1B 00 00 00 00 00 00 00 00 00 00 00 00 00 00 00 00 00 00 00 00 00 FF EE 01 05 DF EE 30 01 00 DF EE 4C 01 03 DF EC 1C 1E 08 03 00 03 FF 00 1B 00 00 00 00 FF 00 00 00 00 00 00 00 00 
2026/9/15 16:53:34.254 [RX] - 04 00 00 00 00 00 00 00 00 FF 00 95 44 00 00 00 00 00 00 00 00 00 00 00 00 00 00 00 00 00 00 00 00 00 00 00 00 00 00 00 00 00 00 00 00 00 00 00 00 00 00 00 00 00 00 00 00 00 00 00 00 00 00 00  

--- 05-01 Cancel

2026/9/15 16:53:35.276 [TX] - 56 69 56 4F 74 65 63 68 32 00 05 01 00 00 92 EF 
2026/9/15 16:53:35.357 [RX] - 01 56 69 56 4F 74 65 63 68 32 00 61 01 00 10 03 00 00 02 00 45 4E 03 00 82 21 1C 02 00 20 23 4D A6 00 00 00 00 00 00 00 00 00 00 00 00 00 00 00 00 00 00 00 00 00 00 00 00 00 00 00 00 00 00 00 
2026/9/15 16:53:35.360 [RX] - 01 56 69 56 4F 74 65 63 68 32 00 61 01 00 10 03 00 00 02 00 45 4E 03 00 82 23 1C 02 00 00 20 F0 63 00 00 00 00 00 00 00 00 00 00 00 00 00 00 00 00 00 00 00 00 00 00 00 00 00 00 00 00 00 00 00 
2026/9/15 16:53:35.364 [RX] - 01 56 69 56 4F 74 65 63 68 32 00 05 00 00 00 D8 A2 00 00 00 00 00 00 00 00 00 00 00 00 00 00 00 00 00 00 00 00 00 00 00 00 00 00 00 00 00 00 00 00 00 00 00 00 00 00 00 00 00 00 00 00 00 00 00  


 //////////////    CL Transaction test # 2  //////////////

2026/9/15 16:53:36.292 [RX] - 01 56 69 56 4F 74 65 63 68 32 00 61 01 00 10 03 00 00 02 00 45 4E 03 00 82 03 1C 02 00 20 23 F3 EE 00 00 00 00 00 00 00 00 00 00 00 00 00 00 00 00 00 00 00 00 00 00 00 00 00 00 00 00 00 00 00 
2026/9/15 16:53:36.293 [RX] - 01 56 69 56 4F 74 65 63 68 32 00 03 00 00 00 FF 3B 00 00 00 00 00 00 00 00 00 00 00 00 00 00 00 00 00 00 00 00 00 00 00 00 00 00 00 00 00 00 00 00 00 00 00 00 00 00 00 00 00 00 00 00 00 00 00 
2026/9/15 16:53:36.298 [TX] - 56 69 56 4F 74 65 63 68 32 00 18 01 00 00 B3 CD 
2026/9/15 16:53:36.302 [RX] - 01 56 69 56 4F 74 65 63 68 32 00 61 01 00 10 03 00 00 02 00 45 4E 03 00 82 23 1C 02 00 00 20 F0 63 00 00 00 00 00 00 00 00 00 00 00 00 00 00 00 00 00 00 00 00 00 00 00 00 00 00 00 00 00 00 00 
2026/9/15 16:53:36.306 [RX] - 01 56 69 56 4F 74 65 63 68 32 00 18 00 00 00 FA 83 00 00 00 00 00 00 00 00 00 00 00 00 00 00 00 00 00 00 00 00 00 00 00 00 00 00 00 00 00 00 00 00 00 00 00 00 00 00 00 00 00 00 00 00 00 00 00  

 --- 02-40 ACT_CL only

2026/9/15 16:53:36.815 [TX] - 56 69 56 4F 74 65 63 68 32 00 02 40 00 0F 0A 9F 02 06 00 00 00 00 10 00 DF EF 37 01 02 9F 14 
2026/9/15 16:53:37.063 [RX] - 01 56 69 56 4F 74 65 63 68 32 00 61 01 00 10 03 00 00 02 00 45 4E 03 00 82 54 1C 02 00 00 60 35 7A 00 00 00 00 00 00 00 00 00 00 00 00 00 00 00 00 00 00 00 00 00 00 00 00 00 00 00 00 00 00 00 
2026/9/15 16:53:37.068 [RX] - 01 56 69 56 4F 74 65 63 68 32 00 61 01 00 1A 04 00 00 02 00 45 4E 0D 00 84 01 1C 04 24 1C 04 31 30 2E 30 30 1C 02 00 F4 21 DF 2B 00 00 00 00 00 00 00 00 00 00 00 00 00 00 00 00 00 00 00 00 00 
2026/9/15 16:53:37.073 [RX] - 01 56 69 56 4F 74 65 63 68 32 00 61 01 00 10 03 00 00 02 00 45 4E 03 00 82 1A 1C 02 00 F4 21 58 29 00 00 00 00 00 00 00 00 00 00 00 00 00 00 00 00 00 00 00 00 00 00 00 00 00 00 00 00 00 00 00 
2026/9/15 16:53:37.261 [RX] - 01 56 69 56 4F 74 65 63 68 32 00 61 01 00 10 03 00 00 02 00 45 4E 03 00 82 68 1C 02 00 F4 21 96 F5 00 00 00 00 00 00 00 00 00 00 00 00 00 00 00 00 00 00 00 00 00 00 00 00 00 00 00 00 00 00 00 
2026/9/15 16:53:37.321 [RX] - 01 56 69 56 4F 74 65 63 68 32 00 61 01 00 10 03 00 00 02 00 45 4E 03 00 82 15 1C 02 00 F4 21 9D 2A 00 00 00 00 00 00 00 00 00 00 00 00 00 00 00 00 00 00 00 00 00 00 00 00 00 00 00 00 00 00 00 
2026/9/15 16:53:37.515 [RX] - 02 56 69 56 4F 74 65 63 68 32 00 02 23 02 33 E1 DF EE 26 02 E1 00 DF EE 12 0A FF FF 98 76 54 32 22 20 00 06 DF EF 4C 06 00 00 00 00 00 00 DF EF 4D 00 DF 81 16 16 1E 04 00 00 00 00 00 00 00 00 
2026/9/15 16:53:37.516 [RX] - 03 00 00 00 00 00 00 00 00 00 00 00 00 DF 81 29 08 30 F0 F0 00 B0 F0 FF 00 FF 81 06 1E DF 81 15 06 00 00 00 00 00 FF 9F 42 02 09 78 DF 81 0B 01 00 DF 81 0E 01 00 DF 81 0F 01 00 FF 81 05 82 01 
2026/9/15 16:53:37.517 [RX] - 03 78 4F 07 A0 00 00 00 04 10 10 50 0F 50 50 43 20 4D 43 44 20 30 31 20 20 76 32 30 57 A1 11 54 13 CC CC CC CC 00 10 D1 41 2C CC CC CC CC CC CC 57 C1 18 77 C8 50 A5 18 49 E8 FE EE BB 40 A2 C0 
2026/9/15 16:53:37.518 [RX] - 03 F0 AC FA 20 A7 06 79 07 FD E8 ED 5A A1 08 54 13 CC CC CC CC 00 10 5A C1 10 BC 27 55 DA 02 40 84 64 D3 CE A3 29 C1 AE D2 B2 5F 24 03 14 12 31 5F 25 03 04 01 01 5F 28 02 00 56 5F 34 01 01 82 
2026/9/15 16:53:37.519 [RX] - 03 02 59 80 84 07 A0 00 00 00 04 10 10 8E 0E 00 00 00 00 00 00 00 00 42 03 5E 03 1F 03 95 05 24 40 00 00 01 9A 03 26 09 15 9B 02 00 00 9C 01 00 9F 01 00 9F 02 06 00 00 00 00 10 00 9F 06 07 A0 
2026/9/15 16:53:37.520 [RX] - 03 00 00 00 04 10 10 9F 07 02 FF 00 9F 09 02 00 02 9F 0D 05 00 00 00 00 00 9F 0E 05 00 00 00 00 00 9F 0F 05 00 00 00 00 00 9F 10 12 01 10 A0 00 09 22 80 00 00 00 00 00 00 00 00 00 00 FF 9F 15 
2026/9/15 16:53:37.521 [RX] - 03 02 11 11 9F 16 00 9F 1A 02 08 40 9F 1C 00 9F 1D 08 6C FF 00 00 00 00 00 00 9F 1E 08 35 54 31 37 30 36 30 35 9F 21 03 08 53 15 9F 26 08 0B A5 8F 01 30 9B 36 8B 9F 27 01 80 9F 2A 01 02 9F 33 
2026/9/15 16:53:37.522 [RX] - 03 03 00 08 08 9F 34 03 1F 03 02 9F 35 01 22 9F 36 02 5F 6B 9F 37 04 74 F5 8F 62 9F 39 01 07 9F 40 05 00 00 00 00 00 9F 41 04 00 00 00 33 9F 4E 00 9F 6D 02 00 01 DF EE 76 05 24 40 00 00 01 DF 
2026/9/15 16:53:37.523 [RX] - 03 81 16 16 1B 00 00 00 00 00 00 00 00 00 00 00 00 00 00 00 00 00 00 00 00 00 FF EE 01 05 DF EE 30 01 00 DF EE 4C 01 03 DF EC 1C 1E 08 03 00 03 FF 00 1B 00 00 00 00 FF 00 00 00 00 00 00 00 00 
2026/9/15 16:53:37.524 [RX] - 04 00 00 00 00 00 00 00 00 FF 00 EF 0A 00 00 00 00 00 00 00 00 00 00 00 00 00 00 00 00 00 00 00 00 00 00 00 00 00 00 00 00 00 00 00 00 00 00 00 00 00 00 00 00 00 00 00 00 00 00 00 00 00 00 00  

--- 05-01 Cancel

2026/9/15 16:53:38.544 [TX] - 56 69 56 4F 74 65 63 68 32 00 05 01 00 00 92 EF 
2026/9/15 16:53:38.626 [RX] - 01 56 69 56 4F 74 65 63 68 32 00 61 01 00 10 03 00 00 02 00 45 4E 03 00 82 21 1C 02 00 20 23 4D A6 00 00 00 00 00 00 00 00 00 00 00 00 00 00 00 00 00 00 00 00 00 00 00 00 00 00 00 00 00 00 00 
2026/9/15 16:53:38.644 [RX] - 01 56 69 56 4F 74 65 63 68 32 00 61 01 00 10 03 00 00 02 00 45 4E 03 00 82 23 1C 02 00 00 20 F0 63 00 00 00 00 00 00 00 00 00 00 00 00 00 00 00 00 00 00 00 00 00 00 00 00 00 00 00 00 00 00 00 
2026/9/15 16:53:38.663 [RX] - 01 56 69 56 4F 74 65 63 68 32 00 05 00 00 00 D8 A2 00 00 00 00 00 00 00 00 00 00 00 00 00 00 00 00 00 00 00 00 00 00 00 00 00 00 00 00 00 00 00 00 00 00 00 00 00 00 00 00 00 00 00 00 00 00 00 
2026/9/15 16:53:39.376 [RX] - 01 56 69 56 4F 74 65 63 68 32 00 61 01 00 10 03 00 00 02 00 45 4E 03 00 82 03 1C 02 00 20 23 F3 EE 00 00 00 00 00 00 00 00 00 00 00 00 00 00 00 00 00 00 00 00 00 00 00 00 00 00 00 00 00 00 00 
2026/9/15 16:53:39.377 [RX] - 01 56 69 56 4F 74 65 63 68 32 00 03 00 00 00 FF 3B 00 00 00 00 00 00 00 00 00 00 00 00 00 00 00 00 00 00 00 00 00 00 00 00 00 00 00 00 00 00 00 00 00 00 00 00 00 00 00 00 00 00 00 00 00 00 00 
2026/9/15 16:53:39.385 [RX] - 01 56 69 56 4F 74 65 63 68 32 00 61 01 00 10 03 00 00 02 00 45 4E 03 00 82 23 1C 02 00 00 20 F0 63 00 00 00 00 00 00 00 00 00 00 00 00 00 00 00 00 00 00 00 00 00 00 00 00 00 00 00 00 00 00 00  


 //////////////    CL Transaction test # 3  //////////////

2026/9/15 16:53:39.568 [TX] - 56 69 56 4F 74 65 63 68 32 00 18 01 00 00 B3 CD 
2026/9/15 16:53:39.604 [RX] - 01 56 69 56 4F 74 65 63 68 32 00 18 00 00 00 FA 83 00 00 00 00 00 00 00 00 00 00 00 00 00 00 00 00 00 00 00 00 00 00 00 00 00 00 00 00 00 00 00 00 00 00 00 00 00 00 00 00 00 00 00 00 00 00 00  

 --- 02-40 ACT_CL only

2026/9/15 16:53:40.080 [TX] - 56 69 56 4F 74 65 63 68 32 00 02 40 00 0F 0A 9F 02 06 00 00 00 00 10 00 DF EF 37 01 02 9F 14 
2026/9/15 16:53:40.330 [RX] - 01 56 69 56 4F 74 65 63 68 32 00 61 01 00 10 03 00 00 02 00 45 4E 03 00 82 54 1C 02 00 00 60 35 7A 00 00 00 00 00 00 00 00 00 00 00 00 00 00 00 00 00 00 00 00 00 00 00 00 00 00 00 00 00 00 00 
2026/9/15 16:53:40.335 [RX] - 01 56 69 56 4F 74 65 63 68 32 00 61 01 00 1A 04 00 00 02 00 45 4E 0D 00 84 01 1C 04 24 1C 04 31 30 2E 30 30 1C 02 00 F4 21 DF 2B 00 00 00 00 00 00 00 00 00 00 00 00 00 00 00 00 00 00 00 00 00 
2026/9/15 16:53:40.340 [RX] - 01 56 69 56 4F 74 65 63 68 32 00 61 01 00 10 03 00 00 02 00 45 4E 03 00 82 1A 1C 02 00 F4 21 58 29 00 00 00 00 00 00 00 00 00 00 00 00 00 00 00 00 00 00 00 00 00 00 00 00 00 00 00 00 00 00 00 
2026/9/15 16:53:40.528 [RX] - 01 56 69 56 4F 74 65 63 68 32 00 61 01 00 10 03 00 00 02 00 45 4E 03 00 82 68 1C 02 00 F4 21 96 F5 00 00 00 00 00 00 00 00 00 00 00 00 00 00 00 00 00 00 00 00 00 00 00 00 00 00 00 00 00 00 00 
2026/9/15 16:53:40.588 [RX] - 01 56 69 56 4F 74 65 63 68 32 00 61 01 00 10 03 00 00 02 00 45 4E 03 00 82 15 1C 02 00 F4 21 9D 2A 00 00 00 00 00 00 00 00 00 00 00 00 00 00 00 00 00 00 00 00 00 00 00 00 00 00 00 00 00 00 00 
2026/9/15 16:53:40.713 [RX] - 02 56 69 56 4F 74 65 63 68 32 00 02 23 02 33 E1 DF EE 26 02 E1 00 DF EE 12 0A FF FF 98 76 54 32 22 20 00 07 DF EF 4C 06 00 00 00 00 00 00 DF EF 4D 00 DF 81 16 16 1E 04 00 00 00 00 00 00 00 00 
2026/9/15 16:53:40.713 [RX] - 03 00 00 00 00 00 00 00 00 00 00 00 00 DF 81 29 08 30 F0 F0 00 B0 F0 FF 00 FF 81 06 1E DF 81 15 06 00 00 00 00 00 FF 9F 42 02 09 78 DF 81 0B 01 00 DF 81 0E 01 00 DF 81 0F 01 00 FF 81 05 82 01 
2026/9/15 16:53:40.713 [RX] - 03 78 4F 07 A0 00 00 00 04 10 10 50 0F 50 50 43 20 4D 43 44 20 30 31 20 20 76 32 30 57 A1 11 54 13 CC CC CC CC 00 10 D1 41 2C CC CC CC CC CC CC 57 C1 18 F6 0A 6C CE CE B8 BE 31 5B FB D7 76 55 
2026/9/15 16:53:40.713 [RX] - 03 B7 78 4B 89 4C FB 74 B3 25 92 0C 5A A1 08 54 13 CC CC CC CC 00 10 5A C1 10 91 F1 0E 52 BE 22 70 25 95 BB 29 B5 62 D3 85 D4 5F 24 03 14 12 31 5F 25 03 04 01 01 5F 28 02 00 56 5F 34 01 01 82 
2026/9/15 16:53:40.713 [RX] - 03 02 59 80 84 07 A0 00 00 00 04 10 10 8E 0E 00 00 00 00 00 00 00 00 42 03 5E 03 1F 03 95 05 24 40 00 00 01 9A 03 26 09 15 9B 02 00 00 9C 01 00 9F 01 00 9F 02 06 00 00 00 00 10 00 9F 06 07 A0 
2026/9/15 16:53:40.713 [RX] - 03 00 00 00 04 10 10 9F 07 02 FF 00 9F 09 02 00 02 9F 0D 05 00 00 00 00 00 9F 0E 05 00 00 00 00 00 9F 0F 05 00 00 00 00 00 9F 10 12 01 10 A0 00 09 22 80 00 00 00 00 00 00 00 00 00 00 FF 9F 15 
2026/9/15 16:53:40.713 [RX] - 03 02 11 11 9F 16 00 9F 1A 02 08 40 9F 1C 00 9F 1D 08 6C FF 00 00 00 00 00 00 9F 1E 08 35 54 31 37 30 36 30 35 9F 21 03 08 53 19 9F 26 08 0B A5 8F 01 30 9B 36 8B 9F 27 01 80 9F 2A 01 02 9F 33 
2026/9/15 16:53:40.713 [RX] - 03 03 00 08 08 9F 34 03 1F 03 02 9F 35 01 22 9F 36 02 5F 6B 9F 37 04 A1 F9 F9 E0 9F 39 01 07 9F 40 05 00 00 00 00 00 9F 41 04 00 00 00 34 9F 4E 00 9F 6D 02 00 01 DF EE 76 05 24 40 00 00 01 DF 
2026/9/15 16:53:40.713 [RX] - 03 81 16 16 1B 00 00 00 00 00 00 00 00 00 00 00 00 00 00 00 00 00 00 00 00 00 FF EE 01 05 DF EE 30 01 00 DF EE 4C 01 03 DF EC 1C 1E 08 03 00 03 FF 00 1B 00 00 00 00 FF 00 00 00 00 00 00 00 00 
2026/9/15 16:53:40.713 [RX] - 04 00 00 00 00 00 00 00 00 FF 00 7D A3 00 00 00 00 00 00 00 00 00 00 00 00 00 00 00 00 00 00 00 00 00 00 00 00 00 00 00 00 00 00 00 00 00 00 00 00 00 00 00 00 00 00 00 00 00 00 00 00 00 00 00  

--- 05-01 Cancel

2026/9/15 16:53:41.729 [TX] - 56 69 56 4F 74 65 63 68 32 00 05 01 00 00 92 EF 
2026/9/15 16:53:42.497 [RX] - 01 56 69 56 4F 74 65 63 68 32 00 03 0B 00 00 0F CA 00 00 00 00 00 00 00 00 00 00 00 00 00 00 00 00 00 00 00 00 00 00 00 00 00 00 00 00 00 00 00 00 00 00 00 00 00 00 00 00 00 00 00 00 00 00 00 
2026/9/15 16:53:42.572 [RX] - 01 56 69 56 4F 74 65 63 68 32 00 61 01 00 10 03 00 00 02 00 45 4E 03 00 82 21 1C 02 00 20 23 4D A6 00 00 00 00 00 00 00 00 00 00 00 00 00 00 00 00 00 00 00 00 00 00 00 00 00 00 00 00 00 00 00 
2026/9/15 16:53:42.589 [RX] - 01 56 69 56 4F 74 65 63 68 32 00 61 01 00 10 03 00 00 02 00 45 4E 03 00 82 23 1C 02 00 00 20 F0 63 00 00 00 00 00 00 00 00 00 00 00 00 00 00 00 00 00 00 00 00 00 00 00 00 00 00 00 00 00 00 00 
2026/9/15 16:53:42.593 [RX] - 01 56 69 56 4F 74 65 63 68 32 00 05 00 00 00 D8 A2 00 00 00 00 00 00 00 00 00 00 00 00 00 00 00 00 00 00 00 00 00 00 00 00 00 00 00 00 00 00 00 00 00 00 00 00 00 00 00 00 00 00 00 00 00 00 00 
2026/9/15 16:53:42.602 [RX] - 01 56 69 56 4F 74 65 63 68 32 00 61 01 00 10 03 00 00 02 00 45 4E 03 00 82 03 1C 02 00 20 23 F3 EE 00 00 00 00 00 00 00 00 00 00 00 00 00 00 00 00 00 00 00 00 00 00 00 00 00 00 00 00 00 00 00 
2026/9/15 16:53:42.603 [RX] - 01 56 69 56 4F 74 65 63 68 32 00 03 00 00 00 FF 3B 00 00 00 00 00 00 00 00 00 00 00 00 00 00 00 00 00 00 00 00 00 00 00 00 00 00 00 00 00 00 00 00 00 00 00 00 00 00 00 00 00 00 00 00 00 00 00 
2026/9/15 16:53:42.611 [RX] - 01 56 69 56 4F 74 65 63 68 32 00 61 01 00 10 03 00 00 02 00 45 4E 03 00 82 23 1C 02 00 00 20 F0 63 00 00 00 00 00 00 00 00 00 00 00 00 00 00 00 00 00 00 00 00 00 00 00 00 00 00 00 00 00 00 00  


 //////////////    CL Transaction test # 4  //////////////

2026/9/15 16:53:42.754 [TX] - 56 69 56 4F 74 65 63 68 32 00 18 01 00 00 B3 CD 
2026/9/15 16:53:42.763 [RX] - 01 56 69 56 4F 74 65 63 68 32 00 18 00 00 00 FA 83 00 00 00 00 00 00 00 00 00 00 00 00 00 00 00 00 00 00 00 00 00 00 00 00 00 00 00 00 00 00 00 00 00 00 00 00 00 00 00 00 00 00 00 00 00 00 00  

 --- 02-40 ACT_CL only

2026/9/15 16:53:43.270 [TX] - 56 69 56 4F 74 65 63 68 32 00 02 40 00 0F 0A 9F 02 06 00 00 00 00 10 00 DF EF 37 01 02 9F 14 
2026/9/15 16:53:43.521 [RX] - 01 56 69 56 4F 74 65 63 68 32 00 61 01 00 10 03 00 00 02 00 45 4E 03 00 82 54 1C 02 00 00 60 35 7A 00 00 00 00 00 00 00 00 00 00 00 00 00 00 00 00 00 00 00 00 00 00 00 00 00 00 00 00 00 00 00 
2026/9/15 16:53:43.526 [RX] - 01 56 69 56 4F 74 65 63 68 32 00 61 01 00 1A 04 00 00 02 00 45 4E 0D 00 84 01 1C 04 24 1C 04 31 30 2E 30 30 1C 02 00 F4 21 DF 2B 00 00 00 00 00 00 00 00 00 00 00 00 00 00 00 00 00 00 00 00 00 
2026/9/15 16:53:43.531 [RX] - 01 56 69 56 4F 74 65 63 68 32 00 61 01 00 10 03 00 00 02 00 45 4E 03 00 82 1A 1C 02 00 F4 21 58 29 00 00 00 00 00 00 00 00 00 00 00 00 00 00 00 00 00 00 00 00 00 00 00 00 00 00 00 00 00 00 00 
2026/9/15 16:53:43.718 [RX] - 01 56 69 56 4F 74 65 63 68 32 00 61 01 00 10 03 00 00 02 00 45 4E 03 00 82 68 1C 02 00 F4 21 96 F5 00 00 00 00 00 00 00 00 00 00 00 00 00 00 00 00 00 00 00 00 00 00 00 00 00 00 00 00 00 00 00 
2026/9/15 16:53:43.778 [RX] - 01 56 69 56 4F 74 65 63 68 32 00 61 01 00 10 03 00 00 02 00 45 4E 03 00 82 15 1C 02 00 F4 21 9D 2A 00 00 00 00 00 00 00 00 00 00 00 00 00 00 00 00 00 00 00 00 00 00 00 00 00 00 00 00 00 00 00 
2026/9/15 16:53:43.973 [RX] - 02 56 69 56 4F 74 65 63 68 32 00 02 23 02 33 E1 DF EE 26 02 E1 00 DF EE 12 0A FF FF 98 76 54 32 22 20 00 08 DF EF 4C 06 00 00 00 00 00 00 DF EF 4D 00 DF 81 16 16 1E 04 00 00 00 00 00 00 00 00 
2026/9/15 16:53:43.974 [RX] - 03 00 00 00 00 00 00 00 00 00 00 00 00 DF 81 29 08 30 F0 F0 00 B0 F0 FF 00 FF 81 06 1E DF 81 15 06 00 00 00 00 00 FF 9F 42 02 09 78 DF 81 0B 01 00 DF 81 0E 01 00 DF 81 0F 01 00 FF 81 05 82 01 
2026/9/15 16:53:43.975 [RX] - 03 78 4F 07 A0 00 00 00 04 10 10 50 0F 50 50 43 20 4D 43 44 20 30 31 20 20 76 32 30 57 A1 11 54 13 CC CC CC CC 00 10 D1 41 2C CC CC CC CC CC CC 57 C1 18 B9 EC 7A F2 97 E8 97 97 1D 0A 44 EF 2D 
2026/9/15 16:53:43.976 [RX] - 03 70 D5 75 A9 34 70 5A 31 CE 2F D5 5A A1 08 54 13 CC CC CC CC 00 10 5A C1 10 81 E0 DB 53 C1 5B 09 D8 B5 7B E2 65 DD FB 0F 5A 5F 24 03 14 12 31 5F 25 03 04 01 01 5F 28 02 00 56 5F 34 01 01 82 
2026/9/15 16:53:43.977 [RX] - 03 02 59 80 84 07 A0 00 00 00 04 10 10 8E 0E 00 00 00 00 00 00 00 00 42 03 5E 03 1F 03 95 05 24 40 00 00 01 9A 03 26 09 15 9B 02 00 00 9C 01 00 9F 01 00 9F 02 06 00 00 00 00 10 00 9F 06 07 A0 
2026/9/15 16:53:43.978 [RX] - 03 00 00 00 04 10 10 9F 07 02 FF 00 9F 09 02 00 02 9F 0D 05 00 00 00 00 00 9F 0E 05 00 00 00 00 00 9F 0F 05 00 00 00 00 00 9F 10 12 01 10 A0 00 09 22 80 00 00 00 00 00 00 00 00 00 00 FF 9F 15 
2026/9/15 16:53:43.979 [RX] - 03 02 11 11 9F 16 00 9F 1A 02 08 40 9F 1C 00 9F 1D 08 6C FF 00 00 00 00 00 00 9F 1E 08 35 54 31 37 30 36 30 35 9F 21 03 08 53 22 9F 26 08 0B A5 8F 01 30 9B 36 8B 9F 27 01 80 9F 2A 01 02 9F 33 
2026/9/15 16:53:43.980 [RX] - 03 03 00 08 08 9F 34 03 1F 03 02 9F 35 01 22 9F 36 02 5F 6B 9F 37 04 D7 21 B3 FF 9F 39 01 07 9F 40 05 00 00 00 00 00 9F 41 04 00 00 00 35 9F 4E 00 9F 6D 02 00 01 DF EE 76 05 24 40 00 00 01 DF 
2026/9/15 16:53:43.981 [RX] - 03 81 16 16 1B 00 00 00 00 00 00 00 00 00 00 00 00 00 00 00 00 00 00 00 00 00 FF EE 01 05 DF EE 30 01 00 DF EE 4C 01 03 DF EC 1C 1E 08 03 00 03 FF 00 1B 00 00 00 00 FF 00 00 00 00 00 00 00 00 
2026/9/15 16:53:43.982 [RX] - 04 00 00 00 00 00 00 00 00 FF 00 75 A7 00 00 00 00 00 00 00 00 00 00 00 00 00 00 00 00 00 00 00 00 00 00 00 00 00 00 00 00 00 00 00 00 00 00 00 00 00 00 00 00 00 00 00 00 00 00 00 00 00 00 00  

--- 05-01 Cancel

2026/9/15 16:53:44.998 [TX] - 56 69 56 4F 74 65 63 68 32 00 05 01 00 00 92 EF 
2026/9/15 16:53:45.071 [RX] - 01 56 69 56 4F 74 65 63 68 32 00 61 01 00 10 03 00 00 02 00 45 4E 03 00 82 21 1C 02 00 20 23 4D A6 00 00 00 00 00 00 00 00 00 00 00 00 00 00 00 00 00 00 00 00 00 00 00 00 00 00 00 00 00 00 00 
2026/9/15 16:53:45.089 [RX] - 01 56 69 56 4F 74 65 63 68 32 00 61 01 00 10 03 00 00 02 00 45 4E 03 00 82 23 1C 02 00 00 20 F0 63 00 00 00 00 00 00 00 00 00 00 00 00 00 00 00 00 00 00 00 00 00 00 00 00 00 00 00 00 00 00 00 
2026/9/15 16:53:45.093 [RX] - 01 56 69 56 4F 74 65 63 68 32 00 05 00 00 00 D8 A2 00 00 00 00 00 00 00 00 00 00 00 00 00 00 00 00 00 00 00 00 00 00 00 00 00 00 00 00 00 00 00 00 00 00 00 00 00 00 00 00 00 00 00 00 00 00 00  


 //////////////    CL Transaction test # 5  //////////////

2026/9/15 16:53:46.021 [TX] - 56 69 56 4F 74 65 63 68 32 00 18 01 00 00 B3 CD 
2026/9/15 16:53:46.027 [RX] - 01 56 69 56 4F 74 65 63 68 32 00 18 00 00 00 FA 83 00 00 00 00 00 00 00 00 00 00 00 00 00 00 00 00 00 00 00 00 00 00 00 00 00 00 00 00 00 00 00 00 00 00 00 00 00 00 00 00 00 00 00 00 00 00 00 
2026/9/15 16:53:46.036 [RX] - 01 56 69 56 4F 74 65 63 68 32 00 61 01 00 10 03 00 00 02 00 45 4E 03 00 82 03 1C 02 00 20 23 F3 EE 00 00 00 00 00 00 00 00 00 00 00 00 00 00 00 00 00 00 00 00 00 00 00 00 00 00 00 00 00 00 00 
2026/9/15 16:53:46.037 [RX] - 01 56 69 56 4F 74 65 63 68 32 00 03 00 00 00 FF 3B 00 00 00 00 00 00 00 00 00 00 00 00 00 00 00 00 00 00 00 00 00 00 00 00 00 00 00 00 00 00 00 00 00 00 00 00 00 00 00 00 00 00 00 00 00 00 00 
2026/9/15 16:53:46.045 [RX] - 01 56 69 56 4F 74 65 63 68 32 00 61 01 00 10 03 00 00 02 00 45 4E 03 00 82 23 1C 02 00 00 20 F0 63 00 00 00 00 00 00 00 00 00 00 00 00 00 00 00 00 00 00 00 00 00 00 00 00 00 00 00 00 00 00 00  

 --- 02-40 ACT_CL only

2026/9/15 16:53:46.537 [TX] - 56 69 56 4F 74 65 63 68 32 00 02 40 00 0F 0A 9F 02 06 00 00 00 00 10 00 DF EF 37 01 02 9F 14 
2026/9/15 16:53:46.775 [RX] - 01 56 69 56 4F 74 65 63 68 32 00 61 01 00 10 03 00 00 02 00 45 4E 03 00 82 54 1C 02 00 00 60 35 7A 00 00 00 00 00 00 00 00 00 00 00 00 00 00 00 00 00 00 00 00 00 00 00 00 00 00 00 00 00 00 00 
2026/9/15 16:53:46.780 [RX] - 01 56 69 56 4F 74 65 63 68 32 00 61 01 00 1A 04 00 00 02 00 45 4E 0D 00 84 01 1C 04 24 1C 04 31 30 2E 30 30 1C 02 00 F4 21 DF 2B 00 00 00 00 00 00 00 00 00 00 00 00 00 00 00 00 00 00 00 00 00 
2026/9/15 16:53:46.785 [RX] - 01 56 69 56 4F 74 65 63 68 32 00 61 01 00 10 03 00 00 02 00 45 4E 03 00 82 1A 1C 02 00 F4 21 58 29 00 00 00 00 00 00 00 00 00 00 00 00 00 00 00 00 00 00 00 00 00 00 00 00 00 00 00 00 00 00 00 
2026/9/15 16:53:46.972 [RX] - 01 56 69 56 4F 74 65 63 68 32 00 61 01 00 10 03 00 00 02 00 45 4E 03 00 82 68 1C 02 00 F4 21 96 F5 00 00 00 00 00 00 00 00 00 00 00 00 00 00 00 00 00 00 00 00 00 00 00 00 00 00 00 00 00 00 00 
2026/9/15 16:53:47.032 [RX] - 01 56 69 56 4F 74 65 63 68 32 00 61 01 00 10 03 00 00 02 00 45 4E 03 00 82 15 1C 02 00 F4 21 9D 2A 00 00 00 00 00 00 00 00 00 00 00 00 00 00 00 00 00 00 00 00 00 00 00 00 00 00 00 00 00 00 00 
2026/9/15 16:53:47.145 [RX] - 02 56 69 56 4F 74 65 63 68 32 00 02 23 02 33 E1 DF EE 26 02 E1 00 DF EE 12 0A FF FF 98 76 54 32 22 20 00 09 DF EF 4C 06 00 00 00 00 00 00 DF EF 4D 00 DF 81 16 16 1E 04 00 00 00 00 00 00 00 00 
2026/9/15 16:53:47.146 [RX] - 03 00 00 00 00 00 00 00 00 00 00 00 00 DF 81 29 08 30 F0 F0 00 B0 F0 FF 00 FF 81 06 1E DF 81 15 06 00 00 00 00 00 FF 9F 42 02 09 78 DF 81 0B 01 00 DF 81 0E 01 00 DF 81 0F 01 00 FF 81 05 82 01 
2026/9/15 16:53:47.147 [RX] - 03 78 4F 07 A0 00 00 00 04 10 10 50 0F 50 50 43 20 4D 43 44 20 30 31 20 20 76 32 30 57 A1 11 54 13 CC CC CC CC 00 10 D1 41 2C CC CC CC CC CC CC 57 C1 18 46 BE 97 E6 CB 9A 64 71 9F FB 58 C0 F7 
2026/9/15 16:53:47.148 [RX] - 03 79 04 D0 24 E6 90 B2 1D C7 BE BF 5A A1 08 54 13 CC CC CC CC 00 10 5A C1 10 19 22 4B 29 C0 BD 0D CA AE 5C 53 CF 9D D1 A1 27 5F 24 03 14 12 31 5F 25 03 04 01 01 5F 28 02 00 56 5F 34 01 01 82 
2026/9/15 16:53:47.149 [RX] - 03 02 59 80 84 07 A0 00 00 00 04 10 10 8E 0E 00 00 00 00 00 00 00 00 42 03 5E 03 1F 03 95 05 24 40 00 00 01 9A 03 26 09 15 9B 02 00 00 9C 01 00 9F 01 00 9F 02 06 00 00 00 00 10 00 9F 06 07 A0 
2026/9/15 16:53:47.150 [RX] - 03 00 00 00 04 10 10 9F 07 02 FF 00 9F 09 02 00 02 9F 0D 05 00 00 00 00 00 9F 0E 05 00 00 00 00 00 9F 0F 05 00 00 00 00 00 9F 10 12 01 10 A0 00 09 22 80 00 00 00 00 00 00 00 00 00 00 FF 9F 15 
2026/9/15 16:53:47.151 [RX] - 03 02 11 11 9F 16 00 9F 1A 02 08 40 9F 1C 00 9F 1D 08 6C FF 00 00 00 00 00 00 9F 1E 08 35 54 31 37 30 36 30 35 9F 21 03 08 53 25 9F 26 08 0B A5 8F 01 30 9B 36 8B 9F 27 01 80 9F 2A 01 02 9F 33 
2026/9/15 16:53:47.152 [RX] - 03 03 00 08 08 9F 34 03 1F 03 02 9F 35 01 22 9F 36 02 5F 6B 9F 37 04 7E 63 1E 06 9F 39 01 07 9F 40 05 00 00 00 00 00 9F 41 04 00 00 00 36 9F 4E 00 9F 6D 02 00 01 DF EE 76 05 24 40 00 00 01 DF 
2026/9/15 16:53:47.153 [RX] - 03 81 16 16 1B 00 00 00 00 00 00 00 00 00 00 00 00 00 00 00 00 00 00 00 00 00 FF EE 01 05 DF EE 30 01 00 DF EE 4C 01 03 DF EC 1C 1E 08 03 00 03 FF 00 1B 00 00 00 00 FF 00 00 00 00 00 00 00 00 
2026/9/15 16:53:47.154 [RX] - 04 00 00 00 00 00 00 00 00 FF 00 3E 3A 00 00 00 00 00 00 00 00 00 00 00 00 00 00 00 00 00 00 00 00 00 00 00 00 00 00 00 00 00 00 00 00 00 00 00 00 00 00 00 00 00 00 00 00 00 00 00 00 00 00 00 
2026/9/15 16:53:47.198 [RX] - 01 56 69 56 4F 74 65 63 68 32 00 61 01 00 10 03 00 00 02 00 45 4E 03 00 82 03 1C 02 00 20 23 F3 EE 00 00 00 00 00 00 00 00 00 00 00 00 00 00 00 00 00 00 00 00 00 00 00 00 00 00 00 00 00 00 00 
2026/9/15 16:53:47.205 [RX] - 01 56 69 56 4F 74 65 63 68 32 00 03 00 00 00 FF 3B 00 00 00 00 00 00 00 00 00 00 00 00 00 00 00 00 00 00 00 00 00 00 00 00 00 00 00 00 00 00 00 00 00 00 00 00 00 00 00 00 00 00 00 00 00 00 00  

--- 05-01 Cancel

2026/9/15 16:53:48.182 [TX] - 56 69 56 4F 74 65 63 68 32 00 05 01 00 00 92 EF 
2026/9/15 16:53:48.281 [RX] - 01 56 69 56 4F 74 65 63 68 32 00 61 01 00 10 03 00 00 02 00 45 4E 03 00 82 21 1C 02 00 20 23 4D A6 00 00 00 00 00 00 00 00 00 00 00 00 00 00 00 00 00 00 00 00 00 00 00 00 00 00 00 00 00 00 00 
2026/9/15 16:53:48.283 [RX] - 01 56 69 56 4F 74 65 63 68 32 00 61 01 00 10 03 00 00 02 00 45 4E 03 00 82 23 1C 02 00 00 20 F0 63 00 00 00 00 00 00 00 00 00 00 00 00 00 00 00 00 00 00 00 00 00 00 00 00 00 00 00 00 00 00 00 
2026/9/15 16:53:48.287 [RX] - 01 56 69 56 4F 74 65 63 68 32 00 05 00 00 00 D8 A2 00 00 00 00 00 00 00 00 00 00 00 00 00 00 00 00 00 00 00 00 00 00 00 00 00 00 00 00 00 00 00 00 00 00 00 00 00 00 00 00 00 00 00 00 00 00 00  


 //////////////    CL Transaction test # 6  //////////////

2026/9/15 16:53:49.207 [TX] - 56 69 56 4F 74 65 63 68 32 00 18 01 00 00 B3 CD 
2026/9/15 16:53:49.220 [RX] - 01 56 69 56 4F 74 65 63 68 32 00 18 00 00 00 FA 83 00 00 00 00 00 00 00 00 00 00 00 00 00 00 00 00 00 00 00 00 00 00 00 00 00 00 00 00 00 00 00 00 00 00 00 00 00 00 00 00 00 00 00 00 00 00 00  

 --- 02-40 ACT_CL only

2026/9/15 16:53:49.732 [TX] - 56 69 56 4F 74 65 63 68 32 00 02 40 00 0F 0A 9F 02 06 00 00 00 00 10 00 DF EF 37 01 02 9F 14 
2026/9/15 16:53:49.990 [RX] - 01 56 69 56 4F 74 65 63 68 32 00 61 01 00 10 03 00 00 02 00 45 4E 03 00 82 54 1C 02 00 00 60 35 7A 00 00 00 00 00 00 00 00 00 00 00 00 00 00 00 00 00 00 00 00 00 00 00 00 00 00 00 00 00 00 00 
2026/9/15 16:53:49.995 [RX] - 01 56 69 56 4F 74 65 63 68 32 00 61 01 00 1A 04 00 00 02 00 45 4E 0D 00 84 01 1C 04 24 1C 04 31 30 2E 30 30 1C 02 00 F4 21 DF 2B 00 00 00 00 00 00 00 00 00 00 00 00 00 00 00 00 00 00 00 00 00 
2026/9/15 16:53:50.000 [RX] - 01 56 69 56 4F 74 65 63 68 32 00 61 01 00 10 03 00 00 02 00 45 4E 03 00 82 1A 1C 02 00 F4 21 58 29 00 00 00 00 00 00 00 00 00 00 00 00 00 00 00 00 00 00 00 00 00 00 00 00 00 00 00 00 00 00 00 
2026/9/15 16:53:50.187 [RX] - 01 56 69 56 4F 74 65 63 68 32 00 61 01 00 10 03 00 00 02 00 45 4E 03 00 82 68 1C 02 00 F4 21 96 F5 00 00 00 00 00 00 00 00 00 00 00 00 00 00 00 00 00 00 00 00 00 00 00 00 00 00 00 00 00 00 00 
2026/9/15 16:53:50.247 [RX] - 01 56 69 56 4F 74 65 63 68 32 00 61 01 00 10 03 00 00 02 00 45 4E 03 00 82 15 1C 02 00 F4 21 9D 2A 00 00 00 00 00 00 00 00 00 00 00 00 00 00 00 00 00 00 00 00 00 00 00 00 00 00 00 00 00 00 00 
2026/9/15 16:53:50.443 [RX] - 02 56 69 56 4F 74 65 63 68 32 00 02 23 02 33 E1 DF EE 26 02 E1 00 DF EE 12 0A FF FF 98 76 54 32 22 20 00 0A DF EF 4C 06 00 00 00 00 00 00 DF EF 4D 00 DF 81 16 16 1E 04 00 00 00 00 00 00 00 00 
2026/9/15 16:53:50.444 [RX] - 03 00 00 00 00 00 00 00 00 00 00 00 00 DF 81 29 08 30 F0 F0 00 B0 F0 FF 00 FF 81 06 1E DF 81 15 06 00 00 00 00 00 FF 9F 42 02 09 78 DF 81 0B 01 00 DF 81 0E 01 00 DF 81 0F 01 00 FF 81 05 82 01 
2026/9/15 16:53:50.445 [RX] - 03 78 4F 07 A0 00 00 00 04 10 10 50 0F 50 50 43 20 4D 43 44 20 30 31 20 20 76 32 30 57 A1 11 54 13 CC CC CC CC 00 10 D1 41 2C CC CC CC CC CC CC 57 C1 18 4D 50 2F A2 FF 8E 90 43 AF 36 F6 75 78 
2026/9/15 16:53:50.446 [RX] - 03 38 0A D7 77 64 CB 22 7F 6E F1 2C 5A A1 08 54 13 CC CC CC CC 00 10 5A C1 10 5A CD DC 38 01 58 C9 23 B7 73 62 5B AE BA 7B 6E 5F 24 03 14 12 31 5F 25 03 04 01 01 5F 28 02 00 56 5F 34 01 01 82 
2026/9/15 16:53:50.447 [RX] - 03 02 59 80 84 07 A0 00 00 00 04 10 10 8E 0E 00 00 00 00 00 00 00 00 42 03 5E 03 1F 03 95 05 24 40 00 00 01 9A 03 26 09 15 9B 02 00 00 9C 01 00 9F 01 00 9F 02 06 00 00 00 00 10 00 9F 06 07 A0 
2026/9/15 16:53:50.448 [RX] - 03 00 00 00 04 10 10 9F 07 02 FF 00 9F 09 02 00 02 9F 0D 05 00 00 00 00 00 9F 0E 05 00 00 00 00 00 9F 0F 05 00 00 00 00 00 9F 10 12 01 10 A0 00 09 22 80 00 00 00 00 00 00 00 00 00 00 FF 9F 15 
2026/9/15 16:53:50.449 [RX] - 03 02 11 11 9F 16 00 9F 1A 02 08 40 9F 1C 00 9F 1D 08 6C FF 00 00 00 00 00 00 9F 1E 08 35 54 31 37 30 36 30 35 9F 21 03 08 53 28 9F 26 08 0B A5 8F 01 30 9B 36 8B 9F 27 01 80 9F 2A 01 02 9F 33 
2026/9/15 16:53:50.450 [RX] - 03 03 00 08 08 9F 34 03 1F 03 02 9F 35 01 22 9F 36 02 5F 6B 9F 37 04 AA 47 17 F9 9F 39 01 07 9F 40 05 00 00 00 00 00 9F 41 04 00 00 00 37 9F 4E 00 9F 6D 02 00 01 DF EE 76 05 24 40 00 00 01 DF 
2026/9/15 16:53:50.451 [RX] - 03 81 16 16 1B 00 00 00 00 00 00 00 00 00 00 00 00 00 00 00 00 00 00 00 00 00 FF EE 01 05 DF EE 30 01 00 DF EE 4C 01 03 DF EC 1C 1E 08 03 00 03 FF 00 1B 00 00 00 00 FF 00 00 00 00 00 00 00 00 
2026/9/15 16:53:50.452 [RX] - 04 00 00 00 00 00 00 00 00 FF 00 A1 7A 00 00 00 00 00 00 00 00 00 00 00 00 00 00 00 00 00 00 00 00 00 00 00 00 00 00 00 00 00 00 00 00 00 00 00 00 00 00 00 00 00 00 00 00 00 00 00 00 00 00 00  

--- 05-01 Cancel

2026/9/15 16:53:51.478 [TX] - 56 69 56 4F 74 65 63 68 32 00 05 01 00 00 92 EF 
2026/9/15 16:53:51.580 [RX] - 01 56 69 56 4F 74 65 63 68 32 00 61 01 00 10 03 00 00 02 00 45 4E 03 00 82 21 1C 02 00 20 23 4D A6 00 00 00 00 00 00 00 00 00 00 00 00 00 00 00 00 00 00 00 00 00 00 00 00 00 00 00 00 00 00 00 
2026/9/15 16:53:51.582 [RX] - 01 56 69 56 4F 74 65 63 68 32 00 61 01 00 10 03 00 00 02 00 45 4E 03 00 82 23 1C 02 00 00 20 F0 63 00 00 00 00 00 00 00 00 00 00 00 00 00 00 00 00 00 00 00 00 00 00 00 00 00 00 00 00 00 00 00 
2026/9/15 16:53:51.586 [RX] - 01 56 69 56 4F 74 65 63 68 32 00 05 00 00 00 D8 A2 00 00 00 00 00 00 00 00 00 00 00 00 00 00 00 00 00 00 00 00 00 00 00 00 00 00 00 00 00 00 00 00 00 00 00 00 00 00 00 00 00 00 00 00 00 00 00 
2026/9/15 16:53:52.483 [RX] - 01 56 69 56 4F 74 65 63 68 32 00 61 01 00 10 03 00 00 02 00 45 4E 03 00 82 03 1C 02 00 20 23 F3 EE 00 00 00 00 00 00 00 00 00 00 00 00 00 00 00 00 00 00 00 00 00 00 00 00 00 00 00 00 00 00 00 
2026/9/15 16:53:52.484 [RX] - 01 56 69 56 4F 74 65 63 68 32 00 03 00 00 00 FF 3B 00 00 00 00 00 00 00 00 00 00 00 00 00 00 00 00 00 00 00 00 00 00 00 00 00 00 00 00 00 00 00 00 00 00 00 00 00 00 00 00 00 00 00 00 00 00 00 
2026/9/15 16:53:52.492 [RX] - 01 56 69 56 4F 74 65 63 68 32 00 61 01 00 10 03 00 00 02 00 45 4E 03 00 82 23 1C 02 00 00 20 F0 63 00 00 00 00 00 00 00 00 00 00 00 00 00 00 00 00 00 00 00 00 00 00 00 00 00 00 00 00 00 00 00  


 //////////////    CL Transaction test # 7  //////////////

2026/9/15 16:53:52.522 [TX] - 56 69 56 4F 74 65 63 68 32 00 18 01 00 00 B3 CD 
2026/9/15 16:53:52.556 [RX] - 01 56 69 56 4F 74 65 63 68 32 00 18 00 00 00 FA 83 00 00 00 00 00 00 00 00 00 00 00 00 00 00 00 00 00 00 00 00 00 00 00 00 00 00 00 00 00 00 00 00 00 00 00 00 00 00 00 00 00 00 00 00 00 00 00  

 --- 02-40 ACT_CL only

2026/9/15 16:53:53.048 [TX] - 56 69 56 4F 74 65 63 68 32 00 02 40 00 0F 0A 9F 02 06 00 00 00 00 10 00 DF EF 37 01 02 9F 14 
2026/9/15 16:53:53.287 [RX] - 01 56 69 56 4F 74 65 63 68 32 00 61 01 00 10 03 00 00 02 00 45 4E 03 00 82 54 1C 02 00 00 60 35 7A 00 00 00 00 00 00 00 00 00 00 00 00 00 00 00 00 00 00 00 00 00 00 00 00 00 00 00 00 00 00 00 
2026/9/15 16:53:53.295 [RX] - 01 56 69 56 4F 74 65 63 68 32 00 61 01 00 1A 04 00 00 02 00 45 4E 0D 00 84 01 1C 04 24 1C 04 31 30 2E 30 30 1C 02 00 F4 21 DF 2B 00 00 00 00 00 00 00 00 00 00 00 00 00 00 00 00 00 00 00 00 00 
2026/9/15 16:53:53.300 [RX] - 01 56 69 56 4F 74 65 63 68 32 00 61 01 00 10 03 00 00 02 00 45 4E 03 00 82 1A 1C 02 00 F4 21 58 29 00 00 00 00 00 00 00 00 00 00 00 00 00 00 00 00 00 00 00 00 00 00 00 00 00 00 00 00 00 00 00 
2026/9/15 16:53:53.488 [RX] - 01 56 69 56 4F 74 65 63 68 32 00 61 01 00 10 03 00 00 02 00 45 4E 03 00 82 68 1C 02 00 F4 21 96 F5 00 00 00 00 00 00 00 00 00 00 00 00 00 00 00 00 00 00 00 00 00 00 00 00 00 00 00 00 00 00 00 
2026/9/15 16:53:53.548 [RX] - 01 56 69 56 4F 74 65 63 68 32 00 61 01 00 10 03 00 00 02 00 45 4E 03 00 82 15 1C 02 00 F4 21 9D 2A 00 00 00 00 00 00 00 00 00 00 00 00 00 00 00 00 00 00 00 00 00 00 00 00 00 00 00 00 00 00 00 
2026/9/15 16:53:53.690 [RX] - 02 56 69 56 4F 74 65 63 68 32 00 02 23 02 33 E1 DF EE 26 02 E1 00 DF EE 12 0A FF FF 98 76 54 32 22 20 00 0B DF EF 4C 06 00 00 00 00 00 00 DF EF 4D 00 DF 81 16 16 1E 04 00 00 00 00 00 00 00 00 
2026/9/15 16:53:53.691 [RX] - 03 00 00 00 00 00 00 00 00 00 00 00 00 DF 81 29 08 30 F0 F0 00 B0 F0 FF 00 FF 81 06 1E DF 81 15 06 00 00 00 00 00 FF 9F 42 02 09 78 DF 81 0B 01 00 DF 81 0E 01 00 DF 81 0F 01 00 FF 81 05 82 01 
2026/9/15 16:53:53.692 [RX] - 03 78 4F 07 A0 00 00 00 04 10 10 50 0F 50 50 43 20 4D 43 44 20 30 31 20 20 76 32 30 57 A1 11 54 13 CC CC CC CC 00 10 D1 41 2C CC CC CC CC CC CC 57 C1 18 51 E1 32 39 91 FD F4 CA 92 8F FF 0D C2 
2026/9/15 16:53:53.693 [RX] - 03 D8 A7 E6 23 75 E7 1B 11 BC B0 88 5A A1 08 54 13 CC CC CC CC 00 10 5A C1 10 AB 6A F0 65 3A 02 77 46 78 41 E8 E5 7B 58 F8 14 5F 24 03 14 12 31 5F 25 03 04 01 01 5F 28 02 00 56 5F 34 01 01 82 
2026/9/15 16:53:53.694 [RX] - 03 02 59 80 84 07 A0 00 00 00 04 10 10 8E 0E 00 00 00 00 00 00 00 00 42 03 5E 03 1F 03 95 05 24 40 00 00 01 9A 03 26 09 15 9B 02 00 00 9C 01 00 9F 01 00 9F 02 06 00 00 00 00 10 00 9F 06 07 A0 
2026/9/15 16:53:53.695 [RX] - 03 00 00 00 04 10 10 9F 07 02 FF 00 9F 09 02 00 02 9F 0D 05 00 00 00 00 00 9F 0E 05 00 00 00 00 00 9F 0F 05 00 00 00 00 00 9F 10 12 01 10 A0 00 09 22 80 00 00 00 00 00 00 00 00 00 00 FF 9F 15 
2026/9/15 16:53:53.696 [RX] - 03 02 11 11 9F 16 00 9F 1A 02 08 40 9F 1C 00 9F 1D 08 6C FF 00 00 00 00 00 00 9F 1E 08 35 54 31 37 30 36 30 35 9F 21 03 08 53 32 9F 26 08 0B A5 8F 01 30 9B 36 8B 9F 27 01 80 9F 2A 01 02 9F 33 
2026/9/15 16:53:53.697 [RX] - 03 03 00 08 08 9F 34 03 1F 03 02 9F 35 01 22 9F 36 02 5F 6B 9F 37 04 E7 6A DF 90 9F 39 01 07 9F 40 05 00 00 00 00 00 9F 41 04 00 00 00 38 9F 4E 00 9F 6D 02 00 01 DF EE 76 05 24 40 00 00 01 DF 
2026/9/15 16:53:53.698 [RX] - 03 81 16 16 1B 00 00 00 00 00 00 00 00 00 00 00 00 00 00 00 00 00 00 00 00 00 FF EE 01 05 DF EE 30 01 00 DF EE 4C 01 03 DF EC 1C 1E 08 03 00 03 FF 00 1B 00 00 00 00 FF 00 00 00 00 00 00 00 00 
2026/9/15 16:53:53.699 [RX] - 04 00 00 00 00 00 00 00 00 FF 00 FA 9B 00 00 00 00 00 00 00 00 00 00 00 00 00 00 00 00 00 00 00 00 00 00 00 00 00 00 00 00 00 00 00 00 00 00 00 00 00 00 00 00 00 00 00 00 00 00 00 00 00 00 00  

--- 05-01 Cancel

2026/9/15 16:53:54.724 [TX] - 56 69 56 4F 74 65 63 68 32 00 05 01 00 00 92 EF 
2026/9/15 16:53:54.796 [RX] - 01 56 69 56 4F 74 65 63 68 32 00 61 01 00 10 03 00 00 02 00 45 4E 03 00 82 21 1C 02 00 20 23 4D A6 00 00 00 00 00 00 00 00 00 00 00 00 00 00 00 00 00 00 00 00 00 00 00 00 00 00 00 00 00 00 00 
2026/9/15 16:53:54.813 [RX] - 01 56 69 56 4F 74 65 63 68 32 00 61 01 00 10 03 00 00 02 00 45 4E 03 00 82 23 1C 02 00 00 20 F0 63 00 00 00 00 00 00 00 00 00 00 00 00 00 00 00 00 00 00 00 00 00 00 00 00 00 00 00 00 00 00 00 
2026/9/15 16:53:54.817 [RX] - 01 56 69 56 4F 74 65 63 68 32 00 05 00 00 00 D8 A2 00 00 00 00 00 00 00 00 00 00 00 00 00 00 00 00 00 00 00 00 00 00 00 00 00 00 00 00 00 00 00 00 00 00 00 00 00 00 00 00 00 00 00 00 00 00 00 
2026/9/15 16:53:55.554 [RX] - 01 56 69 56 4F 74 65 63 68 32 00 61 01 00 10 03 00 00 02 00 45 4E 03 00 82 03 1C 02 00 20 23 F3 EE 00 00 00 00 00 00 00 00 00 00 00 00 00 00 00 00 00 00 00 00 00 00 00 00 00 00 00 00 00 00 00 
2026/9/15 16:53:55.555 [RX] - 01 56 69 56 4F 74 65 63 68 32 00 03 00 00 00 FF 3B 00 00 00 00 00 00 00 00 00 00 00 00 00 00 00 00 00 00 00 00 00 00 00 00 00 00 00 00 00 00 00 00 00 00 00 00 00 00 00 00 00 00 00 00 00 00 00 
2026/9/15 16:53:55.563 [RX] - 01 56 69 56 4F 74 65 63 68 32 00 61 01 00 10 03 00 00 02 00 45 4E 03 00 82 23 1C 02 00 00 20 F0 63 00 00 00 00 00 00 00 00 00 00 00 00 00 00 00 00 00 00 00 00 00 00 00 00 00 00 00 00 00 00 00  


 //////////////    CL Transaction test # 8  //////////////

2026/9/15 16:53:55.745 [TX] - 56 69 56 4F 74 65 63 68 32 00 18 01 00 00 B3 CD 
2026/9/15 16:53:55.752 [RX] - 01 56 69 56 4F 74 65 63 68 32 00 18 00 00 00 FA 83 00 00 00 00 00 00 00 00 00 00 00 00 00 00 00 00 00 00 00 00 00 00 00 00 00 00 00 00 00 00 00 00 00 00 00 00 00 00 00 00 00 00 00 00 00 00 00  

 --- 02-40 ACT_CL only

2026/9/15 16:53:56.263 [TX] - 56 69 56 4F 74 65 63 68 32 00 02 40 00 0F 0A 9F 02 06 00 00 00 00 10 00 DF EF 37 01 02 9F 14 
2026/9/15 16:53:56.513 [RX] - 01 56 69 56 4F 74 65 63 68 32 00 61 01 00 10 03 00 00 02 00 45 4E 03 00 82 54 1C 02 00 00 60 35 7A 00 00 00 00 00 00 00 00 00 00 00 00 00 00 00 00 00 00 00 00 00 00 00 00 00 00 00 00 00 00 00 
2026/9/15 16:53:56.522 [RX] - 01 56 69 56 4F 74 65 63 68 32 00 61 01 00 1A 04 00 00 02 00 45 4E 0D 00 84 01 1C 04 24 1C 04 31 30 2E 30 30 1C 02 00 F4 21 DF 2B 00 00 00 00 00 00 00 00 00 00 00 00 00 00 00 00 00 00 00 00 00 
2026/9/15 16:53:56.527 [RX] - 01 56 69 56 4F 74 65 63 68 32 00 61 01 00 10 03 00 00 02 00 45 4E 03 00 82 1A 1C 02 00 F4 21 58 29 00 00 00 00 00 00 00 00 00 00 00 00 00 00 00 00 00 00 00 00 00 00 00 00 00 00 00 00 00 00 00 
2026/9/15 16:53:56.730 [RX] - 01 56 69 56 4F 74 65 63 68 32 00 61 01 00 10 03 00 00 02 00 45 4E 03 00 82 68 1C 02 00 F4 21 96 F5 00 00 00 00 00 00 00 00 00 00 00 00 00 00 00 00 00 00 00 00 00 00 00 00 00 00 00 00 00 00 00 
2026/9/15 16:53:56.774 [RX] - 01 56 69 56 4F 74 65 63 68 32 00 61 01 00 10 03 00 00 02 00 45 4E 03 00 82 15 1C 02 00 F4 21 9D 2A 00 00 00 00 00 00 00 00 00 00 00 00 00 00 00 00 00 00 00 00 00 00 00 00 00 00 00 00 00 00 00 
2026/9/15 16:53:56.970 [RX] - 02 56 69 56 4F 74 65 63 68 32 00 02 23 02 33 E1 DF EE 26 02 E1 00 DF EE 12 0A FF FF 98 76 54 32 22 20 00 0C DF EF 4C 06 00 00 00 00 00 00 DF EF 4D 00 DF 81 16 16 1E 04 00 00 00 00 00 00 00 00 
2026/9/15 16:53:56.971 [RX] - 03 00 00 00 00 00 00 00 00 00 00 00 00 DF 81 29 08 30 F0 F0 00 B0 F0 FF 00 FF 81 06 1E DF 81 15 06 00 00 00 00 00 FF 9F 42 02 09 78 DF 81 0B 01 00 DF 81 0E 01 00 DF 81 0F 01 00 FF 81 05 82 01 
2026/9/15 16:53:56.972 [RX] - 03 78 4F 07 A0 00 00 00 04 10 10 50 0F 50 50 43 20 4D 43 44 20 30 31 20 20 76 32 30 57 A1 11 54 13 CC CC CC CC 00 10 D1 41 2C CC CC CC CC CC CC 57 C1 18 1F C6 51 DF A7 BD 8D 34 4D FF 46 F8 29 
2026/9/15 16:53:56.973 [RX] - 03 95 59 E1 2A D1 B5 97 40 24 7A 89 5A A1 08 54 13 CC CC CC CC 00 10 5A C1 10 19 04 A5 C5 1E 76 AE 99 B7 10 28 67 0E FC 61 53 5F 24 03 14 12 31 5F 25 03 04 01 01 5F 28 02 00 56 5F 34 01 01 82 
2026/9/15 16:53:56.974 [RX] - 03 02 59 80 84 07 A0 00 00 00 04 10 10 8E 0E 00 00 00 00 00 00 00 00 42 03 5E 03 1F 03 95 05 24 40 00 00 01 9A 03 26 09 15 9B 02 00 00 9C 01 00 9F 01 00 9F 02 06 00 00 00 00 10 00 9F 06 07 A0 
2026/9/15 16:53:56.975 [RX] - 03 00 00 00 04 10 10 9F 07 02 FF 00 9F 09 02 00 02 9F 0D 05 00 00 00 00 00 9F 0E 05 00 00 00 00 00 9F 0F 05 00 00 00 00 00 9F 10 12 01 10 A0 00 09 22 80 00 00 00 00 00 00 00 00 00 00 FF 9F 15 
2026/9/15 16:53:56.976 [RX] - 03 02 11 11 9F 16 00 9F 1A 02 08 40 9F 1C 00 9F 1D 08 6C FF 00 00 00 00 00 00 9F 1E 08 35 54 31 37 30 36 30 35 9F 21 03 08 53 35 9F 26 08 0B A5 8F 01 30 9B 36 8B 9F 27 01 80 9F 2A 01 02 9F 33 
2026/9/15 16:53:56.977 [RX] - 03 03 00 08 08 9F 34 03 1F 03 02 9F 35 01 22 9F 36 02 5F 6B 9F 37 04 27 19 7A 16 9F 39 01 07 9F 40 05 00 00 00 00 00 9F 41 04 00 00 00 39 9F 4E 00 9F 6D 02 00 01 DF EE 76 05 24 40 00 00 01 DF 
2026/9/15 16:53:56.978 [RX] - 03 81 16 16 1B 00 00 00 00 00 00 00 00 00 00 00 00 00 00 00 00 00 00 00 00 00 FF EE 01 05 DF EE 30 01 00 DF EE 4C 01 03 DF EC 1C 1E 08 03 00 03 FF 00 1B 00 00 00 00 FF 00 00 00 00 00 00 00 00 
2026/9/15 16:53:56.979 [RX] - 04 00 00 00 00 00 00 00 00 FF 00 71 54 00 00 00 00 00 00 00 00 00 00 00 00 00 00 00 00 00 00 00 00 00 00 00 00 00 00 00 00 00 00 00 00 00 00 00 00 00 00 00 00 00 00 00 00 00 00 00 00 00 00 00  

--- 05-01 Cancel

2026/9/15 16:53:58.010 [TX] - 56 69 56 4F 74 65 63 68 32 00 05 01 00 00 92 EF 
2026/9/15 16:53:58.691 [RX] - 01 56 69 56 4F 74 65 63 68 32 00 03 0B 00 00 0F CA 00 00 00 00 00 00 00 00 00 00 00 00 00 00 00 00 00 00 00 00 00 00 00 00 00 00 00 00 00 00 00 00 00 00 00 00 00 00 00 00 00 00 00 00 00 00 00 
2026/9/15 16:53:58.760 [RX] - 01 56 69 56 4F 74 65 63 68 32 00 61 01 00 10 03 00 00 02 00 45 4E 03 00 82 21 1C 02 00 20 23 4D A6 00 00 00 00 00 00 00 00 00 00 00 00 00 00 00 00 00 00 00 00 00 00 00 00 00 00 00 00 00 00 00 
2026/9/15 16:53:58.777 [RX] - 01 56 69 56 4F 74 65 63 68 32 00 61 01 00 10 03 00 00 02 00 45 4E 03 00 82 23 1C 02 00 00 20 F0 63 00 00 00 00 00 00 00 00 00 00 00 00 00 00 00 00 00 00 00 00 00 00 00 00 00 00 00 00 00 00 00 
2026/9/15 16:53:58.781 [RX] - 01 56 69 56 4F 74 65 63 68 32 00 05 00 00 00 D8 A2 00 00 00 00 00 00 00 00 00 00 00 00 00 00 00 00 00 00 00 00 00 00 00 00 00 00 00 00 00 00 00 00 00 00 00 00 00 00 00 00 00 00 00 00 00 00 00 
2026/9/15 16:53:58.804 [RX] - 01 56 69 56 4F 74 65 63 68 32 00 61 01 00 10 03 00 00 02 00 45 4E 03 00 82 03 1C 02 00 20 23 F3 EE 00 00 00 00 00 00 00 00 00 00 00 00 00 00 00 00 00 00 00 00 00 00 00 00 00 00 00 00 00 00 00 
2026/9/15 16:53:58.804 [RX] - 01 56 69 56 4F 74 65 63 68 32 00 03 00 00 00 FF 3B 00 00 00 00 00 00 00 00 00 00 00 00 00 00 00 00 00 00 00 00 00 00 00 00 00 00 00 00 00 00 00 00 00 00 00 00 00 00 00 00 00 00 00 00 00 00 00 
2026/9/15 16:53:58.804 [RX] - 01 56 69 56 4F 74 65 63 68 32 00 61 01 00 10 03 00 00 02 00 45 4E 03 00 82 23 1C 02 00 00 20 F0 63 00 00 00 00 00 00 00 00 00 00 00 00 00 00 00 00 00 00 00 00 00 00 00 00 00 00 00 00 00 00 00  


 //////////////    CL Transaction test # 9  //////////////

2026/9/15 16:53:59.035 [TX] - 56 69 56 4F 74 65 63 68 32 00 18 01 00 00 B3 CD 
2026/9/15 16:53:59.057 [RX] - 01 56 69 56 4F 74 65 63 68 32 00 18 00 00 00 FA 83 00 00 00 00 00 00 00 00 00 00 00 00 00 00 00 00 00 00 00 00 00 00 00 00 00 00 00 00 00 00 00 00 00 00 00 00 00 00 00 00 00 00 00 00 00 00 00  

 --- 02-40 ACT_CL only

2026/9/15 16:53:59.551 [TX] - 56 69 56 4F 74 65 63 68 32 00 02 40 00 0F 0A 9F 02 06 00 00 00 00 10 00 DF EF 37 01 02 9F 14 
2026/9/15 16:53:59.792 [RX] - 01 56 69 56 4F 74 65 63 68 32 00 61 01 00 10 03 00 00 02 00 45 4E 03 00 82 54 1C 02 00 00 60 35 7A 00 00 00 00 00 00 00 00 00 00 00 00 00 00 00 00 00 00 00 00 00 00 00 00 00 00 00 00 00 00 00 
2026/9/15 16:53:59.800 [RX] - 01 56 69 56 4F 74 65 63 68 32 00 61 01 00 1A 04 00 00 02 00 45 4E 0D 00 84 01 1C 04 24 1C 04 31 30 2E 30 30 1C 02 00 F4 21 DF 2B 00 00 00 00 00 00 00 00 00 00 00 00 00 00 00 00 00 00 00 00 00 
2026/9/15 16:53:59.805 [RX] - 01 56 69 56 4F 74 65 63 68 32 00 61 01 00 10 03 00 00 02 00 45 4E 03 00 82 1A 1C 02 00 F4 21 58 29 00 00 00 00 00 00 00 00 00 00 00 00 00 00 00 00 00 00 00 00 00 00 00 00 00 00 00 00 00 00 00 
2026/9/15 16:53:59.992 [RX] - 01 56 69 56 4F 74 65 63 68 32 00 61 01 00 10 03 00 00 02 00 45 4E 03 00 82 68 1C 02 00 F4 21 96 F5 00 00 00 00 00 00 00 00 00 00 00 00 00 00 00 00 00 00 00 00 00 00 00 00 00 00 00 00 00 00 00 
2026/9/15 16:54:00.052 [RX] - 01 56 69 56 4F 74 65 63 68 32 00 61 01 00 10 03 00 00 02 00 45 4E 03 00 82 15 1C 02 00 F4 21 9D 2A 00 00 00 00 00 00 00 00 00 00 00 00 00 00 00 00 00 00 00 00 00 00 00 00 00 00 00 00 00 00 00 
2026/9/15 16:54:00.169 [RX] - 02 56 69 56 4F 74 65 63 68 32 00 02 23 02 33 E1 DF EE 26 02 E1 00 DF EE 12 0A FF FF 98 76 54 32 22 20 00 0D DF EF 4C 06 00 00 00 00 00 00 DF EF 4D 00 DF 81 16 16 1E 04 00 00 00 00 00 00 00 00 
2026/9/15 16:54:00.170 [RX] - 03 00 00 00 00 00 00 00 00 00 00 00 00 DF 81 29 08 30 F0 F0 00 B0 F0 FF 00 FF 81 06 1E DF 81 15 06 00 00 00 00 00 FF 9F 42 02 09 78 DF 81 0B 01 00 DF 81 0E 01 00 DF 81 0F 01 00 FF 81 05 82 01 
2026/9/15 16:54:00.171 [RX] - 03 78 4F 07 A0 00 00 00 04 10 10 50 0F 50 50 43 20 4D 43 44 20 30 31 20 20 76 32 30 57 A1 11 54 13 CC CC CC CC 00 10 D1 41 2C CC CC CC CC CC CC 57 C1 18 8E 65 21 28 BC 4F E7 9F EE 22 2F 1D CB 
2026/9/15 16:54:00.172 [RX] - 03 2E BC CB 9F 37 8B 25 44 9E BB AE 5A A1 08 54 13 CC CC CC CC 00 10 5A C1 10 8C 74 25 CE 80 52 62 8A 2C BD D9 22 F5 C9 31 94 5F 24 03 14 12 31 5F 25 03 04 01 01 5F 28 02 00 56 5F 34 01 01 82 
2026/9/15 16:54:00.173 [RX] - 03 02 59 80 84 07 A0 00 00 00 04 10 10 8E 0E 00 00 00 00 00 00 00 00 42 03 5E 03 1F 03 95 05 24 40 00 00 01 9A 03 26 09 15 9B 02 00 00 9C 01 00 9F 01 00 9F 02 06 00 00 00 00 10 00 9F 06 07 A0 
2026/9/15 16:54:00.174 [RX] - 03 00 00 00 04 10 10 9F 07 02 FF 00 9F 09 02 00 02 9F 0D 05 00 00 00 00 00 9F 0E 05 00 00 00 00 00 9F 0F 05 00 00 00 00 00 9F 10 12 01 10 A0 00 09 22 80 00 00 00 00 00 00 00 00 00 00 FF 9F 15 
2026/9/15 16:54:00.175 [RX] - 03 02 11 11 9F 16 00 9F 1A 02 08 40 9F 1C 00 9F 1D 08 6C FF 00 00 00 00 00 00 9F 1E 08 35 54 31 37 30 36 30 35 9F 21 03 08 53 38 9F 26 08 0B A5 8F 01 30 9B 36 8B 9F 27 01 80 9F 2A 01 02 9F 33 
2026/9/15 16:54:00.176 [RX] - 03 03 00 08 08 9F 34 03 1F 03 02 9F 35 01 22 9F 36 02 5F 6B 9F 37 04 B5 7D A5 F2 9F 39 01 07 9F 40 05 00 00 00 00 00 9F 41 04 00 00 00 40 9F 4E 00 9F 6D 02 00 01 DF EE 76 05 24 40 00 00 01 DF 
2026/9/15 16:54:00.177 [RX] - 03 81 16 16 1B 00 00 00 00 00 00 00 00 00 00 00 00 00 00 00 00 00 00 00 00 00 FF EE 01 05 DF EE 30 01 00 DF EE 4C 01 03 DF EC 1C 1E 08 03 00 03 FF 00 1B 00 00 00 00 FF 00 00 00 00 00 00 00 00 
2026/9/15 16:54:00.178 [RX] - 04 00 00 00 00 00 00 00 00 FF 00 DF BA 00 00 00 00 00 00 00 00 00 00 00 00 00 00 00 00 00 00 00 00 00 00 00 00 00 00 00 00 00 00 00 00 00 00 00 00 00 00 00 00 00 00 00 00 00 00 00 00 00 00 00  

--- 05-01 Cancel

2026/9/15 16:54:01.200 [TX] - 56 69 56 4F 74 65 63 68 32 00 05 01 00 00 92 EF 
2026/9/15 16:54:01.275 [RX] - 01 56 69 56 4F 74 65 63 68 32 00 61 01 00 10 03 00 00 02 00 45 4E 03 00 82 21 1C 02 00 20 23 4D A6 00 00 00 00 00 00 00 00 00 00 00 00 00 00 00 00 00 00 00 00 00 00 00 00 00 00 00 00 00 00 00 
2026/9/15 16:54:01.292 [RX] - 01 56 69 56 4F 74 65 63 68 32 00 61 01 00 10 03 00 00 02 00 45 4E 03 00 82 23 1C 02 00 00 20 F0 63 00 00 00 00 00 00 00 00 00 00 00 00 00 00 00 00 00 00 00 00 00 00 00 00 00 00 00 00 00 00 00 
2026/9/15 16:54:01.296 [RX] - 01 56 69 56 4F 74 65 63 68 32 00 05 00 00 00 D8 A2 00 00 00 00 00 00 00 00 00 00 00 00 00 00 00 00 00 00 00 00 00 00 00 00 00 00 00 00 00 00 00 00 00 00 00 00 00 00 00 00 00 00 00 00 00 00 00  


 //////////////    CL Transaction test # 10  //////////////

2026/9/15 16:54:02.219 [RX] - 01 56 69 56 4F 74 65 63 68 32 00 61 01 00 10 03 00 00 02 00 45 4E 03 00 82 03 1C 02 00 20 23 F3 EE 00 00 00 00 00 00 00 00 00 00 00 00 00 00 00 00 00 00 00 00 00 00 00 00 00 00 00 00 00 00 00 
2026/9/15 16:54:02.221 [RX] - 01 56 69 56 4F 74 65 63 68 32 00 03 00 00 00 FF 3B 00 00 00 00 00 00 00 00 00 00 00 00 00 00 00 00 00 00 00 00 00 00 00 00 00 00 00 00 00 00 00 00 00 00 00 00 00 00 00 00 00 00 00 00 00 00 00 
2026/9/15 16:54:02.227 [TX] - 56 69 56 4F 74 65 63 68 32 00 18 01 00 00 B3 CD 
2026/9/15 16:54:02.230 [RX] - 01 56 69 56 4F 74 65 63 68 32 00 61 01 00 10 03 00 00 02 00 45 4E 03 00 82 23 1C 02 00 00 20 F0 63 00 00 00 00 00 00 00 00 00 00 00 00 00 00 00 00 00 00 00 00 00 00 00 00 00 00 00 00 00 00 00 
2026/9/15 16:54:02.234 [RX] - 01 56 69 56 4F 74 65 63 68 32 00 18 00 00 00 FA 83 00 00 00 00 00 00 00 00 00 00 00 00 00 00 00 00 00 00 00 00 00 00 00 00 00 00 00 00 00 00 00 00 00 00 00 00 00 00 00 00 00 00 00 00 00 00 00  

 --- 02-40 ACT_CL only

2026/9/15 16:54:02.753 [TX] - 56 69 56 4F 74 65 63 68 32 00 02 40 00 0F 0A 9F 02 06 00 00 00 00 10 00 DF EF 37 01 02 9F 14 
2026/9/15 16:54:02.995 [RX] - 01 56 69 56 4F 74 65 63 68 32 00 61 01 00 10 03 00 00 02 00 45 4E 03 00 82 54 1C 02 00 00 60 35 7A 00 00 00 00 00 00 00 00 00 00 00 00 00 00 00 00 00 00 00 00 00 00 00 00 00 00 00 00 00 00 00 
2026/9/15 16:54:03.004 [RX] - 01 56 69 56 4F 74 65 63 68 32 00 61 01 00 1A 04 00 00 02 00 45 4E 0D 00 84 01 1C 04 24 1C 04 31 30 2E 30 30 1C 02 00 F4 21 DF 2B 00 00 00 00 00 00 00 00 00 00 00 00 00 00 00 00 00 00 00 00 00 
2026/9/15 16:54:03.009 [RX] - 01 56 69 56 4F 74 65 63 68 32 00 61 01 00 10 03 00 00 02 00 45 4E 03 00 82 1A 1C 02 00 F4 21 58 29 00 00 00 00 00 00 00 00 00 00 00 00 00 00 00 00 00 00 00 00 00 00 00 00 00 00 00 00 00 00 00 
2026/9/15 16:54:03.196 [RX] - 01 56 69 56 4F 74 65 63 68 32 00 61 01 00 10 03 00 00 02 00 45 4E 03 00 82 68 1C 02 00 F4 21 96 F5 00 00 00 00 00 00 00 00 00 00 00 00 00 00 00 00 00 00 00 00 00 00 00 00 00 00 00 00 00 00 00 
2026/9/15 16:54:03.256 [RX] - 01 56 69 56 4F 74 65 63 68 32 00 61 01 00 10 03 00 00 02 00 45 4E 03 00 82 15 1C 02 00 F4 21 9D 2A 00 00 00 00 00 00 00 00 00 00 00 00 00 00 00 00 00 00 00 00 00 00 00 00 00 00 00 00 00 00 00 
2026/9/15 16:54:03.453 [RX] - 02 56 69 56 4F 74 65 63 68 32 00 02 23 02 33 E1 DF EE 26 02 E1 00 DF EE 12 0A FF FF 98 76 54 32 22 20 00 0E DF EF 4C 06 00 00 00 00 00 00 DF EF 4D 00 DF 81 16 16 1E 04 00 00 00 00 00 00 00 00 
2026/9/15 16:54:03.454 [RX] - 03 00 00 00 00 00 00 00 00 00 00 00 00 DF 81 29 08 30 F0 F0 00 B0 F0 FF 00 FF 81 06 1E DF 81 15 06 00 00 00 00 00 FF 9F 42 02 09 78 DF 81 0B 01 00 DF 81 0E 01 00 DF 81 0F 01 00 FF 81 05 82 01 
2026/9/15 16:54:03.455 [RX] - 03 78 4F 07 A0 00 00 00 04 10 10 50 0F 50 50 43 20 4D 43 44 20 30 31 20 20 76 32 30 57 A1 11 54 13 CC CC CC CC 00 10 D1 41 2C CC CC CC CC CC CC 57 C1 18 11 EB 6E FC DB 19 AB EA 9B 58 CB F8 BC 
2026/9/15 16:54:03.456 [RX] - 03 79 03 5C 1A 24 A7 DE 2A B8 47 E1 5A A1 08 54 13 CC CC CC CC 00 10 5A C1 10 74 52 77 B8 1F 47 4B 8D 1B 11 88 C7 A9 03 F9 A4 5F 24 03 14 12 31 5F 25 03 04 01 01 5F 28 02 00 56 5F 34 01 01 82 
2026/9/15 16:54:03.457 [RX] - 03 02 59 80 84 07 A0 00 00 00 04 10 10 8E 0E 00 00 00 00 00 00 00 00 42 03 5E 03 1F 03 95 05 24 40 00 00 01 9A 03 26 09 15 9B 02 00 00 9C 01 00 9F 01 00 9F 02 06 00 00 00 00 10 00 9F 06 07 A0 
2026/9/15 16:54:03.458 [RX] - 03 00 00 00 04 10 10 9F 07 02 FF 00 9F 09 02 00 02 9F 0D 05 00 00 00 00 00 9F 0E 05 00 00 00 00 00 9F 0F 05 00 00 00 00 00 9F 10 12 01 10 A0 00 09 22 80 00 00 00 00 00 00 00 00 00 00 FF 9F 15 
2026/9/15 16:54:03.459 [RX] - 03 02 11 11 9F 16 00 9F 1A 02 08 40 9F 1C 00 9F 1D 08 6C FF 00 00 00 00 00 00 9F 1E 08 35 54 31 37 30 36 30 35 9F 21 03 08 53 41 9F 26 08 0B A5 8F 01 30 9B 36 8B 9F 27 01 80 9F 2A 01 02 9F 33 
2026/9/15 16:54:03.460 [RX] - 03 03 00 08 08 9F 34 03 1F 03 02 9F 35 01 22 9F 36 02 5F 6B 9F 37 04 CB 6A 1C F2 9F 39 01 07 9F 40 05 00 00 00 00 00 9F 41 04 00 00 00 41 9F 4E 00 9F 6D 02 00 01 DF EE 76 05 24 40 00 00 01 DF 
2026/9/15 16:54:03.461 [RX] - 03 81 16 16 1B 00 00 00 00 00 00 00 00 00 00 00 00 00 00 00 00 00 00 00 00 00 FF EE 01 05 DF EE 30 01 00 DF EE 4C 01 03 DF EC 1C 1E 08 03 00 03 FF 00 1B 00 00 00 00 FF 00 00 00 00 00 00 00 00 
2026/9/15 16:54:03.462 [RX] - 04 00 00 00 00 00 00 00 00 FF 00 4A D1 00 00 00 00 00 00 00 00 00 00 00 00 00 00 00 00 00 00 00 00 00 00 00 00 00 00 00 00 00 00 00 00 00 00 00 00 00 00 00 00 00 00 00 00 00 00 00 00 00 00 00  

--- 05-01 Cancel

2026/9/15 16:54:04.497 [TX] - 56 69 56 4F 74 65 63 68 32 00 05 01 00 00 92 EF 
2026/9/15 16:54:04.590 [RX] - 01 56 69 56 4F 74 65 63 68 32 00 61 01 00 10 03 00 00 02 00 45 4E 03 00 82 21 1C 02 00 20 23 4D A6 00 00 00 00 00 00 00 00 00 00 00 00 00 00 00 00 00 00 00 00 00 00 00 00 00 00 00 00 00 00 00 
2026/9/15 16:54:04.607 [RX] - 01 56 69 56 4F 74 65 63 68 32 00 61 01 00 10 03 00 00 02 00 45 4E 03 00 82 23 1C 02 00 00 20 F0 63 00 00 00 00 00 00 00 00 00 00 00 00 00 00 00 00 00 00 00 00 00 00 00 00 00 00 00 00 00 00 00 
2026/9/15 16:54:04.611 [RX] - 01 56 69 56 4F 74 65 63 68 32 00 05 00 00 00 D8 A2 00 00 00 00 00 00 00 00 00 00 00 00 00 00 00 00 00 00 00 00 00 00 00 00 00 00 00 00 00 00 00 00 00 00 00 00 00 00 00 00 00 00 00 00 00 00 00 
2026/9/15 16:54:05.312 [RX] - 01 56 69 56 4F 74 65 63 68 32 00 61 01 00 10 03 00 00 02 00 45 4E 03 00 82 03 1C 02 00 20 23 F3 EE 00 00 00 00 00 00 00 00 00 00 00 00 00 00 00 00 00 00 00 00 00 00 00 00 00 00 00 00 00 00 00 
2026/9/15 16:54:05.313 [RX] - 01 56 69 56 4F 74 65 63 68 32 00 03 00 00 00 FF 3B 00 00 00 00 00 00 00 00 00 00 00 00 00 00 00 00 00 00 00 00 00 00 00 00 00 00 00 00 00 00 00 00 00 00 00 00 00 00 00 00 00 00 00 00 00 00 00 
2026/9/15 16:54:05.321 [RX] - 01 56 69 56 4F 74 65 63 68 32 00 61 01 00 10 03 00 00 02 00 45 4E 03 00 82 23 1C 02 00 00 20 F0 63 00 00 00 00 00 00 00 00 00 00 00 00 00 00 00 00 00 00 00 00 00 00 00 00 00 00 00 00 00 00 00  


 //////////////    CL Transaction test # 11  //////////////

2026/9/15 16:54:05.525 [TX] - 56 69 56 4F 74 65 63 68 32 00 18 01 00 00 B3 CD 
2026/9/15 16:54:05.542 [RX] - 01 56 69 56 4F 74 65 63 68 32 00 18 00 00 00 FA 83 00 00 00 00 00 00 00 00 00 00 00 00 00 00 00 00 00 00 00 00 00 00 00 00 00 00 00 00 00 00 00 00 00 00 00 00 00 00 00 00 00 00 00 00 00 00 00  

 --- 02-40 ACT_CL only

2026/9/15 16:54:06.055 [TX] - 56 69 56 4F 74 65 63 68 32 00 02 40 00 0F 0A 9F 02 06 00 00 00 00 10 00 DF EF 37 01 02 9F 14 
2026/9/15 16:54:06.337 [RX] - 01 56 69 56 4F 74 65 63 68 32 00 61 01 00 10 03 00 00 02 00 45 4E 03 00 82 54 1C 02 00 00 60 35 7A 00 00 00 00 00 00 00 00 00 00 00 00 00 00 00 00 00 00 00 00 00 00 00 00 00 00 00 00 00 00 00 
2026/9/15 16:54:06.337 [RX] - 01 56 69 56 4F 74 65 63 68 32 00 61 01 00 1A 04 00 00 02 00 45 4E 0D 00 84 01 1C 04 24 1C 04 31 30 2E 30 30 1C 02 00 F4 21 DF 2B 00 00 00 00 00 00 00 00 00 00 00 00 00 00 00 00 00 00 00 00 00 
2026/9/15 16:54:06.337 [RX] - 01 56 69 56 4F 74 65 63 68 32 00 61 01 00 10 03 00 00 02 00 45 4E 03 00 82 1A 1C 02 00 F4 21 58 29 00 00 00 00 00 00 00 00 00 00 00 00 00 00 00 00 00 00 00 00 00 00 00 00 00 00 00 00 00 00 00 
2026/9/15 16:54:06.519 [RX] - 01 56 69 56 4F 74 65 63 68 32 00 61 01 00 10 03 00 00 02 00 45 4E 03 00 82 68 1C 02 00 F4 21 96 F5 00 00 00 00 00 00 00 00 00 00 00 00 00 00 00 00 00 00 00 00 00 00 00 00 00 00 00 00 00 00 00 
2026/9/15 16:54:06.578 [RX] - 01 56 69 56 4F 74 65 63 68 32 00 61 01 00 10 03 00 00 02 00 45 4E 03 00 82 15 1C 02 00 F4 21 9D 2A 00 00 00 00 00 00 00 00 00 00 00 00 00 00 00 00 00 00 00 00 00 00 00 00 00 00 00 00 00 00 00 
2026/9/15 16:54:06.743 [RX] - 02 56 69 56 4F 74 65 63 68 32 00 02 23 02 33 E1 DF EE 26 02 E1 00 DF EE 12 0A FF FF 98 76 54 32 22 20 00 0F DF EF 4C 06 00 00 00 00 00 00 DF EF 4D 00 DF 81 16 16 1E 04 00 00 00 00 00 00 00 00 
2026/9/15 16:54:06.744 [RX] - 03 00 00 00 00 00 00 00 00 00 00 00 00 DF 81 29 08 30 F0 F0 00 B0 F0 FF 00 FF 81 06 1E DF 81 15 06 00 00 00 00 00 FF 9F 42 02 09 78 DF 81 0B 01 00 DF 81 0E 01 00 DF 81 0F 01 00 FF 81 05 82 01 
2026/9/15 16:54:06.745 [RX] - 03 78 4F 07 A0 00 00 00 04 10 10 50 0F 50 50 43 20 4D 43 44 20 30 31 20 20 76 32 30 57 A1 11 54 13 CC CC CC CC 00 10 D1 41 2C CC CC CC CC CC CC 57 C1 18 0F 6B 70 54 5B 45 FA 80 90 E9 BB 30 02 
2026/9/15 16:54:06.746 [RX] - 03 81 F3 34 12 FF 92 5E 57 87 F6 3C 5A A1 08 54 13 CC CC CC CC 00 10 5A C1 10 E6 3B 63 35 C6 83 75 6F 7C 42 9C 2C 73 B4 4C 7A 5F 24 03 14 12 31 5F 25 03 04 01 01 5F 28 02 00 56 5F 34 01 01 82 
2026/9/15 16:54:06.747 [RX] - 03 02 59 80 84 07 A0 00 00 00 04 10 10 8E 0E 00 00 00 00 00 00 00 00 42 03 5E 03 1F 03 95 05 24 40 00 00 01 9A 03 26 09 15 9B 02 00 00 9C 01 00 9F 01 00 9F 02 06 00 00 00 00 10 00 9F 06 07 A0 
2026/9/15 16:54:06.748 [RX] - 03 00 00 00 04 10 10 9F 07 02 FF 00 9F 09 02 00 02 9F 0D 05 00 00 00 00 00 9F 0E 05 00 00 00 00 00 9F 0F 05 00 00 00 00 00 9F 10 12 01 10 A0 00 09 22 80 00 00 00 00 00 00 00 00 00 00 FF 9F 15 
2026/9/15 16:54:06.749 [RX] - 03 02 11 11 9F 16 00 9F 1A 02 08 40 9F 1C 00 9F 1D 08 6C FF 00 00 00 00 00 00 9F 1E 08 35 54 31 37 30 36 30 35 9F 21 03 08 53 45 9F 26 08 0B A5 8F 01 30 9B 36 8B 9F 27 01 80 9F 2A 01 02 9F 33 
2026/9/15 16:54:06.750 [RX] - 03 03 00 08 08 9F 34 03 1F 03 02 9F 35 01 22 9F 36 02 5F 6B 9F 37 04 DA 52 3C D6 9F 39 01 07 9F 40 05 00 00 00 00 00 9F 41 04 00 00 00 42 9F 4E 00 9F 6D 02 00 01 DF EE 76 05 24 40 00 00 01 DF 
2026/9/15 16:54:06.751 [RX] - 03 81 16 16 1B 00 00 00 00 00 00 00 00 00 00 00 00 00 00 00 00 00 00 00 00 00 FF EE 01 05 DF EE 30 01 00 DF EE 4C 01 03 DF EC 1C 1E 08 03 00 03 FF 00 1B 00 00 00 00 FF 00 00 00 00 00 00 00 00 
2026/9/15 16:54:06.752 [RX] - 04 00 00 00 00 00 00 00 00 FF 00 0A 9E 00 00 00 00 00 00 00 00 00 00 00 00 00 00 00 00 00 00 00 00 00 00 00 00 00 00 00 00 00 00 00 00 00 00 00 00 00 00 00 00 00 00 00 00 00 00 00 00 00 00 00  

--- 05-01 Cancel

2026/9/15 16:54:07.788 [TX] - 56 69 56 4F 74 65 63 68 32 00 05 01 00 00 92 EF 
2026/9/15 16:54:08.463 [RX] - 01 56 69 56 4F 74 65 63 68 32 00 03 0B 00 00 0F CA 00 00 00 00 00 00 00 00 00 00 00 00 00 00 00 00 00 00 00 00 00 00 00 00 00 00 00 00 00 00 00 00 00 00 00 00 00 00 00 00 00 00 00 00 00 00 00 
2026/9/15 16:54:08.538 [RX] - 01 56 69 56 4F 74 65 63 68 32 00 61 01 00 10 03 00 00 02 00 45 4E 03 00 82 21 1C 02 00 20 23 4D A6 00 00 00 00 00 00 00 00 00 00 00 00 00 00 00 00 00 00 00 00 00 00 00 00 00 00 00 00 00 00 00 
2026/9/15 16:54:08.555 [RX] - 01 56 69 56 4F 74 65 63 68 32 00 61 01 00 10 03 00 00 02 00 45 4E 03 00 82 23 1C 02 00 00 20 F0 63 00 00 00 00 00 00 00 00 00 00 00 00 00 00 00 00 00 00 00 00 00 00 00 00 00 00 00 00 00 00 00 
2026/9/15 16:54:08.573 [RX] - 01 56 69 56 4F 74 65 63 68 32 00 05 00 00 00 D8 A2 00 00 00 00 00 00 00 00 00 00 00 00 00 00 00 00 00 00 00 00 00 00 00 00 00 00 00 00 00 00 00 00 00 00 00 00 00 00 00 00 00 00 00 00 00 00 00 
2026/9/15 16:54:08.573 [RX] - 01 56 69 56 4F 74 65 63 68 32 00 61 01 00 10 03 00 00 02 00 45 4E 03 00 82 03 1C 02 00 20 23 F3 EE 00 00 00 00 00 00 00 00 00 00 00 00 00 00 00 00 00 00 00 00 00 00 00 00 00 00 00 00 00 00 00 
2026/9/15 16:54:08.573 [RX] - 01 56 69 56 4F 74 65 63 68 32 00 03 00 00 00 FF 3B 00 00 00 00 00 00 00 00 00 00 00 00 00 00 00 00 00 00 00 00 00 00 00 00 00 00 00 00 00 00 00 00 00 00 00 00 00 00 00 00 00 00 00 00 00 00 00 
2026/9/15 16:54:08.578 [RX] - 01 56 69 56 4F 74 65 63 68 32 00 61 01 00 10 03 00 00 02 00 45 4E 03 00 82 23 1C 02 00 00 20 F0 63 00 00 00 00 00 00 00 00 00 00 00 00 00 00 00 00 00 00 00 00 00 00 00 00 00 00 00 00 00 00 00  


 //////////////    CL Transaction test # 12  //////////////

2026/9/15 16:54:08.809 [TX] - 56 69 56 4F 74 65 63 68 32 00 18 01 00 00 B3 CD 
2026/9/15 16:54:08.828 [RX] - 01 56 69 56 4F 74 65 63 68 32 00 18 00 00 00 FA 83 00 00 00 00 00 00 00 00 00 00 00 00 00 00 00 00 00 00 00 00 00 00 00 00 00 00 00 00 00 00 00 00 00 00 00 00 00 00 00 00 00 00 00 00 00 00 00  

 --- 02-40 ACT_CL only

2026/9/15 16:54:09.329 [TX] - 56 69 56 4F 74 65 63 68 32 00 02 40 00 0F 0A 9F 02 06 00 00 00 00 10 00 DF EF 37 01 02 9F 14 
2026/9/15 16:54:09.575 [RX] - 01 56 69 56 4F 74 65 63 68 32 00 61 01 00 10 03 00 00 02 00 45 4E 03 00 82 54 1C 02 00 00 60 35 7A 00 00 00 00 00 00 00 00 00 00 00 00 00 00 00 00 00 00 00 00 00 00 00 00 00 00 00 00 00 00 00 
2026/9/15 16:54:09.583 [RX] - 01 56 69 56 4F 74 65 63 68 32 00 61 01 00 1A 04 00 00 02 00 45 4E 0D 00 84 01 1C 04 24 1C 04 31 30 2E 30 30 1C 02 00 F4 21 DF 2B 00 00 00 00 00 00 00 00 00 00 00 00 00 00 00 00 00 00 00 00 00 
2026/9/15 16:54:09.588 [RX] - 01 56 69 56 4F 74 65 63 68 32 00 61 01 00 10 03 00 00 02 00 45 4E 03 00 82 1A 1C 02 00 F4 21 58 29 00 00 00 00 00 00 00 00 00 00 00 00 00 00 00 00 00 00 00 00 00 00 00 00 00 00 00 00 00 00 00 
2026/9/15 16:54:09.776 [RX] - 01 56 69 56 4F 74 65 63 68 32 00 61 01 00 10 03 00 00 02 00 45 4E 03 00 82 68 1C 02 00 F4 21 96 F5 00 00 00 00 00 00 00 00 00 00 00 00 00 00 00 00 00 00 00 00 00 00 00 00 00 00 00 00 00 00 00 
2026/9/15 16:54:09.835 [RX] - 01 56 69 56 4F 74 65 63 68 32 00 61 01 00 10 03 00 00 02 00 45 4E 03 00 82 15 1C 02 00 F4 21 9D 2A 00 00 00 00 00 00 00 00 00 00 00 00 00 00 00 00 00 00 00 00 00 00 00 00 00 00 00 00 00 00 00 
2026/9/15 16:54:10.030 [RX] - 02 56 69 56 4F 74 65 63 68 32 00 02 23 02 33 E1 DF EE 26 02 E1 00 DF EE 12 0A FF FF 98 76 54 32 22 20 00 10 DF EF 4C 06 00 00 00 00 00 00 DF EF 4D 00 DF 81 16 16 1E 04 00 00 00 00 00 00 00 00 
2026/9/15 16:54:10.031 [RX] - 03 00 00 00 00 00 00 00 00 00 00 00 00 DF 81 29 08 30 F0 F0 00 B0 F0 FF 00 FF 81 06 1E DF 81 15 06 00 00 00 00 00 FF 9F 42 02 09 78 DF 81 0B 01 00 DF 81 0E 01 00 DF 81 0F 01 00 FF 81 05 82 01 
2026/9/15 16:54:10.032 [RX] - 03 78 4F 07 A0 00 00 00 04 10 10 50 0F 50 50 43 20 4D 43 44 20 30 31 20 20 76 32 30 57 A1 11 54 13 CC CC CC CC 00 10 D1 41 2C CC CC CC CC CC CC 57 C1 18 AF FF B8 FB 11 E4 27 08 D7 4E D5 28 01 
2026/9/15 16:54:10.033 [RX] - 03 13 06 15 BB 88 87 59 56 C1 7D D0 5A A1 08 54 13 CC CC CC CC 00 10 5A C1 10 FD 7B 4D 37 12 4D C4 4C 0E AC C6 38 A7 AE 17 3A 5F 24 03 14 12 31 5F 25 03 04 01 01 5F 28 02 00 56 5F 34 01 01 82 
2026/9/15 16:54:10.034 [RX] - 03 02 59 80 84 07 A0 00 00 00 04 10 10 8E 0E 00 00 00 00 00 00 00 00 42 03 5E 03 1F 03 95 05 24 40 00 00 01 9A 03 26 09 15 9B 02 00 00 9C 01 00 9F 01 00 9F 02 06 00 00 00 00 10 00 9F 06 07 A0 
2026/9/15 16:54:10.035 [RX] - 03 00 00 00 04 10 10 9F 07 02 FF 00 9F 09 02 00 02 9F 0D 05 00 00 00 00 00 9F 0E 05 00 00 00 00 00 9F 0F 05 00 00 00 00 00 9F 10 12 01 10 A0 00 09 22 80 00 00 00 00 00 00 00 00 00 00 FF 9F 15 
2026/9/15 16:54:10.036 [RX] - 03 02 11 11 9F 16 00 9F 1A 02 08 40 9F 1C 00 9F 1D 08 6C FF 00 00 00 00 00 00 9F 1E 08 35 54 31 37 30 36 30 35 9F 21 03 08 53 48 9F 26 08 0B A5 8F 01 30 9B 36 8B 9F 27 01 80 9F 2A 01 02 9F 33 
2026/9/15 16:54:10.037 [RX] - 03 03 00 08 08 9F 34 03 1F 03 02 9F 35 01 22 9F 36 02 5F 6B 9F 37 04 F9 D1 B8 4F 9F 39 01 07 9F 40 05 00 00 00 00 00 9F 41 04 00 00 00 43 9F 4E 00 9F 6D 02 00 01 DF EE 76 05 24 40 00 00 01 DF 
2026/9/15 16:54:10.038 [RX] - 03 81 16 16 1B 00 00 00 00 00 00 00 00 00 00 00 00 00 00 00 00 00 00 00 00 00 FF EE 01 05 DF EE 30 01 00 DF EE 4C 01 03 DF EC 1C 1E 08 03 00 03 FF 00 1B 00 00 00 00 FF 00 00 00 00 00 00 00 00 
2026/9/15 16:54:10.039 [RX] - 04 00 00 00 00 00 00 00 00 FF 00 14 A1 00 00 00 00 00 00 00 00 00 00 00 00 00 00 00 00 00 00 00 00 00 00 00 00 00 00 00 00 00 00 00 00 00 00 00 00 00 00 00 00 00 00 00 00 00 00 00 00 00 00 00  

--- 05-01 Cancel

2026/9/15 16:54:11.060 [TX] - 56 69 56 4F 74 65 63 68 32 00 05 01 00 00 92 EF 
2026/9/15 16:54:11.143 [RX] - 01 56 69 56 4F 74 65 63 68 32 00 61 01 00 10 03 00 00 02 00 45 4E 03 00 82 21 1C 02 00 20 23 4D A6 00 00 00 00 00 00 00 00 00 00 00 00 00 00 00 00 00 00 00 00 00 00 00 00 00 00 00 00 00 00 00 
2026/9/15 16:54:11.145 [RX] - 01 56 69 56 4F 74 65 63 68 32 00 61 01 00 10 03 00 00 02 00 45 4E 03 00 82 23 1C 02 00 00 20 F0 63 00 00 00 00 00 00 00 00 00 00 00 00 00 00 00 00 00 00 00 00 00 00 00 00 00 00 00 00 00 00 00 
2026/9/15 16:54:11.149 [RX] - 01 56 69 56 4F 74 65 63 68 32 00 05 00 00 00 D8 A2 00 00 00 00 00 00 00 00 00 00 00 00 00 00 00 00 00 00 00 00 00 00 00 00 00 00 00 00 00 00 00 00 00 00 00 00 00 00 00 00 00 00 00 00 00 00 00  


 //////////////    CL Transaction test # 13  //////////////

2026/9/15 16:54:12.087 [RX] - 01 56 69 56 4F 74 65 63 68 32 00 61 01 00 10 03 00 00 02 00 45 4E 03 00 82 03 1C 02 00 20 23 F3 EE 00 00 00 00 00 00 00 00 00 00 00 00 00 00 00 00 00 00 00 00 00 00 00 00 00 00 00 00 00 00 00 
2026/9/15 16:54:12.089 [RX] - 01 56 69 56 4F 74 65 63 68 32 00 03 00 00 00 FF 3B 00 00 00 00 00 00 00 00 00 00 00 00 00 00 00 00 00 00 00 00 00 00 00 00 00 00 00 00 00 00 00 00 00 00 00 00 00 00 00 00 00 00 00 00 00 00 00 
2026/9/15 16:54:12.094 [TX] - 56 69 56 4F 74 65 63 68 32 00 18 01 00 00 B3 CD 
2026/9/15 16:54:12.098 [RX] - 01 56 69 56 4F 74 65 63 68 32 00 61 01 00 10 03 00 00 02 00 45 4E 03 00 82 23 1C 02 00 00 20 F0 63 00 00 00 00 00 00 00 00 00 00 00 00 00 00 00 00 00 00 00 00 00 00 00 00 00 00 00 00 00 00 00 
2026/9/15 16:54:12.102 [RX] - 01 56 69 56 4F 74 65 63 68 32 00 18 00 00 00 FA 83 00 00 00 00 00 00 00 00 00 00 00 00 00 00 00 00 00 00 00 00 00 00 00 00 00 00 00 00 00 00 00 00 00 00 00 00 00 00 00 00 00 00 00 00 00 00 00  

 --- 02-40 ACT_CL only

2026/9/15 16:54:12.608 [TX] - 56 69 56 4F 74 65 63 68 32 00 02 40 00 0F 0A 9F 02 06 00 00 00 00 10 00 DF EF 37 01 02 9F 14 
2026/9/15 16:54:12.843 [RX] - 01 56 69 56 4F 74 65 63 68 32 00 61 01 00 10 03 00 00 02 00 45 4E 03 00 82 54 1C 02 00 00 60 35 7A 00 00 00 00 00 00 00 00 00 00 00 00 00 00 00 00 00 00 00 00 00 00 00 00 00 00 00 00 00 00 00 
2026/9/15 16:54:12.851 [RX] - 01 56 69 56 4F 74 65 63 68 32 00 61 01 00 1A 04 00 00 02 00 45 4E 0D 00 84 01 1C 04 24 1C 04 31 30 2E 30 30 1C 02 00 F4 21 DF 2B 00 00 00 00 00 00 00 00 00 00 00 00 00 00 00 00 00 00 00 00 00 
2026/9/15 16:54:12.856 [RX] - 01 56 69 56 4F 74 65 63 68 32 00 61 01 00 10 03 00 00 02 00 45 4E 03 00 82 1A 1C 02 00 F4 21 58 29 00 00 00 00 00 00 00 00 00 00 00 00 00 00 00 00 00 00 00 00 00 00 00 00 00 00 00 00 00 00 00 
2026/9/15 16:54:13.043 [RX] - 01 56 69 56 4F 74 65 63 68 32 00 61 01 00 10 03 00 00 02 00 45 4E 03 00 82 68 1C 02 00 F4 21 96 F5 00 00 00 00 00 00 00 00 00 00 00 00 00 00 00 00 00 00 00 00 00 00 00 00 00 00 00 00 00 00 00 
2026/9/15 16:54:13.103 [RX] - 01 56 69 56 4F 74 65 63 68 32 00 61 01 00 10 03 00 00 02 00 45 4E 03 00 82 15 1C 02 00 F4 21 9D 2A 00 00 00 00 00 00 00 00 00 00 00 00 00 00 00 00 00 00 00 00 00 00 00 00 00 00 00 00 00 00 00 
2026/9/15 16:54:13.216 [RX] - 02 56 69 56 4F 74 65 63 68 32 00 02 23 02 33 E1 DF EE 26 02 E1 00 DF EE 12 0A FF FF 98 76 54 32 22 20 00 11 DF EF 4C 06 00 00 00 00 00 00 DF EF 4D 00 DF 81 16 16 1E 04 00 00 00 00 00 00 00 00 
2026/9/15 16:54:13.217 [RX] - 03 00 00 00 00 00 00 00 00 00 00 00 00 DF 81 29 08 30 F0 F0 00 B0 F0 FF 00 FF 81 06 1E DF 81 15 06 00 00 00 00 00 FF 9F 42 02 09 78 DF 81 0B 01 00 DF 81 0E 01 00 DF 81 0F 01 00 FF 81 05 82 01 
2026/9/15 16:54:13.218 [RX] - 03 78 4F 07 A0 00 00 00 04 10 10 50 0F 50 50 43 20 4D 43 44 20 30 31 20 20 76 32 30 57 A1 11 54 13 CC CC CC CC 00 10 D1 41 2C CC CC CC CC CC CC 57 C1 18 69 D1 FD A0 C6 CC 5E 34 96 96 22 95 ED 
2026/9/15 16:54:13.219 [RX] - 03 C5 6C B6 0C 2B 90 78 5B 94 77 C1 5A A1 08 54 13 CC CC CC CC 00 10 5A C1 10 85 38 C1 DE 53 BC C5 F7 4D 35 96 94 FF 80 F5 6D 5F 24 03 14 12 31 5F 25 03 04 01 01 5F 28 02 00 56 5F 34 01 01 82 
2026/9/15 16:54:13.220 [RX] - 03 02 59 80 84 07 A0 00 00 00 04 10 10 8E 0E 00 00 00 00 00 00 00 00 42 03 5E 03 1F 03 95 05 24 40 00 00 01 9A 03 26 09 15 9B 02 00 00 9C 01 00 9F 01 00 9F 02 06 00 00 00 00 10 00 9F 06 07 A0 
2026/9/15 16:54:13.221 [RX] - 03 00 00 00 04 10 10 9F 07 02 FF 00 9F 09 02 00 02 9F 0D 05 00 00 00 00 00 9F 0E 05 00 00 00 00 00 9F 0F 05 00 00 00 00 00 9F 10 12 01 10 A0 00 09 22 80 00 00 00 00 00 00 00 00 00 00 FF 9F 15 
2026/9/15 16:54:13.222 [RX] - 03 02 11 11 9F 16 00 9F 1A 02 08 40 9F 1C 00 9F 1D 08 6C FF 00 00 00 00 00 00 9F 1E 08 35 54 31 37 30 36 30 35 9F 21 03 08 53 51 9F 26 08 0B A5 8F 01 30 9B 36 8B 9F 27 01 80 9F 2A 01 02 9F 33 
2026/9/15 16:54:13.223 [RX] - 03 03 00 08 08 9F 34 03 1F 03 02 9F 35 01 22 9F 36 02 5F 6B 9F 37 04 47 2A BD 5F 9F 39 01 07 9F 40 05 00 00 00 00 00 9F 41 04 00 00 00 44 9F 4E 00 9F 6D 02 00 01 DF EE 76 05 24 40 00 00 01 DF 
2026/9/15 16:54:13.224 [RX] - 03 81 16 16 1B 00 00 00 00 00 00 00 00 00 00 00 00 00 00 00 00 00 00 00 00 00 FF EE 01 05 DF EE 30 01 00 DF EE 4C 01 03 DF EC 1C 1E 08 03 00 03 FF 00 1B 00 00 00 00 FF 00 00 00 00 00 00 00 00 
2026/9/15 16:54:13.225 [RX] - 04 00 00 00 00 00 00 00 00 FF 00 23 A6 00 00 00 00 00 00 00 00 00 00 00 00 00 00 00 00 00 00 00 00 00 00 00 00 00 00 00 00 00 00 00 00 00 00 00 00 00 00 00 00 00 00 00 00 00 00 00 00 00 00 00  

--- 05-01 Cancel

2026/9/15 16:54:14.247 [TX] - 56 69 56 4F 74 65 63 68 32 00 05 01 00 00 92 EF 
2026/9/15 16:54:14.321 [RX] - 01 56 69 56 4F 74 65 63 68 32 00 61 01 00 10 03 00 00 02 00 45 4E 03 00 82 21 1C 02 00 20 23 4D A6 00 00 00 00 00 00 00 00 00 00 00 00 00 00 00 00 00 00 00 00 00 00 00 00 00 00 00 00 00 00 00 
2026/9/15 16:54:14.338 [RX] - 01 56 69 56 4F 74 65 63 68 32 00 61 01 00 10 03 00 00 02 00 45 4E 03 00 82 23 1C 02 00 00 20 F0 63 00 00 00 00 00 00 00 00 00 00 00 00 00 00 00 00 00 00 00 00 00 00 00 00 00 00 00 00 00 00 00 
2026/9/15 16:54:14.342 [RX] - 01 56 69 56 4F 74 65 63 68 32 00 05 00 00 00 D8 A2 00 00 00 00 00 00 00 00 00 00 00 00 00 00 00 00 00 00 00 00 00 00 00 00 00 00 00 00 00 00 00 00 00 00 00 00 00 00 00 00 00 00 00 00 00 00 00 
2026/9/15 16:54:15.168 [RX] - 01 56 69 56 4F 74 65 63 68 32 00 61 01 00 10 03 00 00 02 00 45 4E 03 00 82 03 1C 02 00 20 23 F3 EE 00 00 00 00 00 00 00 00 00 00 00 00 00 00 00 00 00 00 00 00 00 00 00 00 00 00 00 00 00 00 00 
2026/9/15 16:54:15.170 [RX] - 01 56 69 56 4F 74 65 63 68 32 00 03 00 00 00 FF 3B 00 00 00 00 00 00 00 00 00 00 00 00 00 00 00 00 00 00 00 00 00 00 00 00 00 00 00 00 00 00 00 00 00 00 00 00 00 00 00 00 00 00 00 00 00 00 00 
2026/9/15 16:54:15.178 [RX] - 01 56 69 56 4F 74 65 63 68 32 00 61 01 00 10 03 00 00 02 00 45 4E 03 00 82 23 1C 02 00 00 20 F0 63 00 00 00 00 00 00 00 00 00 00 00 00 00 00 00 00 00 00 00 00 00 00 00 00 00 00 00 00 00 00 00  


 //////////////    CL Transaction test # 14  //////////////

2026/9/15 16:54:15.271 [TX] - 56 69 56 4F 74 65 63 68 32 00 18 01 00 00 B3 CD 
2026/9/15 16:54:15.324 [RX] - 01 56 69 56 4F 74 65 63 68 32 00 18 00 00 00 FA 83 00 00 00 00 00 00 00 00 00 00 00 00 00 00 00 00 00 00 00 00 00 00 00 00 00 00 00 00 00 00 00 00 00 00 00 00 00 00 00 00 00 00 00 00 00 00 00  

 --- 02-40 ACT_CL only

2026/9/15 16:54:15.806 [TX] - 56 69 56 4F 74 65 63 68 32 00 02 40 00 0F 0A 9F 02 06 00 00 00 00 10 00 DF EF 37 01 02 9F 14 
2026/9/15 16:54:16.037 [RX] - 01 56 69 56 4F 74 65 63 68 32 00 61 01 00 10 03 00 00 02 00 45 4E 03 00 82 54 1C 02 00 00 60 35 7A 00 00 00 00 00 00 00 00 00 00 00 00 00 00 00 00 00 00 00 00 00 00 00 00 00 00 00 00 00 00 00 
2026/9/15 16:54:16.046 [RX] - 01 56 69 56 4F 74 65 63 68 32 00 61 01 00 1A 04 00 00 02 00 45 4E 0D 00 84 01 1C 04 24 1C 04 31 30 2E 30 30 1C 02 00 F4 21 DF 2B 00 00 00 00 00 00 00 00 00 00 00 00 00 00 00 00 00 00 00 00 00 
2026/9/15 16:54:16.066 [RX] - 01 56 69 56 4F 74 65 63 68 32 00 61 01 00 10 03 00 00 02 00 45 4E 03 00 82 1A 1C 02 00 F4 21 58 29 00 00 00 00 00 00 00 00 00 00 00 00 00 00 00 00 00 00 00 00 00 00 00 00 00 00 00 00 00 00 00 
2026/9/15 16:54:16.254 [RX] - 01 56 69 56 4F 74 65 63 68 32 00 61 01 00 10 03 00 00 02 00 45 4E 03 00 82 68 1C 02 00 F4 21 96 F5 00 00 00 00 00 00 00 00 00 00 00 00 00 00 00 00 00 00 00 00 00 00 00 00 00 00 00 00 00 00 00 
2026/9/15 16:54:16.298 [RX] - 01 56 69 56 4F 74 65 63 68 32 00 61 01 00 10 03 00 00 02 00 45 4E 03 00 82 15 1C 02 00 F4 21 9D 2A 00 00 00 00 00 00 00 00 00 00 00 00 00 00 00 00 00 00 00 00 00 00 00 00 00 00 00 00 00 00 00 
2026/9/15 16:54:16.526 [RX] - 01 56 69 56 4F 74 65 63 68 32 00 61 01 00 10 03 00 00 02 00 45 4E 03 00 82 03 1C 02 00 20 23 F3 EE 00 00 00 00 00 00 00 00 00 00 00 00 00 00 00 00 00 00 00 00 00 00 00 00 00 00 00 00 00 00 00 
2026/9/15 16:54:16.529 [RX] - 01 56 69 56 4F 74 65 63 68 32 00 03 00 00 00 FF 3B 00 00 00 00 00 00 00 00 00 00 00 00 00 00 00 00 00 00 00 00 00 00 00 00 00 00 00 00 00 00 00 00 00 00 00 00 00 00 00 00 00 00 00 00 00 00 00 
2026/9/15 16:54:16.533 [RX] - 02 56 69 56 4F 74 65 63 68 32 00 03 23 02 33 E1 DF EE 26 02 E1 00 DF EE 12 0A FF FF 98 76 54 32 22 20 00 12 DF EF 4C 06 00 00 00 00 00 00 DF EF 4D 00 DF 81 16 16 1E 04 00 00 00 00 00 00 00 00 
2026/9/15 16:54:16.534 [RX] - 03 00 00 00 00 00 00 00 00 00 00 00 00 DF 81 29 08 30 F0 F0 00 B0 F0 FF 00 FF 81 06 1E DF 81 15 06 00 00 00 00 00 FF 9F 42 02 09 78 DF 81 0B 01 00 DF 81 0E 01 00 DF 81 0F 01 00 FF 81 05 82 01 
2026/9/15 16:54:16.535 [RX] - 03 78 4F 07 A0 00 00 00 04 10 10 50 0F 50 50 43 20 4D 43 44 20 30 31 20 20 76 32 30 57 A1 11 54 13 CC CC CC CC 00 10 D1 41 2C CC CC CC CC CC CC 57 C1 18 FF DD E1 01 30 F6 90 2B 30 3C 23 74 EC 
2026/9/15 16:54:16.536 [RX] - 03 F6 EA 17 70 31 82 6A 3B D6 E7 CB 5A A1 08 54 13 CC CC CC CC 00 10 5A C1 10 E8 CB 91 D5 86 62 31 BB 5B E8 A8 15 52 91 4A 40 5F 24 03 14 12 31 5F 25 03 04 01 01 5F 28 02 00 56 5F 34 01 01 82 
2026/9/15 16:54:16.537 [RX] - 03 02 59 80 84 07 A0 00 00 00 04 10 10 8E 0E 00 00 00 00 00 00 00 00 42 03 5E 03 1F 03 95 05 24 40 00 00 01 9A 03 26 09 15 9B 02 00 00 9C 01 00 9F 01 00 9F 02 06 00 00 00 00 10 00 9F 06 07 A0 
2026/9/15 16:54:16.538 [RX] - 03 00 00 00 04 10 10 9F 07 02 FF 00 9F 09 02 00 02 9F 0D 05 00 00 00 00 00 9F 0E 05 00 00 00 00 00 9F 0F 05 00 00 00 00 00 9F 10 12 01 10 A0 00 09 22 80 00 00 00 00 00 00 00 00 00 00 FF 9F 15 
2026/9/15 16:54:16.539 [RX] - 03 02 11 11 9F 16 00 9F 1A 02 08 40 9F 1C 00 9F 1D 08 6C FF 00 00 00 00 00 00 9F 1E 08 35 54 31 37 30 36 30 35 9F 21 03 08 53 54 9F 26 08 0B A5 8F 01 30 9B 36 8B 9F 27 01 80 9F 2A 01 02 9F 33 
2026/9/15 16:54:16.540 [RX] - 03 03 00 08 08 9F 34 03 1F 03 02 9F 35 01 22 9F 36 02 5F 6B 9F 37 04 41 71 28 D7 9F 39 01 07 9F 40 05 00 00 00 00 00 9F 41 04 00 00 00 45 9F 4E 00 9F 6D 02 00 01 DF EE 76 05 24 40 00 00 01 DF 
2026/9/15 16:54:16.541 [RX] - 03 81 16 16 1B 00 00 00 00 00 00 00 00 00 00 00 00 00 00 00 00 00 00 00 00 00 FF EE 01 05 DF EE 30 01 00 DF EE 4C 01 03 DF EC 1C 1E 08 03 00 03 FF 00 1B 00 00 00 00 FF 00 00 00 00 00 00 00 00 
2026/9/15 16:54:16.542 [RX] - 04 00 00 00 00 00 00 00 00 FF 00 9A 4C 00 00 00 00 00 00 00 00 00 00 00 00 00 00 00 00 00 00 00 00 00 00 00 00 00 00 00 00 00 00 00 00 00 00 00 00 00 00 00 00 00 00 00 00 00 00 00 00 00 00 00 
2026/9/15 16:54:16.631 [RX] - 01 56 69 56 4F 74 65 63 68 32 00 61 01 00 10 03 00 00 02 00 45 4E 03 00 82 23 1C 02 00 00 20 F0 63 00 00 00 00 00 00 00 00 00 00 00 00 00 00 00 00 00 00 00 00 00 00 00 00 00 00 00 00 00 00 00 
2026/9/15 16:54:19.606 [RX] - 01 56 69 56 4F 74 65 63 68 32 00 61 01 00 10 03 00 00 02 00 45 4E 03 00 82 03 1C 02 00 20 23 F3 EE 00 00 00 00 00 00 00 00 00 00 00 00 00 00 00 00 00 00 00 00 00 00 00 00 00 00 00 00 00 00 00 
2026/9/15 16:54:19.652 [RX] - 01 56 69 56 4F 74 65 63 68 32 00 03 00 00 00 FF 3B 00 00 00 00 00 00 00 00 00 00 00 00 00 00 00 00 00 00 00 00 00 00 00 00 00 00 00 00 00 00 00 00 00 00 00 00 00 00 00 00 00 00 00 00 00 00 00 
2026/9/15 16:54:19.722 [RX] - 01 56 69 56 4F 74 65 63 68 32 00 61 01 00 10 03 00 00 02 00 45 4E 03 00 82 23 1C 02 00 00 20 F0 63 00 00 00 00 00 00 00 00 00 00 00 00 00 00 00 00 00 00 00 00 00 00 00 00 00 00 00 00 00 00 00  
***** FAIL *****
 
Stress test is completed
 

 ---------- END OF TEST ----------

 Result = FAILED


Docklight Log File (HEX) - Stopped 2026/9/15 16:54:28.180 

