Docklight Log File (HEX) - Started 2026/9/10 10:24:03.328 
 TEST CASE: BTS007

 --- Set POS COM PORT Settings
 Set POS COM PORT...
 POS operating on COM90 @ 115200 baud...
 Set POS COM PORT - COMPLETE

 --- Data Encrypt disable

2026/9/10 10:24:06.366 [TX] - 56 69 56 4F 74 65 63 68 32 00 C7 36 00 01 00 0F A7 
2026/9/10 10:24:06.375 [RX] - 56 69 56 4F 74 65 63 68 32 00 C7 00 00 00 86 6E 00 00 00 00 00 00 00 00 00 00 00 00 00 00 00 00 00 00 00 00 00 00 00 00 00 00 00 00 00 00 00 00 00 00 00 00 00 00 00 00 00 00 00 00 00 00 00  

 --- (C7-6D) Del Key Block

2026/9/10 10:24:06.387 [TX] - 56 69 56 4F 74 65 63 68 32 00 C7 6D 00 02 FF FF 9F 77 
2026/9/10 10:24:06.394 [RX] - 56 69 56 4F 74 65 63 68 32 00 C7 0A 00 00 41 AF 00 00 00 00 00 00 00 00 00 00 00 00 00 00 00 00 00 00 00 00 00 00 00 00 00 00 00 00 00 00 00 00 00 00 00 00 00 00 00 00 00 00 00 00 00 00 00  

 --- (04-00) DFED3F disable VAS Encryption

2026/9/10 10:24:06.899 [TX] - 56 69 56 4F 74 65 63 68 32 00 04 00 00 05 DF ED 3F 01 00 21 AF 
2026/9/10 10:24:06.934 [RX] - 56 69 56 4F 74 65 63 68 32 00 04 00 00 00 AE 16 00 00 00 00 00 00 00 00 00 00 00 00 00 00 00 00 00 00 00 00 00 00 00 00 00 00 00 00 00 00 00 00 00 00 00 00 00 00 00 00 00 00 00 00 00 00 00  

 --- (04-00) DFEF4B Enable Transact Output

2026/9/10 10:24:07.451 [TX] - 56 69 56 4F 74 65 63 68 32 00 04 00 00 07 DF EF 4B 03 12 00 02 4C 49 
2026/9/10 10:24:07.515 [RX] - 56 69 56 4F 74 65 63 68 32 00 04 00 00 00 AE 16 00 00 00 00 00 00 00 00 00 00 00 00 00 00 00 00 00 00 00 00 00 00 00 00 00 00 00 00 00 00 00 00 00 00 00 00 00 00 00 00 00 00 00 00 00 00 00  

 --- (04-00) DFEF7A Enable VAS Source

2026/9/10 10:24:08.046 [TX] - 56 69 56 4F 74 65 63 68 32 00 04 00 00 05 DF EF 7A 01 01 35 A4 
2026/9/10 10:24:08.109 [RX] - 56 69 56 4F 74 65 63 68 32 00 04 00 00 00 AE 16 00 00 00 00 00 00 00 00 00 00 00 00 00 00 00 00 00 00 00 00 00 00 00 00 00 00 00 00 00 00 00 00 00 00 00 00 00 00 00 00 00 00 00 00 00 00 00  

 --- Poll on demand

2026/9/10 10:24:08.627 [TX] - 56 69 56 4F 74 65 63 68 32 00 01 01 00 01 01 D7 34 
2026/9/10 10:24:08.634 [RX] - 56 69 56 4F 74 65 63 68 32 00 01 00 00 00 12 53 00 00 00 00 00 00 00 00 00 00 00 00 00 00 00 00 00 00 00 00 00 00 00 00 00 00 00 00 00 00 00 00 00 00 00 00 00 00 00 00 00 00 00 00 00 00 00  

 --- Burst mode off

2026/9/10 10:24:09.177 [TX] - 56 69 56 4F 74 65 63 68 32 00 04 00 00 05 DF EE 7E 01 00 60 1E 
2026/9/10 10:24:09.211 [RX] - 56 69 56 4F 74 65 63 68 32 00 04 00 00 00 AE 16 00 00 00 00 00 00 00 00 00 00 00 00 00 00 00 00 00 00 00 00 00 00 00 00 00 00 00 00 00 00 00 00 00 00 00 00 00 00 00 00 00 00 00 00 00 00 00  

 --- (02-40) Apple VAS *** ApplePay w/ Blackboard card

2026/9/10 10:24:11.686 [TX] - 56 69 56 4F 74 65 63 68 32 00 02 40 00 29 30 9F 02 06 00 00 00 00 00 01 FF EE 06 1B 9F 22 02 02 00 9F 26 04 00 00 00 02 DF ED 57 06 C3 02 00 02 00 01 DF EE 01 01 03 5E DD 
2026/9/10 10:24:12.771 [RX] - 56 69 56 4F 74 65 63 68 32 00 02 57 00 48 21 DF EE 26 02 21 00 DF EF 4C 06 00 00 00 00 10 00 DF EF 4D 10 39 39 39 38 37 38 30 30 31 30 30 30 32 33 32 38 9F 39 01 07 FF EE 01 05 DF EE 30 01 00 FF EE 06 82 00 0B 9A 03 70 01 01 9F 21 03 00 58 37 DF EF 7B 01 03 16 A4 00 00 00 00 00 00 00 00 00 00 00 00 00 00 00 00 00 00 00 00 00 00 00 00 00 00 00 00 00 00 00 00 00 00 00 00 00 00  

 --- (02 40) SmartTap 2 *** GooglePay w/ Blackboard card

2026/9/10 10:24:14.999 [TX] - 56 69 56 4F 74 65 63 68 32 00 02 40 00 22 30 9F 02 06 00 00 00 00 00 01 FF EE 08 14 DF ED 57 06 00 00 00 02 00 01 DF EF 1A 01 02 DF ED 28 01 00 9F 4F 
2026/9/10 10:24:15.789 [RX] - 56 69 56 4F 74 65 63 68 32 00 02 57 00 43 21 DF EE 26 02 21 00 DF EF 4C 06 00 00 00 00 10 00 DF EF 4D 10 39 39 39 38 37 38 30 30 31 30 30 33 34 33 30 34 9F 39 01 07 FF EE 01 05 DF EE 30 01 00 FF EE 08 08 DF EE 02 04 00 91 00 00 DF EF 7B 01 03 2B BD 00 00 00 00 00 00 00 00 00 00 00 00 00 00 00 00 00 00 00 00 00 00 00 00 00 00 00 00 00 00 00 00 00 00 00 00 00 00 00 00 00 00 00  

 ---------- END OF TEST ----------

 Result = PASSED


Docklight Log File (HEX) - Stopped 2026/9/10 10:24:15.907 

