Docklight Log File (HEX) - Started 2026/9/14 15:14:43.596 
 TEST CASE: MIF001

 --- Set POS COM PORT Settings
 Set POS COM PORT...
 POS operating on COM90 @ 115200 baud...
 Set POS COM PORT - COMPLETE

 --- Pass-Through, Start

2026/9/14 15:14:44.914 [TX] - 56 69 56 4F 74 65 63 68 32 00 2C 01 00 01 01 1D 19 
2026/9/14 15:14:44.926 [RX] - 56 69 56 4F 74 65 63 68 32 00 2C 00 00 00 1C 9B 00 00 00 00 00 00 00 00 00 00 00 00 00 00 00 00 00 00 00 00 00 00 00 00 00 00 00 00 00 00 00 00 00 00 00 00 00 00 00 00 00 00 00 00 00 00 00  --- PT Poll for Token 

2026/9/14 15:14:45.663 [TX] - 56 69 56 4F 74 65 63 68 32 00 2C 02 00 02 0A 00 B1 E4 
2026/9/14 15:14:45.720 [RX] - 56 69 56 4F 74 65 63 68 32 00 2C 00 00 05 03 E8 C3 E5 95 B8 F7 00 00 00 00 00 00 00 00 00 00 00 00 00 00 00 00 00 00 00 00 00 00 00 00 00 00 00 00 00 00 00 00 00 00 00 00 00 00 00 00 00 00  --- MiFare Auth Sector 0, Block 1

2026/9/14 15:14:45.930 [TX] - 56 69 56 4F 74 65 63 68 32 00 2C 06 00 08 01 01 FF FF FF FF FF FF 4B C8 
2026/9/14 15:14:45.943 [RX] - 56 69 56 4F 74 65 63 68 32 00 2C 00 00 00 1C 9B 00 00 00 00 00 00 00 00 00 00 00 00 00 00 00 00 00 00 00 00 00 00 00 00 00 00 00 00 00 00 00 00 00 00 00 00 00 00 00 00 00 00 00 00 00 00 00  --- MirFare 4k -  Read Sector 38, 15 blocks 

2026/9/14 15:14:46.154 [TX] - 56 69 56 4F 74 65 63 68 32 00 2C 07 00 02 3F 00 D3 68 
2026/9/14 15:14:46.214 [RX] - 56 69 56 4F 74 65 63 68 32 00 2C 00 00 F0 E8 C3 E5 95 5B 98 02 00 64 8E 3A D3 5D 40 09 13 02 00 00 00 00 00 00 00 00 00 00 00 00 00 00 00 03 00 00 00 00 00 00 00 00 00 00 00 00 00 00 00 05 00 00 00 00 00 00 00 00 00 00 00 00 00 00 00 06 00 00 00 00 00 00 00 00 00 00 00 00 00 00 00 07 00 00 00 00 00 00 00 00 00 00 00 00 00 00 00 09 00 00 00 00 00 00 00 00 00 00 00 00 00 00 00 0A 00 00 00 00 00 00 00 00 00 00 00 00 00 00 00 0B 00 00 00 00 00 00 00 00 00 00 00 00 00 00 00 0D 00 00 00 00 00 00 00 00 00 00 00 00 00 00 00 0E 00 00 00 00 00 00 00 00 00 00 00 00 00 00 00 0F 00 00 00 00 00 00 00 00 00 00 00 00 00 00 00 11 00 00 00 00 00 00 00 00 00 00 00 00 00 00 00 12 00 00 00 00 00 00 00 00 00 00 00 00 00 00 00 13 00 00 00 00 00 00 00 00 00 00 00 00 00 00 00 CE 87 00 00 00 00 00 00 00 00 00 00 00 00 00 00 00 00 00 00 00 00 00 00 00 00 00 00 00 00 00 00 00 00 00 00 00 00 00 00 00 00 00 00 00 00 00 00 00 00 00 00 00 00 00 00 00 00 00 00 00  --- MiFare Auth Sector 60, Block 240

2026/9/14 15:14:46.440 [TX] - 56 69 56 4F 74 65 63 68 32 00 2C 06 00 08 F0 01 FF FF FF FF FF FF 41 96 
2026/9/14 15:14:46.451 [RX] - 56 69 56 4F 74 65 63 68 32 00 2C 00 00 00 1C 9B 00 00 00 00 00 00 00 00 00 00 00 00 00 00 00 00 00 00 00 00 00 00 00 00 00 00 00 00 00 00 00 00 00 00 00 00 00 00 00 00 00 00 00 00 00 00 00  --- Block 242

2026/9/14 15:14:46.677 [TX] - 56 69 56 4F 74 65 63 68 32 00 2C 07 00 02 31 F2 81 84 
2026/9/14 15:14:46.687 [RX] - 56 69 56 4F 74 65 63 68 32 00 2C 00 00 10 F3 00 00 00 00 00 00 00 00 00 00 00 00 00 00 00 7B AE 00 00 00 00 00 00 00 00 00 00 00 00 00 00 00 00 00 00 00 00 00 00 00 00 00 00 00 00 00 00 00  ---Pass-Through Mode, Stop 

2026/9/14 15:14:46.915 [TX] - 56 69 56 4F 74 65 63 68 32 00 2C 01 00 01 00 0D 38 
2026/9/14 15:14:46.928 [RX] - 56 69 56 4F 74 65 63 68 32 00 2C 00 00 00 1C 9B 00 00 00 00 00 00 00 00 00 00 00 00 00 00 00 00 00 00 00 00 00 00 00 00 00 00 00 00 00 00 00 00 00 00 00 00 00 00 00 00 00 00 00 00 00 00 00  

 Result = PASSED
 ---------- END OF TEST ----------

 

 MASTER RESULT = PASSED


Docklight Log File (HEX) - Stopped 2026/9/14 15:14:48.081 

