Docklight Log File (HEX) - Started 2026/8/13 16:44:16.952 
 TEST CASE: BTS013

 --- Set POS COM PORT Settings
 Set POS COM PORT...
 POS operating on COM90 @ 115200 baud...
 Set POS COM PORT - COMPLETE

 --- Data Encrypt disable

2026/8/13 16:44:18.282 [TX] - 56 69 56 4F 74 65 63 68 32 00 C7 36 00 01 00 0F A7 
2026/8/13 16:44:18.299 [RX] - 56 69 56 4F 74 65 63 68 32 00 C7 00 00 00 86 6E 00 00 00 00 00 00 00 00 00 00 00 00 00 00 00 00 00 00 00 00 00 00 00 00 00 00 00 00 00 00 00 00 00 00 00 00 00 00 00 00 00 00 00 00 00 00 00  

 --- (04-00) DFED3F disable VAS Encryption

2026/8/13 16:44:18.822 [TX] - 56 69 56 4F 74 65 63 68 32 00 04 00 00 05 DF ED 3F 01 00 21 AF 
2026/8/13 16:44:18.876 [RX] - 56 69 56 4F 74 65 63 68 32 00 04 00 00 00 AE 16 00 00 00 00 00 00 00 00 00 00 00 00 00 00 00 00 00 00 00 00 00 00 00 00 00 00 00 00 00 00 00 00 00 00 00 00 00 00 00 00 00 00 00 00 00 00 00  

 --- (04-00) DFEF4B Enable Transact Output

2026/8/13 16:44:19.394 [TX] - 56 69 56 4F 74 65 63 68 32 00 04 00 00 07 DF EF 4B 03 12 00 02 4C 49 
2026/8/13 16:44:19.496 [RX] - 56 69 56 4F 74 65 63 68 32 00 04 00 00 00 AE 16 00 00 00 00 00 00 00 00 00 00 00 00 00 00 00 00 00 00 00 00 00 00 00 00 00 00 00 00 00 00 00 00 00 00 00 00 00 00 00 00 00 00 00 00 00 00 00  

 --- Poll on demand

2026/8/13 16:44:20.013 [TX] - 56 69 56 4F 74 65 63 68 32 00 01 01 00 01 01 D7 34 
2026/8/13 16:44:20.025 [RX] - 56 69 56 4F 74 65 63 68 32 00 01 00 00 00 12 53 00 00 00 00 00 00 00 00 00 00 00 00 00 00 00 00 00 00 00 00 00 00 00 00 00 00 00 00 00 00 00 00 00 00 00 00 00 00 00 00 00 00 00 00 00 00 00  

 --- Burst mode off

2026/8/13 16:44:20.550 [TX] - 56 69 56 4F 74 65 63 68 32 00 04 00 00 05 DF EE 7E 01 00 60 1E 
2026/8/13 16:44:20.608 [RX] - 56 69 56 4F 74 65 63 68 32 00 04 00 00 00 AE 16 00 00 00 00 00 00 00 00 00 00 00 00 00 00 00 00 00 00 00 00 00 00 00 00 00 00 00 00 00 00 00 00 00 00 00 00 00 00 00 00 00 00 00 00 00 00 00  

 --- C7 6D _Set Campus Keyset - FIT

2026/8/13 16:44:21.139 [TX] - 56 69 56 4F 74 65 63 68 32 00 C7 6D 00 C9 00 00 01 01 C9 02 01 1D 03 01 00 04 1D 41 6C 6C 65 67 69 6F 6E 20 46 4C 20 49 6E 73 74 69 74 75 74 65 20 6F 66 20 54 65 63 68 05 03 02 04 19 10 01 00 11 01 01 12 01 00 13 01 05 14 03 A1 1E 00 15 10 DA 76 BD E0 B7 7F 89 46 2E EB 8C D1 9E A3 17 68 16 03 A1 1E 01 17 10 24 56 F7 CC E7 1D 69 03 04 3B 7F E3 9E 01 3B E4 18 03 A1 1E 02 19 10 66 C8 49 02 10 8E 1E 47 B0 83 BE 44 47 33 16 CB 20 01 00 21 01 01 22 01 00 23 01 50 24 03 03 05 25 25 10 3E DC 84 4D 44 17 AD FE D3 EF 70 2B C3 88 3C EC 40 01 01 41 01 02 42 01 00 43 01 30 44 03 F0 32 F5 45 10 A4 34 7E 7C EF 4C 85 CB 48 17 48 8E 25 74 6E 57 46 01 01 CB E8 
2026/8/13 16:44:21.155 [RX] - 56 69 56 4F 74 65 63 68 32 00 C7 00 00 3D 2B 99 51 DC D2 8A 71 97 2B DC F4 56 15 9B A4 04 68 FE 5E C7 17 8D FA EF 94 B1 42 A4 E2 FE 1D 5F 41 6C 6C 65 67 69 6F 6E 20 46 4C 20 49 6E 73 74 69 74 75 74 65 20 6F 66 20 54 65 63 68 33 16 00 00 00 00 00 00 00 00 00 00 00 00 00 00 00 00 00 00 00 00 00 00 00 00 00 00 00 00 00 00 00 00 00 00 00 00 00 00 00 00 00 00 00 00 00 00 00 00 00  

 --- (02-40) Apple VAS (NEO2)

2026/8/13 16:44:23.385 [TX] - 56 69 56 4F 74 65 63 68 32 00 02 40 00 29 30 9F 02 06 00 00 00 00 00 01 FF EE 06 1B 9F 22 02 02 00 9F 26 04 00 00 00 02 DF ED 57 06 C3 02 00 02 00 01 DF EE 01 01 03 5E DD 
2026/8/13 16:44:23.416 [RX] - 56 69 56 4F 74 65 63 68 32 00 02 63 00 00 4B B4 00 00 00 00 00 00 00 00 00 00 00 00 00 00 00 00 00 00 00 00 00 00 00 00 00 00 00 00 00 00 00 00 00 00 00 00 00 00 00 00 00 00 00 00 00 00 00 56 69 56 4F 74 65 63 68 32 00 02 00 00 1F 21 DF EE 26 02 21 00 DF ED 44 07 90 1D AB 2A 1F 96 04 9F 39 01 07 FF EE 01 05 DF EE 30 01 00 B2 F1 00 00 00 00 00 00 00 00 00 00 00 00 00 00 00 00  
Tag DFEF4C/ DFEF4D: FAIL
 
** FAIL **
 

 --- (02 40) SmartTap 2

2026/8/13 16:44:27.641 [TX] - 56 69 56 4F 74 65 63 68 32 00 02 40 00 22 30 9F 02 06 00 00 00 00 00 01 FF EE 08 14 DF ED 57 06 00 00 00 02 00 01 DF EF 1A 01 02 DF ED 28 01 00 9F 4F 
2026/8/13 16:44:27.671 [RX] - 56 69 56 4F 74 65 63 68 32 00 02 63 00 00 4B B4 00 00 00 00 00 00 00 00 00 00 00 00 00 00 00 00 00 00 00 00 00 00 00 00 00 00 00 00 00 00 00 00 00 00 00 00 00 00 00 00 00 00 00 00 00 00 00 56 69 56 4F 74 65 63 68 32 00 02 00 00 1F 21 DF EE 26 02 21 00 DF ED 44 07 90 1D AB 2A 1F 96 04 9F 39 01 07 FF EE 01 05 DF EE 30 01 00 B2 F1 00 00 00 00 00 00 00 00 00 00 00 00 00 00 00 00  
Tag DFEF4C/ DFEF4D: FAIL
 
** FAIL **


Docklight Log File (HEX) - Stopped 2026/8/13 16:44:32.895 

