Docklight Log File (HEX) - Started 2026/9/21 13:30:06.465 
 TEST CASE: ADPT102

 --- Set POS COM PORT Settings
 Set POS COM PORT...
 POS operating on COM90 @ 115200 baud...
 Set POS COM PORT - COMPLETE


2026/9/21 13:30:07.651 [TX] - 56 69 56 4F 74 65 63 68 32 00 2C 01 00 01 00 0D 38 
2026/9/21 13:30:07.658 [RX] - 56 69 56 4F 74 65 63 68 32 00 2C 0C 00 00 69 FA 00 00 00 00 00 00 00 00 00 00 00 00 00 00 00 00 00 00 00 00 00 00 00 00 00 00 00 00 00 00 00 00 00 00 00 00 00 00 00 00 00 00 00 00 00 00 00  

 --- Set Configuration Global On = 02 = Felica auto switch (NEO3)

2026/9/21 13:30:08.871 [TX] - 56 69 56 4F 74 65 63 68 32 00 04 00 00 05 DF EE 7C 01 02 50 42 
2026/9/21 13:30:08.907 [RX] - 56 69 56 4F 74 65 63 68 32 00 04 00 00 00 AE 16 00 00 00 00 00 00 00 00 00 00 00 00 00 00 00 00 00 00 00 00 00 00 00 00 00 00 00 00 00 00 00 00 00 00 00 00 00 00 00 00 00 00 00 00 00 00 00  

 --- cmd 02-40

2026/9/21 13:30:11.258 [TX] - 56 69 56 4F 74 65 63 68 32 00 02 40 00 0D 0A 9C 01 00 9F 02 06 00 00 00 00 15 00 D7 19 
2026/9/21 13:30:11.407 [RX] - 56 69 56 4F 74 65 63 68 32 00 02 50 00 26 E1 DF EE 26 02 E1 00 DF EE 02 04 27 90 00 00 DF EC 0F 13 04 FF FF 01 2E 30 D3 47 18 85 7B 00 F1 00 00 00 01 43 00 81 8A 00 00 00 00 00 00 00 00 00  

 --- Poll tag 3 

2026/9/21 13:30:12.142 [TX] - 56 69 56 4F 74 65 63 68 32 00 2C 40 00 02 FF 22 0C 1B 
2026/9/21 13:30:12.751 [RX] - 56 69 56 4F 74 65 63 68 32 00 2C 00 00 09 00 01 2E 30 D3 47 18 85 7B C6 89 00 00 00 00 00 00 00 00 00 00 00 00 00 00 00 00 00 00 00 00 00 00 00 00 00 00 00 00 00 00 00 00 00 00 00 00 00 00 
2026/9/21 13:30:22.152 [TX] - 56 69 56 4F 74 65 63 68 32 00 2C 01 00 01 00 0D 38 
2026/9/21 13:30:22.166 [RX] - 56 69 56 4F 74 65 63 68 32 00 2C 00 00 00 1C 9B 00 00 00 00 00 00 00 00 00 00 00 00 00 00 00 00 00 00 00 00 00 00 00 00 00 00 00 00 00 00 00 00 00 00 00 00 00 00 00 00 00 00 00 00 00 00 00  


2026/9/21 13:30:22.968 [TX] - 56 69 56 4F 74 65 63 68 32 00 04 00 00 05 DF EE 7C 01 00 70 00 
2026/9/21 13:30:23.038 [RX] - 56 69 56 4F 74 65 63 68 32 00 04 00 00 00 AE 16 00 00 00 00 00 00 00 00 00 00 00 00 00 00 00 00 00 00 00 00 00 00 00 00 00 00 00 00 00 00 00 00 00 00 00 00 00 00 00 00 00 00 00 00 00 00 00  

 ---------- END OF TEST ----------

 Result = FAILED
 

 MASTER RESULT = FAILED


Docklight Log File (HEX) - Stopped 2026/9/21 13:30:24.088 

