Docklight Log File (HEX) - Started 2026/10/6 14:23:50.198 
 TEST CASE: EDC01-3

 --- Set POS COM PORT Settings
 Set POS COM PORT...
 POS operating on COM90 @ 115200 baud...
 Set POS COM PORT - COMPLETE

 --- Poll on Demand

2026/10/6 14:23:51.356 [TX] - 56 69 56 4F 74 65 63 68 32 00 01 01 00 01 01 D7 34 
2026/10/6 14:23:51.367 [RX] - 56 69 56 4F 74 65 63 68 32 00 01 00 00 00 12 53 00 00 00 00 00 00 00 00 00 00 00 00 00 00 00 00 00 00 00 00 00 00 00 00 00 00 00 00 00 00 00 00 00 00 00 00 00 00 00 00 00 00 00 00 00 00 00  

 --- Burst mode Off

2026/10/6 14:23:51.904 [TX] - 56 69 56 4F 74 65 63 68 32 00 04 00 00 05 DF EE 7E 01 00 60 1E 
2026/10/6 14:23:51.940 [RX] - 56 69 56 4F 74 65 63 68 32 00 04 00 00 00 AE 16 00 00 00 00 00 00 00 00 00 00 00 00 00 00 00 00 00 00 00 00 00 00 00 00 00 00 00 00 00 00 00 00 00 00 00 00 00 00 00 00 00 00 00 00 00 00 00 
2026/10/6 14:23:51.949 [TX] - 56 69 56 4F 74 65 63 68 32 00 04 03 00 B5 DF EE 2D 01 80 5F 57 00 9F 01 00 DF EE 28 03 00 08 08 DF EE 29 03 00 60 08 DF EE 6B 08 30 30 30 30 30 30 30 30 DF 81 1B 01 40 DF 81 1E 01 10 DF 81 2C 01 00 DF 81 1C 02 00 00 9F 15 02 11 11 9F 16 00 9F 4E 00 9F 7E 00 9F 1B 04 00 00 27 10 DF 81 24 06 00 00 00 03 00 00 DF 81 25 06 00 00 00 05 00 00 DF 81 26 06 00 00 00 00 10 00 FF FD 05 00 00 00 00 00 FF FE 05 00 00 00 00 00 FF FF 05 00 00 00 00 00 9F 33 03 00 08 08 9F 1A 02 00 56 9F 1C 00 9F 35 01 22 9A 03 FF FF FF 5F 2A 02 09 78 5F 36 01 02 9F 21 03 FF FF FF DF EE 37 01 03 DF EE 38 01 00 74 C9 
2026/10/6 14:23:51.961 [RX] - 56 69 56 4F 74 65 63 68 32 00 04 05 00 00 45 E6 00 00 00 00 00 00 00 00 00 00 00 00 00 00 00 00 00 00 00 00 00 00 00 00 00 00 00 00 00 00 00 00 00 00 00 00 00 00 00 00 00 00 00 00 00 00 00 
2026/10/6 14:23:52.463 [TX] - 56 69 56 4F 74 65 63 68 32 00 04 03 00 E5 DF EE 2D 01 80 9F 01 00 9F 1A 02 08 40 9F 1C 00 9F 1D 08 6C FF 00 00 00 00 00 00 5F 57 00 DF 60 00 DF 62 00 DF 63 00 DF 81 08 00 DF 81 09 00 DF 81 0A 00 DF 81 0D 00 DF 81 17 01 00 DF 81 18 01 60 DF 81 19 01 08 DF 81 1A 03 9F 6A 04 DF 81 1B 01 40 DF 81 1C 02 00 00 DF 81 1D 01 00 DF 81 1E 01 10 DF 81 1F 01 08 DF 81 20 05 00 00 00 00 00 DF 81 22 05 00 00 00 00 00 DF 81 21 05 00 00 00 00 00 DF 81 23 06 00 00 00 01 00 00 DF 81 24 06 00 00 00 03 00 00 DF 81 25 06 00 00 00 05 00 00 DF 81 26 06 00 00 00 00 10 00 DF 81 2C 01 00 9F 09 02 00 02 9F 15 02 11 11 9F 16 00 9F 1E 08 30 30 30 30 30 30 30 30 9F 33 00 9F 35 01 22 9F 40 05 00 00 00 00 00 9F 4E 00 9F 6D 02 00 01 9F 7E 00 9F 53 01 00 15 38 
2026/10/6 14:23:52.500 [RX] - 56 69 56 4F 74 65 63 68 32 00 04 00 00 00 AE 16 00 00 00 00 00 00 00 00 00 00 00 00 00 00 00 00 00 00 00 00 00 00 00 00 00 00 00 00 00 00 00 00 00 00 00 00 00 00 00 00 00 00 00 00 00 00 00  

 --- 04-00-----DFEF4B = 20 T1

2026/10/6 14:23:52.976 [TX] - 56 69 56 4F 74 65 63 68 32 00 04 00 00 07 DF EF 4B 03 20 00 00 CB C2 
2026/10/6 14:23:53.040 [RX] - 56 69 56 4F 74 65 63 68 32 00 04 00 00 00 AE 16 00 00 00 00 00 00 00 00 00 00 00 00 00 00 00 00 00 00 00 00 00 00 00 00 00 00 00 00 00 00 00 00 00 00 00 00 00 00 00 00 00 00 00 00 00 00 00  

 --- 02-40 Activate Transaction

2026/10/6 14:23:53.747 [TX] - 56 69 56 4F 74 65 63 68 32 00 02 40 00 15 0A 9F 02 06 00 00 00 00 10 00 9A 03 07 11 21 9F 21 03 10 15 20 5E 34 
2026/10/6 14:23:54.769 [RX] - 56 69 56 4F 74 65 63 68 32 00 02 23 02 54 31 DF EE 26 02 31 00 DF 81 16 0D 1E 04 00 00 00 65 6E 00 00 00 00 00 00 DF 81 29 08 30 F0 F0 00 30 F0 FF 00 FF 81 06 30 DF 81 2A 0D 30 30 30 30 30 30 30 30 30 30 30 30 30 DF 81 2B 07 00 00 00 00 00 00 0F DF 81 15 06 00 00 00 00 00 FF 9F 6E 07 08 40 00 00 30 30 00 FF 81 05 82 01 2A 4F 07 A0 00 00 00 04 10 10 50 10 44 65 62 69 74 20 4D 61 73 74 65 72 43 61 72 64 56 29 42 35 31 32 38 35 37 30 31 30 30 30 33 38 30 37 32 5E 20 2F 5E 31 38 30 33 36 32 32 30 30 30 37 37 38 33 39 34 33 36 33 32 82 02 19 80 84 07 A0 00 00 00 04 10 10 95 05 00 00 00 00 00 9A 03 07 11 21 9B 02 00 00 9C 01 00 5F 2D 02 65 6E 9F 01 00 9F 02 06 00 00 00 00 10 00 9F 06 07 A0 00 00 00 04 10 10 9F 09 02 00 02 9F 11 01 01 9F 12 10 44 65 62 69 74 20 4D 61 73 74 65 72 43 61 72 64 9F 15 02 11 11 9F 16 00 9F 1A 02 08 40 9F 1C 00 9F 1D 08 6C FF 00 00 00 00 00 00 9F 1E 08 33 5A 30 30 31 30 35 35 9F 21 03 10 15 20 9F 2A 01 02 9F 33 03 00 00 08 9F 34 03 00 00 00 9F 35 01 22 9F 36 02 1E 67 9F 37 04 89 AE 76 B0 9F 39 01 91 9F 40 05 00 00 00 00 00 9F 41 04 00 00 00 01 9F 4E 00 9F 53 01 00 9F 66 02 07 F0 9F 6A 04 00 00 00 94 9F 6B 13 51 28 57 01 00 03 80 72 D1 80 36 22 00 07 78 39 43 35 2F 9F 6D 02 00 01 DF 81 0C 01 02 96 08 02 00 00 00 00 00 00 00 DF EE 4C 01 03 DF EC 1C 1E 08 03 00 03 FF 00 1E 04 00 00 00 00 81 29 08 30 F0 F0 00 30 65 6E 00 00 00 00 00 00 FF 00 DF EF 17 29 42 35 31 32 38 35 37 30 31 30 30 30 33 38 30 37 32 5E 20 2F 5E 31 38 30 33 36 32 32 30 30 30 37 37 38 33 39 34 33 36 33 32 DF EF 18 25 35 31 32 38 35 37 30 31 30 30 30 33 38 30 37 32 3D 31 38 30 33 36 32 32 30 30 30 37 37 38 33 39 34 33 33 35 32 DF EF 4C 06 29 00 00 00 00 00 DF EF 4D 29 42 35 31 32 38 35 37 30 31 30 30 30 33 38 30 37 32 5E 20 2F 5E 31 38 30 33 36 32 32 30 30 30 37 37 38 33 39 34 33 36 33 32 FF EE 01 05 DF EE 30 01 00 99 08 00 00 00 00 00 00 00 00 00 00 00 00 00 00 00 00 00 00  

 --- 04-00-----DFEF4B = 10 T2

2026/10/6 14:23:55.312 [TX] - 56 69 56 4F 74 65 63 68 32 00 04 00 00 07 DF EF 4B 03 10 00 00 6E 07 
2026/10/6 14:23:55.458 [RX] - 56 69 56 4F 74 65 63 68 32 00 04 00 00 00 AE 16 00 00 00 00 00 00 00 00 00 00 00 00 00 00 00 00 00 00 00 00 00 00 00 00 00 00 00 00 00 00 00 00 00 00 00 00 00 00 00 00 00 00 00 00 00 00 00  

 --- 02-40 Activate Transaction

2026/10/6 14:23:56.082 [TX] - 56 69 56 4F 74 65 63 68 32 00 02 40 00 15 0A 9F 02 06 00 00 00 00 10 00 9A 03 07 11 21 9F 21 03 10 15 20 5E 34 
2026/10/6 14:23:56.640 [RX] - 56 69 56 4F 74 65 63 68 32 00 02 23 02 50 31 DF EE 26 02 31 00 DF 81 16 0D 1E 04 00 00 00 65 6E 00 00 00 00 00 00 DF 81 29 08 30 F0 F0 00 30 F0 FF 00 FF 81 06 30 DF 81 2A 0D 30 30 30 30 30 30 30 30 30 30 30 30 30 DF 81 2B 07 00 00 00 00 00 00 0F DF 81 15 06 00 00 00 00 00 FF 9F 6E 07 08 40 00 00 30 30 00 FF 81 05 82 01 2A 4F 07 A0 00 00 00 04 10 10 50 10 44 65 62 69 74 20 4D 61 73 74 65 72 43 61 72 64 56 29 42 35 31 32 38 35 37 30 31 30 30 30 33 38 30 37 32 5E 20 2F 5E 31 38 30 33 36 32 32 30 30 30 37 37 38 34 37 34 38 39 34 32 82 02 19 80 84 07 A0 00 00 00 04 10 10 95 05 00 00 00 00 00 9A 03 07 11 21 9B 02 00 00 9C 01 00 5F 2D 02 65 6E 9F 01 00 9F 02 06 00 00 00 00 10 00 9F 06 07 A0 00 00 00 04 10 10 9F 09 02 00 02 9F 11 01 01 9F 12 10 44 65 62 69 74 20 4D 61 73 74 65 72 43 61 72 64 9F 15 02 11 11 9F 16 00 9F 1A 02 08 40 9F 1C 00 9F 1D 08 6C FF 00 00 00 00 00 00 9F 1E 08 33 5A 30 30 31 30 35 35 9F 21 03 10 15 20 9F 2A 01 02 9F 33 03 00 00 08 9F 34 03 00 00 00 9F 35 01 22 9F 36 02 1E 68 9F 37 04 A0 FE 65 28 9F 39 01 91 9F 40 05 00 00 00 00 00 9F 41 04 00 00 00 02 9F 4E 00 9F 53 01 00 9F 66 02 07 F0 9F 6A 04 00 00 00 74 9F 6B 13 51 28 57 01 00 03 80 72 D1 80 36 22 00 07 78 47 41 23 2F 9F 6D 02 00 01 DF 81 0C 01 02 96 08 02 00 00 00 00 00 00 00 DF EE 4C 01 03 DF EC 1C 1E 08 03 00 03 FF 00 1E 04 00 00 00 00 81 29 08 30 F0 F0 00 30 65 6E 00 00 00 00 00 00 FF 00 DF EF 17 29 42 35 31 32 38 35 37 30 31 30 30 30 33 38 30 37 32 5E 20 2F 5E 31 38 30 33 36 32 32 30 30 30 37 37 38 34 37 34 38 39 34 32 DF EF 18 25 35 31 32 38 35 37 30 31 30 30 30 33 38 30 37 32 3D 31 38 30 33 36 32 32 30 30 30 37 37 38 34 37 34 31 32 33 32 DF EF 4C 06 00 25 00 00 00 00 DF EF 4D 25 35 31 32 38 35 37 30 31 30 30 30 33 38 30 37 32 3D 31 38 30 33 36 32 32 30 30 30 37 37 38 34 37 34 31 32 33 32 FF EE 01 05 DF EE 30 01 00 D6 2D 00 00 00 00 00 00 00 00 00 00 00 00 00 00 00 00 00 00 00 00 00 00  

 --- 04-00-----DFEF4B = 08 T3

2026/10/6 14:23:57.193 [TX] - 56 69 56 4F 74 65 63 68 32 00 04 00 00 07 DF EF 4B 03 08 00 00 AC ED 
2026/10/6 14:23:57.257 [RX] - 56 69 56 4F 74 65 63 68 32 00 04 00 00 00 AE 16 00 00 00 00 00 00 00 00 00 00 00 00 00 00 00 00 00 00 00 00 00 00 00 00 00 00 00 00 00 00 00 00 00 00 00 00 00 00 00 00 00 00 00 00 00 00 00  

 --- 02-40 Activate Transaction

2026/10/6 14:23:57.682 [TX] - 56 69 56 4F 74 65 63 68 32 00 02 40 00 15 0A 9F 02 06 00 00 00 00 10 00 9A 03 07 11 21 9F 21 03 10 15 20 5E 34 
2026/10/6 14:23:58.142 [RX] - 56 69 56 4F 74 65 63 68 32 00 02 23 02 2B 31 DF EE 26 02 31 00 DF 81 16 0D 1E 04 00 00 00 65 6E 00 00 00 00 00 00 DF 81 29 08 30 F0 F0 00 30 F0 FF 00 FF 81 06 30 DF 81 2A 0D 30 30 30 30 30 30 30 30 30 30 30 30 30 DF 81 2B 07 00 00 00 00 00 00 0F DF 81 15 06 00 00 00 00 00 FF 9F 6E 07 08 40 00 00 30 30 00 FF 81 05 82 01 2A 4F 07 A0 00 00 00 04 10 10 50 10 44 65 62 69 74 20 4D 61 73 74 65 72 43 61 72 64 56 29 42 35 31 32 38 35 37 30 31 30 30 30 33 38 30 37 32 5E 20 2F 5E 31 38 30 33 36 32 32 30 30 30 37 37 38 35 39 35 31 31 31 32 82 02 19 80 84 07 A0 00 00 00 04 10 10 95 05 00 00 00 00 00 9A 03 07 11 21 9B 02 00 00 9C 01 00 5F 2D 02 65 6E 9F 01 00 9F 02 06 00 00 00 00 10 00 9F 06 07 A0 00 00 00 04 10 10 9F 09 02 00 02 9F 11 01 01 9F 12 10 44 65 62 69 74 20 4D 61 73 74 65 72 43 61 72 64 9F 15 02 11 11 9F 16 00 9F 1A 02 08 40 9F 1C 00 9F 1D 08 6C FF 00 00 00 00 00 00 9F 1E 08 33 5A 30 30 31 30 35 35 9F 21 03 10 15 20 9F 2A 01 02 9F 33 03 00 00 08 9F 34 03 00 00 00 9F 35 01 22 9F 36 02 1E 69 9F 37 04 B3 F4 93 3C 9F 39 01 91 9F 40 05 00 00 00 00 00 9F 41 04 00 00 00 03 9F 4E 00 9F 53 01 00 9F 66 02 07 F0 9F 6A 04 00 00 00 95 9F 6B 13 51 28 57 01 00 03 80 72 D1 80 36 22 00 07 78 59 55 37 2F 9F 6D 02 00 01 DF 81 0C 01 02 96 08 02 00 00 00 00 00 00 00 DF EE 4C 01 03 DF EC 1C 1E 08 03 00 03 FF 00 1E 04 00 00 00 00 81 29 08 30 F0 F0 00 30 65 6E 00 00 00 00 00 00 FF 00 DF EF 17 29 42 35 31 32 38 35 37 30 31 30 30 30 33 38 30 37 32 5E 20 2F 5E 31 38 30 33 36 32 32 30 30 30 37 37 38 35 39 35 31 31 31 32 DF EF 18 25 35 31 32 38 35 37 30 31 30 30 30 33 38 30 37 32 3D 31 38 30 33 36 32 32 30 30 30 37 37 38 35 39 35 35 33 37 32 DF EF 4C 06 00 00 00 00 00 00 DF EF 4D 00 FF EE 01 05 DF EE 30 01 00 F5 72 00 00 00 00 00 00 00 00 00 00 00 00 00 00 00 00 00 00 00 00 00 00 00 00 00 00 00 00 00 00 00 00 00 00 00 00 00 00 00 00 00 00 00 00 00 00 00 00 00 00 00 00 00 00 00 00 00 00 00  

 --- 04-00-----DFEF4B = 30 T1+T2

2026/10/6 14:23:58.698 [TX] - 56 69 56 4F 74 65 63 68 32 00 04 00 00 07 DF EF 4B 03 30 00 00 A8 81 
2026/10/6 14:23:58.763 [RX] - 56 69 56 4F 74 65 63 68 32 00 04 00 00 00 AE 16 00 00 00 00 00 00 00 00 00 00 00 00 00 00 00 00 00 00 00 00 00 00 00 00 00 00 00 00 00 00 00 00 00 00 00 00 00 00 00 00 00 00 00 00 00 00 00  

 --- 02-40 Activate Transaction

2026/10/6 14:23:59.154 [TX] - 56 69 56 4F 74 65 63 68 32 00 02 40 00 15 0A 9F 02 06 00 00 00 00 10 00 9A 03 07 11 21 9F 21 03 10 15 20 5E 34 
2026/10/6 14:23:59.580 [RX] - 56 69 56 4F 74 65 63 68 32 00 02 23 02 79 31 DF EE 26 02 31 00 DF 81 16 0D 1E 04 00 00 00 65 6E 00 00 00 00 00 00 DF 81 29 08 30 F0 F0 00 30 F0 FF 00 FF 81 06 30 DF 81 2A 0D 30 30 30 30 30 30 30 30 30 30 30 30 30 DF 81 2B 07 00 00 00 00 00 00 0F DF 81 15 06 00 00 00 00 00 FF 9F 6E 07 08 40 00 00 30 30 00 FF 81 05 82 01 2A 4F 07 A0 00 00 00 04 10 10 50 10 44 65 62 69 74 20 4D 61 73 74 65 72 43 61 72 64 56 29 42 35 31 32 38 35 37 30 31 30 30 30 33 38 30 37 32 5E 20 2F 5E 31 38 30 33 36 32 32 30 30 30 37 37 38 36 31 34 38 39 37 32 82 02 19 80 84 07 A0 00 00 00 04 10 10 95 05 00 00 00 00 00 9A 03 07 11 21 9B 02 00 00 9C 01 00 5F 2D 02 65 6E 9F 01 00 9F 02 06 00 00 00 00 10 00 9F 06 07 A0 00 00 00 04 10 10 9F 09 02 00 02 9F 11 01 01 9F 12 10 44 65 62 69 74 20 4D 61 73 74 65 72 43 61 72 64 9F 15 02 11 11 9F 16 00 9F 1A 02 08 40 9F 1C 00 9F 1D 08 6C FF 00 00 00 00 00 00 9F 1E 08 33 5A 30 30 31 30 35 35 9F 21 03 10 15 20 9F 2A 01 02 9F 33 03 00 00 08 9F 34 03 00 00 00 9F 35 01 22 9F 36 02 1E 6A 9F 37 04 DF 5A AA 2B 9F 39 01 91 9F 40 05 00 00 00 00 00 9F 41 04 00 00 00 04 9F 4E 00 9F 53 01 00 9F 66 02 07 F0 9F 6A 04 00 00 00 14 9F 6B 13 51 28 57 01 00 03 80 72 D1 80 36 22 00 07 78 61 41 87 2F 9F 6D 02 00 01 DF 81 0C 01 02 96 08 02 00 00 00 00 00 00 00 DF EE 4C 01 03 DF EC 1C 1E 08 03 00 03 FF 00 1E 04 00 00 00 00 81 29 08 30 F0 F0 00 30 65 6E 00 00 00 00 00 00 FF 00 DF EF 17 29 42 35 31 32 38 35 37 30 31 30 30 30 33 38 30 37 32 5E 20 2F 5E 31 38 30 33 36 32 32 30 30 30 37 37 38 36 31 34 38 39 37 32 DF EF 18 25 35 31 32 38 35 37 30 31 30 30 30 33 38 30 37 32 3D 31 38 30 33 36 32 32 30 30 30 37 37 38 36 31 34 31 38 37 32 DF EF 4C 06 29 25 00 00 00 00 DF EF 4D 4E 42 35 31 32 38 35 37 30 31 30 30 30 33 38 30 37 32 5E 20 2F 5E 31 38 30 33 36 32 32 30 30 30 37 37 38 36 31 34 38 39 37 32 35 31 32 38 35 37 30 31 30 30 30 33 38 30 37 32 3D 31 38 30 33 36 32 32 30 30 30 37 37 38 36 31 34 31 38 37 32 FF EE 01 05 DF EE 30 01 00 28 62 00 00 00 00 00 00 00 00 00 00 00 00 00 00 00 00 00 00 00 00 00 00 00 00 00 00 00 00 00 00 00 00 00 00 00 00 00 00 00 00 00 00 00 00  

 --- 04-00-----DFEF4B = 28 T1+T3

2026/10/6 14:24:00.118 [TX] - 56 69 56 4F 74 65 63 68 32 00 04 00 00 07 DF EF 4B 03 28 00 00 6A 6B 
2026/10/6 14:24:00.268 [RX] - 56 69 56 4F 74 65 63 68 32 00 04 00 00 00 AE 16 00 00 00 00 00 00 00 00 00 00 00 00 00 00 00 00 00 00 00 00 00 00 00 00 00 00 00 00 00 00 00 00 00 00 00 00 00 00 00 00 00 00 00 00 00 00 00  

 --- 02-40 Activate Transaction

2026/10/6 14:24:00.610 [TX] - 56 69 56 4F 74 65 63 68 32 00 02 40 00 15 0A 9F 02 06 00 00 00 00 10 00 9A 03 07 11 21 9F 21 03 10 15 20 5E 34 
2026/10/6 14:24:01.118 [RX] - 56 69 56 4F 74 65 63 68 32 00 02 23 02 54 31 DF EE 26 02 31 00 DF 81 16 0D 1E 04 00 00 00 65 6E 00 00 00 00 00 00 DF 81 29 08 30 F0 F0 00 30 F0 FF 00 FF 81 06 30 DF 81 2A 0D 30 30 30 30 30 30 30 30 30 30 30 30 30 DF 81 2B 07 00 00 00 00 00 00 0F DF 81 15 06 00 00 00 00 00 FF 9F 6E 07 08 40 00 00 30 30 00 FF 81 05 82 01 2A 4F 07 A0 00 00 00 04 10 10 50 10 44 65 62 69 74 20 4D 61 73 74 65 72 43 61 72 64 56 29 42 35 31 32 38 35 37 30 31 30 30 30 33 38 30 37 32 5E 20 2F 5E 31 38 30 33 36 32 32 30 30 30 37 37 38 37 33 32 39 39 39 32 82 02 19 80 84 07 A0 00 00 00 04 10 10 95 05 00 00 00 00 00 9A 03 07 11 21 9B 02 00 00 9C 01 00 5F 2D 02 65 6E 9F 01 00 9F 02 06 00 00 00 00 10 00 9F 06 07 A0 00 00 00 04 10 10 9F 09 02 00 02 9F 11 01 01 9F 12 10 44 65 62 69 74 20 4D 61 73 74 65 72 43 61 72 64 9F 15 02 11 11 9F 16 00 9F 1A 02 08 40 9F 1C 00 9F 1D 08 6C FF 00 00 00 00 00 00 9F 1E 08 33 5A 30 30 31 30 35 35 9F 21 03 10 15 20 9F 2A 01 02 9F 33 03 00 00 08 9F 34 03 00 00 00 9F 35 01 22 9F 36 02 1E 6B 9F 37 04 F7 3D 7A AA 9F 39 01 91 9F 40 05 00 00 00 00 00 9F 41 04 00 00 00 05 9F 4E 00 9F 53 01 00 9F 66 02 07 F0 9F 6A 04 00 00 00 32 9F 6B 13 51 28 57 01 00 03 80 72 D1 80 36 22 00 07 78 73 27 89 2F 9F 6D 02 00 01 DF 81 0C 01 02 96 08 02 00 00 00 00 00 00 00 DF EE 4C 01 03 DF EC 1C 1E 08 03 00 03 FF 00 1E 04 00 00 00 00 81 29 08 30 F0 F0 00 30 65 6E 00 00 00 00 00 00 FF 00 DF EF 17 29 42 35 31 32 38 35 37 30 31 30 30 30 33 38 30 37 32 5E 20 2F 5E 31 38 30 33 36 32 32 30 30 30 37 37 38 37 33 32 39 39 39 32 DF EF 18 25 35 31 32 38 35 37 30 31 30 30 30 33 38 30 37 32 3D 31 38 30 33 36 32 32 30 30 30 37 37 38 37 33 32 37 38 39 32 DF EF 4C 06 29 00 00 00 00 00 DF EF 4D 29 42 35 31 32 38 35 37 30 31 30 30 30 33 38 30 37 32 5E 20 2F 5E 31 38 30 33 36 32 32 30 30 30 37 37 38 37 33 32 39 39 39 32 FF EE 01 05 DF EE 30 01 00 01 43 00 00 00 00 00 00 00 00 00 00 00 00 00 00 00 00 00 00  

 --- 04-00-----DFEF4B = 18 T2+T3

2026/10/6 14:24:01.667 [TX] - 56 69 56 4F 74 65 63 68 32 00 04 00 00 07 DF EF 4B 03 18 00 00 CF AE 
2026/10/6 14:24:01.731 [RX] - 56 69 56 4F 74 65 63 68 32 00 04 00 00 00 AE 16 00 00 00 00 00 00 00 00 00 00 00 00 00 00 00 00 00 00 00 00 00 00 00 00 00 00 00 00 00 00 00 00 00 00 00 00 00 00 00 00 00 00 00 00 00 00 00  

 --- 02-40 Activate Transaction

2026/10/6 14:24:02.339 [TX] - 56 69 56 4F 74 65 63 68 32 00 02 40 00 15 0A 9F 02 06 00 00 00 00 10 00 9A 03 07 11 21 9F 21 03 10 15 20 5E 34 
2026/10/6 14:24:02.771 [RX] - 56 69 56 4F 74 65 63 68 32 00 02 23 02 50 31 DF EE 26 02 31 00 DF 81 16 0D 1E 04 00 00 00 65 6E 00 00 00 00 00 00 DF 81 29 08 30 F0 F0 00 30 F0 FF 00 FF 81 06 30 DF 81 2A 0D 30 30 30 30 30 30 30 30 30 30 30 30 30 DF 81 2B 07 00 00 00 00 00 00 0F DF 81 15 06 00 00 00 00 00 FF 9F 6E 07 08 40 00 00 30 30 00 FF 81 05 82 01 2A 4F 07 A0 00 00 00 04 10 10 50 10 44 65 62 69 74 20 4D 61 73 74 65 72 43 61 72 64 56 29 42 35 31 32 38 35 37 30 31 30 30 30 33 38 30 37 32 5E 20 2F 5E 31 38 30 33 36 32 32 30 30 30 37 37 38 38 36 37 33 36 32 32 82 02 19 80 84 07 A0 00 00 00 04 10 10 95 05 00 00 00 00 00 9A 03 07 11 21 9B 02 00 00 9C 01 00 5F 2D 02 65 6E 9F 01 00 9F 02 06 00 00 00 00 10 00 9F 06 07 A0 00 00 00 04 10 10 9F 09 02 00 02 9F 11 01 01 9F 12 10 44 65 62 69 74 20 4D 61 73 74 65 72 43 61 72 64 9F 15 02 11 11 9F 16 00 9F 1A 02 08 40 9F 1C 00 9F 1D 08 6C FF 00 00 00 00 00 00 9F 1E 08 33 5A 30 30 31 30 35 35 9F 21 03 10 15 20 9F 2A 01 02 9F 33 03 00 00 08 9F 34 03 00 00 00 9F 35 01 22 9F 36 02 1E 6C 9F 37 04 F1 8C A2 A5 9F 39 01 91 9F 40 05 00 00 00 00 00 9F 41 04 00 00 00 06 9F 4E 00 9F 53 01 00 9F 66 02 07 F0 9F 6A 04 00 00 00 67 9F 6B 13 51 28 57 01 00 03 80 72 D1 80 36 22 00 07 78 86 74 20 2F 9F 6D 02 00 01 DF 81 0C 01 02 96 08 02 00 00 00 00 00 00 00 DF EE 4C 01 03 DF EC 1C 1E 08 03 00 03 FF 00 1E 04 00 00 00 00 81 29 08 30 F0 F0 00 30 65 6E 00 00 00 00 00 00 FF 00 DF EF 17 29 42 35 31 32 38 35 37 30 31 30 30 30 33 38 30 37 32 5E 20 2F 5E 31 38 30 33 36 32 32 30 30 30 37 37 38 38 36 37 33 36 32 32 DF EF 18 25 35 31 32 38 35 37 30 31 30 30 30 33 38 30 37 32 3D 31 38 30 33 36 32 32 30 30 30 37 37 38 38 36 37 34 32 30 32 DF EF 4C 06 00 25 00 00 00 00 DF EF 4D 25 35 31 32 38 35 37 30 31 30 30 30 33 38 30 37 32 3D 31 38 30 33 36 32 32 30 30 30 37 37 38 38 36 37 34 32 30 32 FF EE 01 05 DF EE 30 01 00 AD 55 00 00 00 00 00 00 00 00 00 00 00 00 00 00 00 00 00 00 00 00 00 00  

 --- 04-00-----DFEF4B = 38 T1+T2+T3

2026/10/6 14:24:03.324 [TX] - 56 69 56 4F 74 65 63 68 32 00 04 00 00 07 DF EF 4B 03 38 00 00 09 28 
2026/10/6 14:24:03.390 [RX] - 56 69 56 4F 74 65 63 68 32 00 04 00 00 00 AE 16 00 00 00 00 00 00 00 00 00 00 00 00 00 00 00 00 00 00 00 00 00 00 00 00 00 00 00 00 00 00 00 00 00 00 00 00 00 00 00 00 00 00 00 00 00 00 00  

 --- 02-40 Activate Transaction

2026/10/6 14:24:03.779 [TX] - 56 69 56 4F 74 65 63 68 32 00 02 40 00 15 0A 9F 02 06 00 00 00 00 10 00 9A 03 07 11 21 9F 21 03 10 15 20 5E 34 
2026/10/6 14:24:04.204 [RX] - 56 69 56 4F 74 65 63 68 32 00 02 23 02 79 31 DF EE 26 02 31 00 DF 81 16 0D 1E 04 00 00 00 65 6E 00 00 00 00 00 00 DF 81 29 08 30 F0 F0 00 30 F0 FF 00 FF 81 06 30 DF 81 2A 0D 30 30 30 30 30 30 30 30 30 30 30 30 30 DF 81 2B 07 00 00 00 00 00 00 0F DF 81 15 06 00 00 00 00 00 FF 9F 6E 07 08 40 00 00 30 30 00 FF 81 05 82 01 2A 4F 07 A0 00 00 00 04 10 10 50 10 44 65 62 69 74 20 4D 61 73 74 65 72 43 61 72 64 56 29 42 35 31 32 38 35 37 30 31 30 30 30 33 38 30 37 32 5E 20 2F 5E 31 38 30 33 36 32 32 30 30 30 37 37 38 39 31 39 35 36 35 32 82 02 19 80 84 07 A0 00 00 00 04 10 10 95 05 00 00 00 00 00 9A 03 07 11 21 9B 02 00 00 9C 01 00 5F 2D 02 65 6E 9F 01 00 9F 02 06 00 00 00 00 10 00 9F 06 07 A0 00 00 00 04 10 10 9F 09 02 00 02 9F 11 01 01 9F 12 10 44 65 62 69 74 20 4D 61 73 74 65 72 43 61 72 64 9F 15 02 11 11 9F 16 00 9F 1A 02 08 40 9F 1C 00 9F 1D 08 6C FF 00 00 00 00 00 00 9F 1E 08 33 5A 30 30 31 30 35 35 9F 21 03 10 15 20 9F 2A 01 02 9F 33 03 00 00 08 9F 34 03 00 00 00 9F 35 01 22 9F 36 02 1E 6D 9F 37 04 B8 13 62 FC 9F 39 01 91 9F 40 05 00 00 00 00 00 9F 41 04 00 00 00 07 9F 4E 00 9F 53 01 00 9F 66 02 07 F0 9F 6A 04 00 00 00 19 9F 6B 13 51 28 57 01 00 03 80 72 D1 80 36 22 00 07 78 91 96 54 2F 9F 6D 02 00 01 DF 81 0C 01 02 96 08 02 00 00 00 00 00 00 00 DF EE 4C 01 03 DF EC 1C 1E 08 03 00 03 FF 00 1E 04 00 00 00 00 81 29 08 30 F0 F0 00 30 65 6E 00 00 00 00 00 00 FF 00 DF EF 17 29 42 35 31 32 38 35 37 30 31 30 30 30 33 38 30 37 32 5E 20 2F 5E 31 38 30 33 36 32 32 30 30 30 37 37 38 39 31 39 35 36 35 32 DF EF 18 25 35 31 32 38 35 37 30 31 30 30 30 33 38 30 37 32 3D 31 38 30 33 36 32 32 30 30 30 37 37 38 39 31 39 36 35 34 32 DF EF 4C 06 29 25 00 00 00 00 DF EF 4D 4E 42 35 31 32 38 35 37 30 31 30 30 30 33 38 30 37 32 5E 20 2F 5E 31 38 30 33 36 32 32 30 30 30 37 37 38 39 31 39 35 36 35 32 35 31 32 38 35 37 30 31 30 30 30 33 38 30 37 32 3D 31 38 30 33 36 32 32 30 30 30 37 37 38 39 31 39 36 35 34 32 FF EE 01 05 DF EE 30 01 00 20 F8 00 00 00 00 00 00 00 00 00 00 00 00 00 00 00 00 00 00 00 00 00 00 00 00 00 00 00 00 00 00 00 00 00 00 00 00 00 00 00 00 00 00 00 00  
---------- END OF TEST ----------

 Result = PASSED
 

 MASTER RESULT = PASSED


Docklight Log File (HEX) - Stopped 2026/10/6 14:24:04.857 

