Docklight Log File (HEX) - Started 2026/10/1 14:22:15.534 
 TEST CASE: MF000100

 --- Set POS COM PORT Settings
 Set POS COM PORT...
 POS operating on COM90 @ 115200 baud...
 Set POS COM PORT - COMPLETE


2026/10/1 14:22:16.686 [TX] - 56 69 56 4F 74 65 63 68 32 00 2C 01 00 01 00 0D 38 
2026/10/1 14:22:16.693 [RX] - 56 69 56 4F 74 65 63 68 32 00 2C 0C 00 00 69 FA 00 00 00 00 00 00 00 00 00 00 00 00 00 00 00 00 00 00 00 00 00 00 00 00 00 00 00 00 00 00 00 00 00 00 00 00 00 00 00 00 00 00 00 00 00 00 00  
PT Start


2026/10/1 14:22:16.997 [TX] - 56 69 56 4F 74 65 63 68 32 00 2C 01 00 01 01 1D 19 
2026/10/1 14:22:17.010 [RX] - 56 69 56 4F 74 65 63 68 32 00 2C 00 00 00 1C 9B 00 00 00 00 00 00 00 00 00 00 00 00 00 00 00 00 00 00 00 00 00 00 00 00 00 00 00 00 00 00 00 00 00 00 00 00 00 00 00 00 00 00 00 00 00 00 00  
Antenna Enable


2026/10/1 14:22:17.032 [TX] - 56 69 56 4F 74 65 63 68 32 00 28 01 00 01 01 94 1F 
2026/10/1 14:22:17.050 [RX] - 56 69 56 4F 74 65 63 68 32 00 28 00 00 00 D6 6A  Antenna Enable (OK)

2026/10/1 14:22:17.050 [RX] - 00 00 00 00 00 00 00 00 00 00 00 00 00 00 00 00 00 00 00 00 00 00 00 00 00 00 00 00 00 00 00 00 00 00 00 00 00 00 00 00 00 00 00 00 00 00 00  
Poll for Token (10 sec)


2026/10/1 14:22:17.559 [TX] - 56 69 56 4F 74 65 63 68 32 00 2C 02 00 02 0A 00 B1 E4 
2026/10/1 14:22:17.703 [RX] - 56 69 56 4F 74 65 63 68 32 00 2C 00 00 05 03 7E BD BA E5 FA EE 00 00 00 00 00 00 00 00 00 00 00 00 00 00 00 00 00 00 00 00 00 00 00 00 00 00 00 00 00 00 00 00 00 00 00 00 00 00 00 00 00 00  ---------- READ ALL BLOCKS ----------
 
Mifare auth - Sector 0


2026/10/1 14:22:17.726 [TX] - 56 69 56 4F 74 65 63 68 32 00 2C 06 00 08 01 01 FF FF FF FF FF FF 4B C8 
2026/10/1 14:22:17.739 [RX] - 56 69 56 4F 74 65 63 68 32 00 2C 00 00 00 1C 9B 00 00 00 00 00 00 00 00 00 00 00 00 00 00 00 00 00 00 00 00 00 00 00 00 00 00 00 00 00 00 00 00 00 00 00 00 00 00 00 00 00 00 00 00 00 00 00  
--- Read Block #0 ---

 


2026/10/1 14:22:17.760 [TX] - 56 69 56 4F 74 65 63 68 32 00 2C 07 00 02 31 00 4B DC 
2026/10/1 14:22:17.771 [RX] - 56 69 56 4F 74 65 63 68 32 00 2C 00 00 10 7E BD BA E5 9C 88 04 00 46 8F 34 94 5D 00 22 10 AE 2C 00 00 00 00 00 00 00 00 00 00 00 00 00 00 00 00 00 00 00 00 00 00 00 00 00 00 00 00 00 00 00  
--- Read Block #1 ---

 


2026/10/1 14:22:17.792 [TX] - 56 69 56 4F 74 65 63 68 32 00 2C 07 00 02 31 01 5B FD 
2026/10/1 14:22:17.802 [RX] - 56 69 56 4F 74 65 63 68 32 00 2C 00 00 10 00 00 00 00 00 00 00 00 00 00 00 00 00 00 00 00 72 A4 00 00 00 00 00 00 00 00 00 00 00 00 00 00 00 00 00 00 00 00 00 00 00 00 00 00 00 00 00 00 00  
--- Read Block #2 ---

 


2026/10/1 14:22:17.843 [TX] - 56 69 56 4F 74 65 63 68 32 00 2C 07 00 02 31 02 6B 9E 
2026/10/1 14:22:17.852 [RX] - 56 69 56 4F 74 65 63 68 32 00 2C 00 00 10 00 00 00 00 00 00 00 00 00 00 00 00 00 00 00 00 72 A4 00 00 00 00 00 00 00 00 00 00 00 00 00 00 00 00 00 00 00 00 00 00 00 00 00 00 00 00 00 00 00  
--- Read Block #3 ---

 


2026/10/1 14:22:17.884 [TX] - 56 69 56 4F 74 65 63 68 32 00 2C 07 00 02 31 03 7B BF 
2026/10/1 14:22:17.897 [RX] - 56 69 56 4F 74 65 63 68 32 00 2C 00 00 10 00 00 00 00 00 00 FF 07 80 69 FF FF FF FF FF FF 5C 83 00 00 00 00 00 00 00 00 00 00 00 00 00 00 00 00 00 00 00 00 00 00 00 00 00 00 00 00 00 00 00  
Mifare auth - Sector 1


2026/10/1 14:22:17.912 [TX] - 56 69 56 4F 74 65 63 68 32 00 2C 06 00 08 04 01 FF FF FF FF FF FF 03 76 
2026/10/1 14:22:17.924 [RX] - 56 69 56 4F 74 65 63 68 32 00 2C 00 00 00 1C 9B 00 00 00 00 00 00 00 00 00 00 00 00 00 00 00 00 00 00 00 00 00 00 00 00 00 00 00 00 00 00 00 00 00 00 00 00 00 00 00 00 00 00 00 00 00 00 00  
--- Read Block #4 ---

 


2026/10/1 14:22:17.946 [TX] - 56 69 56 4F 74 65 63 68 32 00 2C 07 00 02 31 04 0B 58 
2026/10/1 14:22:17.959 [RX] - 56 69 56 4F 74 65 63 68 32 00 2C 00 00 10 00 00 00 00 00 00 00 00 00 00 00 00 00 00 00 00 72 A4 00 00 00 00 00 00 00 00 00 00 00 00 00 00 00 00 00 00 00 00 00 00 00 00 00 00 00 00 00 00 00  
--- Read Block #5 ---

 


2026/10/1 14:22:17.979 [TX] - 56 69 56 4F 74 65 63 68 32 00 2C 07 00 02 31 05 1B 79 
2026/10/1 14:22:17.990 [RX] - 56 69 56 4F 74 65 63 68 32 00 2C 00 00 10 44 44 44 44 44 44 44 44 44 44 44 44 44 44 44 44 22 9D 00 00 00 00 00 00 00 00 00 00 00 00 00 00 00 00 00 00 00 00 00 00 00 00 00 00 00 00 00 00 00  
--- Read Block #6 ---

 


2026/10/1 14:22:18.015 [TX] - 56 69 56 4F 74 65 63 68 32 00 2C 07 00 02 31 06 2B 1A 
2026/10/1 14:22:18.024 [RX] - 56 69 56 4F 74 65 63 68 32 00 2C 00 00 10 55 55 55 55 55 55 55 55 55 55 55 55 55 55 55 55 72 9B 00 00 00 00 00 00 00 00 00 00 00 00 00 00 00 00 00 00 00 00 00 00 00 00 00 00 00 00 00 00 00  
--- Read Block #7 ---

 


2026/10/1 14:22:18.061 [TX] - 56 69 56 4F 74 65 63 68 32 00 2C 07 00 02 31 07 3B 3B 
2026/10/1 14:22:18.070 [RX] - 56 69 56 4F 74 65 63 68 32 00 2C 00 00 10 00 00 00 00 00 00 FF 07 80 69 FF FF FF FF FF FF 5C 83 00 00 00 00 00 00 00 00 00 00 00 00 00 00 00 00 00 00 00 00 00 00 00 00 00 00 00 00 00 00 00  
Mifare auth - Sector 2


2026/10/1 14:22:18.108 [TX] - 56 69 56 4F 74 65 63 68 32 00 2C 06 00 08 08 01 FF FF FF FF FF FF 12 C1 
2026/10/1 14:22:18.120 [RX] - 56 69 56 4F 74 65 63 68 32 00 2C 00 00 00 1C 9B 00 00 00 00 00 00 00 00 00 00 00 00 00 00 00 00 00 00 00 00 00 00 00 00 00 00 00 00 00 00 00 00 00 00 00 00 00 00 00 00 00 00 00 00 00 00 00  
--- Read Block #8 ---

 


2026/10/1 14:22:18.151 [TX] - 56 69 56 4F 74 65 63 68 32 00 2C 07 00 02 31 08 CA D4 
2026/10/1 14:22:18.161 [RX] - 56 69 56 4F 74 65 63 68 32 00 2C 00 00 10 00 00 00 00 00 00 00 00 00 00 00 00 00 00 00 00 72 A4 00 00 00 00 00 00 00 00 00 00 00 00 00 00 00 00 00 00 00 00 00 00 00 00 00 00 00 00 00 00 00  
--- Read Block #9 ---

 


2026/10/1 14:22:18.179 [TX] - 56 69 56 4F 74 65 63 68 32 00 2C 07 00 02 31 09 DA F5 
2026/10/1 14:22:18.192 [RX] - 56 69 56 4F 74 65 63 68 32 00 2C 00 00 10 00 00 00 00 00 00 00 00 00 00 00 00 00 00 00 00 72 A4 00 00 00 00 00 00 00 00 00 00 00 00 00 00 00 00 00 00 00 00 00 00 00 00 00 00 00 00 00 00 00  
--- Read Block #10 ---

 


2026/10/1 14:22:18.210 [TX] - 56 69 56 4F 74 65 63 68 32 00 2C 07 00 02 31 0A EA 96 
2026/10/1 14:22:18.223 [RX] - 56 69 56 4F 74 65 63 68 32 00 2C 00 00 10 00 00 00 00 00 00 00 00 00 00 00 00 00 00 00 00 72 A4 00 00 00 00 00 00 00 00 00 00 00 00 00 00 00 00 00 00 00 00 00 00 00 00 00 00 00 00 00 00 00  
--- Read Block #11 ---

 


2026/10/1 14:22:18.242 [TX] - 56 69 56 4F 74 65 63 68 32 00 2C 07 00 02 31 0B FA B7 
2026/10/1 14:22:18.255 [RX] - 56 69 56 4F 74 65 63 68 32 00 2C 00 00 10 00 00 00 00 00 00 FF 07 80 69 FF FF FF FF FF FF 5C 83 00 00 00 00 00 00 00 00 00 00 00 00 00 00 00 00 00 00 00 00 00 00 00 00 00 00 00 00 00 00 00  
Mifare auth - Sector 3


2026/10/1 14:22:18.268 [TX] - 56 69 56 4F 74 65 63 68 32 00 2C 06 00 08 0C 01 FF FF FF FF FF FF 1D AC 
2026/10/1 14:22:18.280 [RX] - 56 69 56 4F 74 65 63 68 32 00 2C 00 00 00 1C 9B 00 00 00 00 00 00 00 00 00 00 00 00 00 00 00 00 00 00 00 00 00 00 00 00 00 00 00 00 00 00 00 00 00 00 00 00 00 00 00 00 00 00 00 00 00 00 00  
--- Read Block #12 ---

 


2026/10/1 14:22:18.307 [TX] - 56 69 56 4F 74 65 63 68 32 00 2C 07 00 02 31 0C 8A 50 
2026/10/1 14:22:18.316 [RX] - 56 69 56 4F 74 65 63 68 32 00 2C 00 00 10 00 00 00 00 00 00 00 00 00 00 00 00 00 00 00 00 72 A4 00 00 00 00 00 00 00 00 00 00 00 00 00 00 00 00 00 00 00 00 00 00 00 00 00 00 00 00 00 00 00  
--- Read Block #13 ---

 


2026/10/1 14:22:18.334 [TX] - 56 69 56 4F 74 65 63 68 32 00 2C 07 00 02 31 0D 9A 71 
2026/10/1 14:22:18.347 [RX] - 56 69 56 4F 74 65 63 68 32 00 2C 00 00 10 00 00 00 00 00 00 00 00 00 00 00 00 00 00 00 00 72 A4 00 00 00 00 00 00 00 00 00 00 00 00 00 00 00 00 00 00 00 00 00 00 00 00 00 00 00 00 00 00 00  
--- Read Block #14 ---

 


2026/10/1 14:22:18.369 [TX] - 56 69 56 4F 74 65 63 68 32 00 2C 07 00 02 31 0E AA 12 
2026/10/1 14:22:18.378 [RX] - 56 69 56 4F 74 65 63 68 32 00 2C 00 00 10 00 00 00 00 00 00 00 00 00 00 00 00 00 00 00 00 72 A4 00 00 00 00 00 00 00 00 00 00 00 00 00 00 00 00 00 00 00 00 00 00 00 00 00 00 00 00 00 00 00  
--- Read Block #15 ---

 


2026/10/1 14:22:18.396 [TX] - 56 69 56 4F 74 65 63 68 32 00 2C 07 00 02 31 0F BA 33 
2026/10/1 14:22:18.409 [RX] - 56 69 56 4F 74 65 63 68 32 00 2C 00 00 10 00 00 00 00 00 00 FF 07 80 69 FF FF FF FF FF FF 5C 83 00 00 00 00 00 00 00 00 00 00 00 00 00 00 00 00 00 00 00 00 00 00 00 00 00 00 00 00 00 00 00  
Mifare auth - Sector 4


2026/10/1 14:22:18.427 [TX] - 56 69 56 4F 74 65 63 68 32 00 2C 06 00 08 10 01 FF FF FF FF FF FF 31 AF 
2026/10/1 14:22:18.440 [RX] - 56 69 56 4F 74 65 63 68 32 00 2C 00 00 00 1C 9B 00 00 00 00 00 00 00 00 00 00 00 00 00 00 00 00 00 00 00 00 00 00 00 00 00 00 00 00 00 00 00 00 00 00 00 00 00 00 00 00 00 00 00 00 00 00 00  
--- Read Block #16 ---

 


2026/10/1 14:22:18.458 [TX] - 56 69 56 4F 74 65 63 68 32 00 2C 07 00 02 31 10 59 ED 
2026/10/1 14:22:18.472 [RX] - 56 69 56 4F 74 65 63 68 32 00 2C 00 00 10 87 19 00 00 78 E6 FF FF 87 19 00 00 00 FF 00 FF CA 14 00 00 00 00 00 00 00 00 00 00 00 00 00 00 00 00 00 00 00 00 00 00 00 00 00 00 00 00 00 00 00  
--- Read Block #17 ---

 


2026/10/1 14:22:18.489 [TX] - 56 69 56 4F 74 65 63 68 32 00 2C 07 00 02 31 11 49 CC 
2026/10/1 14:22:18.503 [RX] - 56 69 56 4F 74 65 63 68 32 00 2C 00 00 10 B7 1A 00 00 48 E5 FF FF B7 1A 00 00 00 FF 00 FF F3 7B 00 00 00 00 00 00 00 00 00 00 00 00 00 00 00 00 00 00 00 00 00 00 00 00 00 00 00 00 00 00 00  
--- Read Block #18 ---

 


2026/10/1 14:22:18.525 [TX] - 56 69 56 4F 74 65 63 68 32 00 2C 07 00 02 31 12 79 AF 
2026/10/1 14:22:18.535 [RX] - 56 69 56 4F 74 65 63 68 32 00 2C 00 00 10 88 19 00 00 77 E6 FF FF 88 19 00 00 00 FF 00 FF 79 2F 00 00 00 00 00 00 00 00 00 00 00 00 00 00 00 00 00 00 00 00 00 00 00 00 00 00 00 00 00 00 00  
--- Read Block #19 ---

 


2026/10/1 14:22:18.555 [TX] - 56 69 56 4F 74 65 63 68 32 00 2C 07 00 02 31 13 69 8E 
2026/10/1 14:22:18.566 [RX] - 56 69 56 4F 74 65 63 68 32 00 2C 00 00 10 00 00 00 00 00 00 FF 07 80 69 FF FF FF FF FF FF 5C 83 00 00 00 00 00 00 00 00 00 00 00 00 00 00 00 00 00 00 00 00 00 00 00 00 00 00 00 00 00 00 00  
Mifare auth - Sector 5


2026/10/1 14:22:18.585 [TX] - 56 69 56 4F 74 65 63 68 32 00 2C 06 00 08 14 01 FF FF FF FF FF FF 3E C2 
2026/10/1 14:22:18.598 [RX] - 56 69 56 4F 74 65 63 68 32 00 2C 00 00 00 1C 9B 00 00 00 00 00 00 00 00 00 00 00 00 00 00 00 00 00 00 00 00 00 00 00 00 00 00 00 00 00 00 00 00 00 00 00 00 00 00 00 00 00 00 00 00 00 00 00  
--- Read Block #20 ---

 


2026/10/1 14:22:18.618 [TX] - 56 69 56 4F 74 65 63 68 32 00 2C 07 00 02 31 14 19 69 
2026/10/1 14:22:18.629 [RX] - 56 69 56 4F 74 65 63 68 32 00 2C 00 00 10 00 00 00 00 00 00 00 00 00 00 00 00 00 00 00 00 72 A4 00 00 00 00 00 00 00 00 00 00 00 00 00 00 00 00 00 00 00 00 00 00 00 00 00 00 00 00 00 00 00  
--- Read Block #21 ---

 


2026/10/1 14:22:18.648 [TX] - 56 69 56 4F 74 65 63 68 32 00 2C 07 00 02 31 15 09 48 
2026/10/1 14:22:18.660 [RX] - 56 69 56 4F 74 65 63 68 32 00 2C 00 00 10 00 00 00 00 00 00 00 00 00 00 00 00 00 00 00 00 72 A4 00 00 00 00 00 00 00 00 00 00 00 00 00 00 00 00 00 00 00 00 00 00 00 00 00 00 00 00 00 00 00  
--- Read Block #22 ---

 


2026/10/1 14:22:18.677 [TX] - 56 69 56 4F 74 65 63 68 32 00 2C 07 00 02 31 16 39 2B 
2026/10/1 14:22:18.691 [RX] - 56 69 56 4F 74 65 63 68 32 00 2C 00 00 10 00 00 00 00 00 00 00 00 00 00 00 00 00 00 00 00 72 A4 00 00 00 00 00 00 00 00 00 00 00 00 00 00 00 00 00 00 00 00 00 00 00 00 00 00 00 00 00 00 00  
--- Read Block #23 ---

 


2026/10/1 14:22:18.718 [TX] - 56 69 56 4F 74 65 63 68 32 00 2C 07 00 02 31 17 29 0A 
2026/10/1 14:22:18.727 [RX] - 56 69 56 4F 74 65 63 68 32 00 2C 00 00 10 00 00 00 00 00 00 FF 07 80 69 FF FF FF FF FF FF 5C 83 00 00 00 00 00 00 00 00 00 00 00 00 00 00 00 00 00 00 00 00 00 00 00 00 00 00 00 00 00 00 00  
Mifare auth - Sector 6


2026/10/1 14:22:18.754 [TX] - 56 69 56 4F 74 65 63 68 32 00 2C 06 00 08 18 01 FF FF FF FF FF FF 2F 75 
2026/10/1 14:22:18.769 [RX] - 56 69 56 4F 74 65 63 68 32 00 2C 00 00 00 1C 9B 00 00 00 00 00 00 00 00 00 00 00 00 00 00 00 00 00 00 00 00 00 00 00 00 00 00 00 00 00 00 00 00 00 00 00 00 00 00 00 00 00 00 00 00 00 00 00  
--- Read Block #24 ---

 


2026/10/1 14:22:18.788 [TX] - 56 69 56 4F 74 65 63 68 32 00 2C 07 00 02 31 18 D8 E5 
2026/10/1 14:22:18.801 [RX] - 56 69 56 4F 74 65 63 68 32 00 2C 00 00 10 00 00 00 00 00 00 00 00 00 00 00 00 00 00 00 00 72 A4 00 00 00 00 00 00 00 00 00 00 00 00 00 00 00 00 00 00 00 00 00 00 00 00 00 00 00 00 00 00 00  
--- Read Block #25 ---

 


2026/10/1 14:22:18.821 [TX] - 56 69 56 4F 74 65 63 68 32 00 2C 07 00 02 31 19 C8 C4 
2026/10/1 14:22:18.832 [RX] - 56 69 56 4F 74 65 63 68 32 00 2C 00 00 10 00 00 00 00 00 00 00 00 00 00 00 00 00 00 00 00 72 A4 00 00 00 00 00 00 00 00 00 00 00 00 00 00 00 00 00 00 00 00 00 00 00 00 00 00 00 00 00 00 00  
--- Read Block #26 ---

 


2026/10/1 14:22:18.852 [TX] - 56 69 56 4F 74 65 63 68 32 00 2C 07 00 02 31 1A F8 A7 
2026/10/1 14:22:18.863 [RX] - 56 69 56 4F 74 65 63 68 32 00 2C 00 00 10 00 00 00 00 00 00 00 00 00 00 00 00 00 00 00 00 72 A4 00 00 00 00 00 00 00 00 00 00 00 00 00 00 00 00 00 00 00 00 00 00 00 00 00 00 00 00 00 00 00  
--- Read Block #27 ---

 


2026/10/1 14:22:18.883 [TX] - 56 69 56 4F 74 65 63 68 32 00 2C 07 00 02 31 1B E8 86 
2026/10/1 14:22:18.894 [RX] - 56 69 56 4F 74 65 63 68 32 00 2C 00 00 10 00 00 00 00 00 00 FF 07 80 69 FF FF FF FF FF FF 5C 83 00 00 00 00 00 00 00 00 00 00 00 00 00 00 00 00 00 00 00 00 00 00 00 00 00 00 00 00 00 00 00  
Mifare auth - Sector 7


2026/10/1 14:22:18.909 [TX] - 56 69 56 4F 74 65 63 68 32 00 2C 06 00 08 1C 01 FF FF FF FF FF FF 20 18 
2026/10/1 14:22:18.925 [RX] - 56 69 56 4F 74 65 63 68 32 00 2C 00 00 00 1C 9B 00 00 00 00 00 00 00 00 00 00 00 00 00 00 00 00 00 00 00 00 00 00 00 00 00 00 00 00 00 00 00 00 00 00 00 00 00 00 00 00 00 00 00 00 00 00 00  
--- Read Block #28 ---

 


2026/10/1 14:22:18.944 [TX] - 56 69 56 4F 74 65 63 68 32 00 2C 07 00 02 31 1C 98 61 
2026/10/1 14:22:18.956 [RX] - 56 69 56 4F 74 65 63 68 32 00 2C 00 00 10 00 00 00 00 00 00 00 00 00 00 00 00 00 00 00 00 72 A4 00 00 00 00 00 00 00 00 00 00 00 00 00 00 00 00 00 00 00 00 00 00 00 00 00 00 00 00 00 00 00  
--- Read Block #29 ---

 


2026/10/1 14:22:18.974 [TX] - 56 69 56 4F 74 65 63 68 32 00 2C 07 00 02 31 1D 88 40 
2026/10/1 14:22:18.987 [RX] - 56 69 56 4F 74 65 63 68 32 00 2C 00 00 10 00 00 00 00 00 00 00 00 00 00 00 00 00 00 00 00 72 A4 00 00 00 00 00 00 00 00 00 00 00 00 00 00 00 00 00 00 00 00 00 00 00 00 00 00 00 00 00 00 00  
--- Read Block #30 ---

 


2026/10/1 14:22:19.007 [TX] - 56 69 56 4F 74 65 63 68 32 00 2C 07 00 02 31 1E B8 23 
2026/10/1 14:22:19.018 [RX] - 56 69 56 4F 74 65 63 68 32 00 2C 00 00 10 00 00 00 00 00 00 00 00 00 00 00 00 00 00 00 00 72 A4 00 00 00 00 00 00 00 00 00 00 00 00 00 00 00 00 00 00 00 00 00 00 00 00 00 00 00 00 00 00 00  
--- Read Block #31 ---

 


2026/10/1 14:22:19.037 [TX] - 56 69 56 4F 74 65 63 68 32 00 2C 07 00 02 31 1F A8 02 
2026/10/1 14:22:19.050 [RX] - 56 69 56 4F 74 65 63 68 32 00 2C 00 00 10 00 00 00 00 00 00 FF 07 80 69 FF FF FF FF FF FF 5C 83 00 00 00 00 00 00 00 00 00 00 00 00 00 00 00 00 00 00 00 00 00 00 00 00 00 00 00 00 00 00 00  
Mifare auth - Sector 8


2026/10/1 14:22:19.070 [TX] - 56 69 56 4F 74 65 63 68 32 00 2C 06 00 08 20 01 FF FF FF FF FF FF 77 73 
2026/10/1 14:22:19.082 [RX] - 56 69 56 4F 74 65 63 68 32 00 2C 00 00 00 1C 9B 00 00 00 00 00 00 00 00 00 00 00 00 00 00 00 00 00 00 00 00 00 00 00 00 00 00 00 00 00 00 00 00 00 00 00 00 00 00 00 00 00 00 00 00 00 00 00  
--- Read Block #32 ---

 


2026/10/1 14:22:19.102 [TX] - 56 69 56 4F 74 65 63 68 32 00 2C 07 00 02 31 20 6F BE 
2026/10/1 14:22:19.111 [RX] - 56 69 56 4F 74 65 63 68 32 00 2C 00 00 10 87 19 00 00 78 E6 FF FF 87 19 00 00 00 FF 00 FF CA 14 00 00 00 00 00 00 00 00 00 00 00 00 00 00 00 00 00 00 00 00 00 00 00 00 00 00 00 00 00 00 00  
--- Read Block #33 ---

 


2026/10/1 14:22:19.132 [TX] - 56 69 56 4F 74 65 63 68 32 00 2C 07 00 02 31 21 7F 9F 
2026/10/1 14:22:19.144 [RX] - 56 69 56 4F 74 65 63 68 32 00 2C 00 00 10 B7 1A 00 00 48 E5 FF FF B7 1A 00 00 00 FF 00 FF F3 7B 00 00 00 00 00 00 00 00 00 00 00 00 00 00 00 00 00 00 00 00 00 00 00 00 00 00 00 00 00 00 00  
--- Read Block #34 ---

 


2026/10/1 14:22:19.163 [TX] - 56 69 56 4F 74 65 63 68 32 00 2C 07 00 02 31 22 4F FC 
2026/10/1 14:22:19.175 [RX] - 56 69 56 4F 74 65 63 68 32 00 2C 00 00 10 88 19 00 00 77 E6 FF FF 88 19 00 00 00 FF 00 FF 79 2F 00 00 00 00 00 00 00 00 00 00 00 00 00 00 00 00 00 00 00 00 00 00 00 00 00 00 00 00 00 00 00  
--- Read Block #35 ---

 


2026/10/1 14:22:19.196 [TX] - 56 69 56 4F 74 65 63 68 32 00 2C 07 00 02 31 23 5F DD 
2026/10/1 14:22:19.207 [RX] - 56 69 56 4F 74 65 63 68 32 00 2C 00 00 10 00 00 00 00 00 00 FF 07 80 69 FF FF FF FF FF FF 5C 83 00 00 00 00 00 00 00 00 00 00 00 00 00 00 00 00 00 00 00 00 00 00 00 00 00 00 00 00 00 00 00  
Mifare auth - Sector 9


2026/10/1 14:22:19.224 [TX] - 56 69 56 4F 74 65 63 68 32 00 2C 06 00 08 24 01 FF FF FF FF FF FF 78 1E 
2026/10/1 14:22:19.238 [RX] - 56 69 56 4F 74 65 63 68 32 00 2C 00 00 00 1C 9B 00 00 00 00 00 00 00 00 00 00 00 00 00 00 00 00 00 00 00 00 00 00 00 00 00 00 00 00 00 00 00 00 00 00 00 00 00 00 00 00 00 00 00 00 00 00 00  
--- Read Block #36 ---

 


2026/10/1 14:22:19.259 [TX] - 56 69 56 4F 74 65 63 68 32 00 2C 07 00 02 31 24 2F 3A 
2026/10/1 14:22:19.269 [RX] - 56 69 56 4F 74 65 63 68 32 00 2C 00 00 10 00 00 00 00 00 00 00 00 00 00 00 00 00 00 00 00 72 A4 00 00 00 00 00 00 00 00 00 00 00 00 00 00 00 00 00 00 00 00 00 00 00 00 00 00 00 00 00 00 00  
--- Read Block #37 ---

 


2026/10/1 14:22:19.288 [TX] - 56 69 56 4F 74 65 63 68 32 00 2C 07 00 02 31 25 3F 1B 
2026/10/1 14:22:19.300 [RX] - 56 69 56 4F 74 65 63 68 32 00 2C 00 00 10 00 00 00 00 00 00 00 00 00 00 00 00 00 00 00 00 72 A4 00 00 00 00 00 00 00 00 00 00 00 00 00 00 00 00 00 00 00 00 00 00 00 00 00 00 00 00 00 00 00  
--- Read Block #38 ---

 


2026/10/1 14:22:19.325 [TX] - 56 69 56 4F 74 65 63 68 32 00 2C 07 00 02 31 26 0F 78 
2026/10/1 14:22:19.334 [RX] - 56 69 56 4F 74 65 63 68 32 00 2C 00 00 10 00 00 00 00 00 00 00 00 00 00 00 00 00 00 00 00 72 A4 00 00 00 00 00 00 00 00 00 00 00 00 00 00 00 00 00 00 00 00 00 00 00 00 00 00 00 00 00 00 00  
--- Read Block #39 ---

 


2026/10/1 14:22:19.356 [TX] - 56 69 56 4F 74 65 63 68 32 00 2C 07 00 02 31 27 1F 59 
2026/10/1 14:22:19.365 [RX] - 56 69 56 4F 74 65 63 68 32 00 2C 00 00 10 00 00 00 00 00 00 FF 07 80 69 FF FF FF FF FF FF 5C 83 00 00 00 00 00 00 00 00 00 00 00 00 00 00 00 00 00 00 00 00 00 00 00 00 00 00 00 00 00 00 00  
Mifare auth - Sector 10


2026/10/1 14:22:19.384 [TX] - 56 69 56 4F 74 65 63 68 32 00 2C 06 00 08 28 01 FF FF FF FF FF FF 69 A9 
2026/10/1 14:22:19.396 [RX] - 56 69 56 4F 74 65 63 68 32 00 2C 00 00 00 1C 9B 00 00 00 00 00 00 00 00 00 00 00 00 00 00 00 00 00 00 00 00 00 00 00 00 00 00 00 00 00 00 00 00 00 00 00 00 00 00 00 00 00 00 00 00 00 00 00  
--- Read Block #40 ---

 


2026/10/1 14:22:19.427 [TX] - 56 69 56 4F 74 65 63 68 32 00 2C 07 00 02 31 28 EE B6 
2026/10/1 14:22:19.439 [RX] - 56 69 56 4F 74 65 63 68 32 00 2C 00 00 10 00 00 00 00 00 00 00 00 00 00 00 00 00 00 00 00 72 A4 00 00 00 00 00 00 00 00 00 00 00 00 00 00 00 00 00 00 00 00 00 00 00 00 00 00 00 00 00 00 00  
--- Read Block #41 ---

 


2026/10/1 14:22:19.457 [TX] - 56 69 56 4F 74 65 63 68 32 00 2C 07 00 02 31 29 FE 97 
2026/10/1 14:22:19.471 [RX] - 56 69 56 4F 74 65 63 68 32 00 2C 00 00 10 00 00 00 00 00 00 00 00 00 00 00 00 00 00 00 00 72 A4 00 00 00 00 00 00 00 00 00 00 00 00 00 00 00 00 00 00 00 00 00 00 00 00 00 00 00 00 00 00 00  
--- Read Block #42 ---

 


2026/10/1 14:22:19.489 [TX] - 56 69 56 4F 74 65 63 68 32 00 2C 07 00 02 31 2A CE F4 
2026/10/1 14:22:19.503 [RX] - 56 69 56 4F 74 65 63 68 32 00 2C 00 00 10 00 00 00 00 00 00 00 00 00 00 00 00 00 00 00 00 72 A4 00 00 00 00 00 00 00 00 00 00 00 00 00 00 00 00 00 00 00 00 00 00 00 00 00 00 00 00 00 00 00  
--- Read Block #43 ---

 


2026/10/1 14:22:19.524 [TX] - 56 69 56 4F 74 65 63 68 32 00 2C 07 00 02 31 2B DE D5 
2026/10/1 14:22:19.534 [RX] - 56 69 56 4F 74 65 63 68 32 00 2C 00 00 10 00 00 00 00 00 00 FF 07 80 69 FF FF FF FF FF FF 5C 83 00 00 00 00 00 00 00 00 00 00 00 00 00 00 00 00 00 00 00 00 00 00 00 00 00 00 00 00 00 00 00  
Mifare auth - Sector 11


2026/10/1 14:22:19.552 [TX] - 56 69 56 4F 74 65 63 68 32 00 2C 06 00 08 2C 01 FF FF FF FF FF FF 66 C4 
2026/10/1 14:22:19.565 [RX] - 56 69 56 4F 74 65 63 68 32 00 2C 00 00 00 1C 9B 00 00 00 00 00 00 00 00 00 00 00 00 00 00 00 00 00 00 00 00 00 00 00 00 00 00 00 00 00 00 00 00 00 00 00 00 00 00 00 00 00 00 00 00 00 00 00  
--- Read Block #44 ---

 


2026/10/1 14:22:19.589 [TX] - 56 69 56 4F 74 65 63 68 32 00 2C 07 00 02 31 2C AE 32 
2026/10/1 14:22:19.598 [RX] - 56 69 56 4F 74 65 63 68 32 00 2C 00 00 10 00 00 00 00 00 00 00 00 00 00 00 00 00 00 00 00 72 A4 00 00 00 00 00 00 00 00 00 00 00 00 00 00 00 00 00 00 00 00 00 00 00 00 00 00 00 00 00 00 00  
--- Read Block #45 ---

 


2026/10/1 14:22:19.632 [TX] - 56 69 56 4F 74 65 63 68 32 00 2C 07 00 02 31 2D BE 13 
2026/10/1 14:22:19.643 [RX] - 56 69 56 4F 74 65 63 68 32 00 2C 00 00 10 00 00 00 00 00 00 00 00 00 00 00 00 00 00 00 00 72 A4 00 00 00 00 00 00 00 00 00 00 00 00 00 00 00 00 00 00 00 00 00 00 00 00 00 00 00 00 00 00 00  
--- Read Block #46 ---

 


2026/10/1 14:22:19.665 [TX] - 56 69 56 4F 74 65 63 68 32 00 2C 07 00 02 31 2E 8E 70 
2026/10/1 14:22:19.674 [RX] - 56 69 56 4F 74 65 63 68 32 00 2C 00 00 10 00 00 00 00 00 00 00 00 00 00 00 00 00 00 00 00 72 A4 00 00 00 00 00 00 00 00 00 00 00 00 00 00 00 00 00 00 00 00 00 00 00 00 00 00 00 00 00 00 00  
--- Read Block #47 ---

 


2026/10/1 14:22:19.696 [TX] - 56 69 56 4F 74 65 63 68 32 00 2C 07 00 02 31 2F 9E 51 
2026/10/1 14:22:19.706 [RX] - 56 69 56 4F 74 65 63 68 32 00 2C 00 00 10 00 00 00 00 00 00 FF 07 80 69 FF FF FF FF FF FF 5C 83 00 00 00 00 00 00 00 00 00 00 00 00 00 00 00 00 00 00 00 00 00 00 00 00 00 00 00 00 00 00 00  
Mifare auth - Sector 12


2026/10/1 14:22:19.720 [TX] - 56 69 56 4F 74 65 63 68 32 00 2C 06 00 08 30 01 FF FF FF FF FF FF 4A C7 
2026/10/1 14:22:19.732 [RX] - 56 69 56 4F 74 65 63 68 32 00 2C 00 00 00 1C 9B 00 00 00 00 00 00 00 00 00 00 00 00 00 00 00 00 00 00 00 00 00 00 00 00 00 00 00 00 00 00 00 00 00 00 00 00 00 00 00 00 00 00 00 00 00 00 00  
--- Read Block #48 ---

 


2026/10/1 14:22:19.755 [TX] - 56 69 56 4F 74 65 63 68 32 00 2C 07 00 02 31 30 7D 8F 
2026/10/1 14:22:19.768 [RX] - 56 69 56 4F 74 65 63 68 32 00 2C 00 00 10 00 00 00 00 00 00 00 00 00 00 00 00 00 00 00 00 72 A4 00 00 00 00 00 00 00 00 00 00 00 00 00 00 00 00 00 00 00 00 00 00 00 00 00 00 00 00 00 00 00  
--- Read Block #49 ---

 


2026/10/1 14:22:19.787 [TX] - 56 69 56 4F 74 65 63 68 32 00 2C 07 00 02 31 31 6D AE 
2026/10/1 14:22:19.799 [RX] - 56 69 56 4F 74 65 63 68 32 00 2C 00 00 10 00 00 00 00 00 00 00 00 00 00 00 00 00 00 00 00 72 A4 00 00 00 00 00 00 00 00 00 00 00 00 00 00 00 00 00 00 00 00 00 00 00 00 00 00 00 00 00 00 00  
--- Read Block #50 ---

 


2026/10/1 14:22:19.818 [TX] - 56 69 56 4F 74 65 63 68 32 00 2C 07 00 02 31 32 5D CD 
2026/10/1 14:22:19.831 [RX] - 56 69 56 4F 74 65 63 68 32 00 2C 00 00 10 00 00 00 00 00 00 00 00 00 00 00 00 00 00 00 00 72 A4 00 00 00 00 00 00 00 00 00 00 00 00 00 00 00 00 00 00 00 00 00 00 00 00 00 00 00 00 00 00 00  
--- Read Block #51 ---

 


2026/10/1 14:22:19.852 [TX] - 56 69 56 4F 74 65 63 68 32 00 2C 07 00 02 31 33 4D EC 
2026/10/1 14:22:19.863 [RX] - 56 69 56 4F 74 65 63 68 32 00 2C 00 00 10 00 00 00 00 00 00 FF 07 80 69 FF FF FF FF FF FF 5C 83 00 00 00 00 00 00 00 00 00 00 00 00 00 00 00 00 00 00 00 00 00 00 00 00 00 00 00 00 00 00 00  
Mifare auth - Sector 13


2026/10/1 14:22:19.877 [TX] - 56 69 56 4F 74 65 63 68 32 00 2C 06 00 08 34 01 FF FF FF FF FF FF 45 AA 
2026/10/1 14:22:19.889 [RX] - 56 69 56 4F 74 65 63 68 32 00 2C 00 00 00 1C 9B 00 00 00 00 00 00 00 00 00 00 00 00 00 00 00 00 00 00 00 00 00 00 00 00 00 00 00 00 00 00 00 00 00 00 00 00 00 00 00 00 00 00 00 00 00 00 00  
--- Read Block #52 ---

 


2026/10/1 14:22:19.913 [TX] - 56 69 56 4F 74 65 63 68 32 00 2C 07 00 02 31 34 3D 0B 
2026/10/1 14:22:19.925 [RX] - 56 69 56 4F 74 65 63 68 32 00 2C 00 00 10 00 00 00 00 00 00 00 00 00 00 00 00 00 00 00 00 72 A4 00 00 00 00 00 00 00 00 00 00 00 00 00 00 00 00 00 00 00 00 00 00 00 00 00 00 00 00 00 00 00  
--- Read Block #53 ---

 


2026/10/1 14:22:19.951 [TX] - 56 69 56 4F 74 65 63 68 32 00 2C 07 00 02 31 35 2D 2A 
2026/10/1 14:22:19.960 [RX] - 56 69 56 4F 74 65 63 68 32 00 2C 00 00 10 00 00 00 00 00 00 00 00 00 00 00 00 00 00 00 00 72 A4 00 00 00 00 00 00 00 00 00 00 00 00 00 00 00 00 00 00 00 00 00 00 00 00 00 00 00 00 00 00 00  
--- Read Block #54 ---

 


2026/10/1 14:22:19.990 [TX] - 56 69 56 4F 74 65 63 68 32 00 2C 07 00 02 31 36 1D 49 
2026/10/1 14:22:20.003 [RX] - 56 69 56 4F 74 65 63 68 32 00 2C 00 00 10 00 00 00 00 00 00 00 00 00 00 00 00 00 00 00 00 72 A4 00 00 00 00 00 00 00 00 00 00 00 00 00 00 00 00 00 00 00 00 00 00 00 00 00 00 00 00 00 00 00  
--- Read Block #55 ---

 


2026/10/1 14:22:20.023 [TX] - 56 69 56 4F 74 65 63 68 32 00 2C 07 00 02 31 37 0D 68 
2026/10/1 14:22:20.034 [RX] - 56 69 56 4F 74 65 63 68 32 00 2C 00 00 10 00 00 00 00 00 00 FF 07 80 69 FF FF FF FF FF FF 5C 83 00 00 00 00 00 00 00 00 00 00 00 00 00 00 00 00 00 00 00 00 00 00 00 00 00 00 00 00 00 00 00  
Mifare auth - Sector 14


2026/10/1 14:22:20.048 [TX] - 56 69 56 4F 74 65 63 68 32 00 2C 06 00 08 38 01 FF FF FF FF FF FF 54 1D 
2026/10/1 14:22:20.061 [RX] - 56 69 56 4F 74 65 63 68 32 00 2C 00 00 00 1C 9B 00 00 00 00 00 00 00 00 00 00 00 00 00 00 00 00 00 00 00 00 00 00 00 00 00 00 00 00 00 00 00 00 00 00 00 00 00 00 00 00 00 00 00 00 00 00 00  
--- Read Block #56 ---

 


2026/10/1 14:22:20.085 [TX] - 56 69 56 4F 74 65 63 68 32 00 2C 07 00 02 31 38 FC 87 
2026/10/1 14:22:20.098 [RX] - 56 69 56 4F 74 65 63 68 32 00 2C 00 00 10 00 00 00 00 00 00 00 00 00 00 00 00 00 00 00 00 72 A4 00 00 00 00 00 00 00 00 00 00 00 00 00 00 00 00 00 00 00 00 00 00 00 00 00 00 00 00 00 00 00  
--- Read Block #57 ---

 


2026/10/1 14:22:20.118 [TX] - 56 69 56 4F 74 65 63 68 32 00 2C 07 00 02 31 39 EC A6 
2026/10/1 14:22:20.128 [RX] - 56 69 56 4F 74 65 63 68 32 00 2C 00 00 10 00 00 00 00 00 00 00 00 00 00 00 00 00 00 00 00 72 A4 00 00 00 00 00 00 00 00 00 00 00 00 00 00 00 00 00 00 00 00 00 00 00 00 00 00 00 00 00 00 00  
--- Read Block #58 ---

 


2026/10/1 14:22:20.147 [TX] - 56 69 56 4F 74 65 63 68 32 00 2C 07 00 02 31 3A DC C5 
2026/10/1 14:22:20.159 [RX] - 56 69 56 4F 74 65 63 68 32 00 2C 00 00 10 00 00 00 00 00 00 00 00 00 00 00 00 00 00 00 00 72 A4 00 00 00 00 00 00 00 00 00 00 00 00 00 00 00 00 00 00 00 00 00 00 00 00 00 00 00 00 00 00 00  
--- Read Block #59 ---

 


2026/10/1 14:22:20.179 [TX] - 56 69 56 4F 74 65 63 68 32 00 2C 07 00 02 31 3B CC E4 
2026/10/1 14:22:20.189 [RX] - 56 69 56 4F 74 65 63 68 32 00 2C 00 00 10 00 00 00 00 00 00 FF 07 80 69 FF FF FF FF FF FF 5C 83 00 00 00 00 00 00 00 00 00 00 00 00 00 00 00 00 00 00 00 00 00 00 00 00 00 00 00 00 00 00 00  
Mifare auth - Sector 15


2026/10/1 14:22:20.203 [TX] - 56 69 56 4F 74 65 63 68 32 00 2C 06 00 08 3C 01 FF FF FF FF FF FF 5B 70 
2026/10/1 14:22:20.215 [RX] - 56 69 56 4F 74 65 63 68 32 00 2C 00 00 00 1C 9B 00 00 00 00 00 00 00 00 00 00 00 00 00 00 00 00 00 00 00 00 00 00 00 00 00 00 00 00 00 00 00 00 00 00 00 00 00 00 00 00 00 00 00 00 00 00 00  
--- Read Block #60 ---

 


2026/10/1 14:22:20.241 [TX] - 56 69 56 4F 74 65 63 68 32 00 2C 07 00 02 31 3C BC 03 
2026/10/1 14:22:20.251 [RX] - 56 69 56 4F 74 65 63 68 32 00 2C 00 00 10 00 00 00 00 00 00 00 00 00 00 00 00 00 00 00 00 72 A4 00 00 00 00 00 00 00 00 00 00 00 00 00 00 00 00 00 00 00 00 00 00 00 00 00 00 00 00 00 00 00  
--- Read Block #61 ---

 


2026/10/1 14:22:20.270 [TX] - 56 69 56 4F 74 65 63 68 32 00 2C 07 00 02 31 3D AC 22 
2026/10/1 14:22:20.282 [RX] - 56 69 56 4F 74 65 63 68 32 00 2C 00 00 10 00 00 00 00 00 00 00 00 00 00 00 00 00 00 00 00 72 A4 00 00 00 00 00 00 00 00 00 00 00 00 00 00 00 00 00 00 00 00 00 00 00 00 00 00 00 00 00 00 00  
--- Read Block #62 ---

 


2026/10/1 14:22:20.302 [TX] - 56 69 56 4F 74 65 63 68 32 00 2C 07 00 02 31 3E 9C 41 
2026/10/1 14:22:20.313 [RX] - 56 69 56 4F 74 65 63 68 32 00 2C 00 00 10 00 00 00 00 00 00 00 00 00 00 00 00 00 00 00 00 72 A4 00 00 00 00 00 00 00 00 00 00 00 00 00 00 00 00 00 00 00 00 00 00 00 00 00 00 00 00 00 00 00  
--- Read Block #63 ---

 


2026/10/1 14:22:20.332 [TX] - 56 69 56 4F 74 65 63 68 32 00 2C 07 00 02 31 3F 8C 60 
2026/10/1 14:22:20.345 [RX] - 56 69 56 4F 74 65 63 68 32 00 2C 00 00 10 00 00 00 00 00 00 FF 07 80 BC FF FF FF FF FF FF 64 4A 00 00 00 00 00 00 00 00 00 00 00 00 00 00 00 00 00 00 00 00 00 00 00 00 00 00 00 00 00 00 00  
PASSED = 64
FAILED = 0

2026/10/1 14:22:20.362 [TX] - 56 69 56 4F 74 65 63 68 32 00 2C 01 00 01 00 0D 38 
2026/10/1 14:22:20.376 [RX] - 56 69 56 4F 74 65 63 68 32 00 2C 00 00 00 1C 9B 00 00 00 00 00 00 00 00 00 00 00 00 00 00 00 00 00 00 00 00 00 00 00 00 00 00 00 00 00 00 00 00 00 00 00 00 00 00 00 00 00 00 00 00 00 00 00  Result = PASSED
 ---------- END OF TEST ----------

 

 MASTER RESULT = PASSED


Docklight Log File (HEX) - Stopped 2026/10/1 14:22:21.988 

