Docklight Log File (HEX) - Started 2026/10/1 14:39:18.328 
 TEST CASE: ULTR003

 --- Set POS COM PORT Settings
 Set POS COM PORT...
 POS operating on COM90 @ 115200 baud...
 Set POS COM PORT - COMPLETE


2026/10/1 14:39:19.637 [TX] - 56 69 56 4F 74 65 63 68 32 00 2C 01 00 01 00 0D 38 
2026/10/1 14:39:19.644 [RX] - 56 69 56 4F 74 65 63 68 32 00 2C 0C 00 00 69 FA 00 00 00 00 00 00 00 00 00 00 00 00 00 00 00 00 00 00 00 00 00 00 00 00 00 00 00 00 00 00 00 00 00 00 00 00 00 00 00 00 00 00 00 00 00 00 00  
PT Start


2026/10/1 14:39:19.946 [TX] - 56 69 56 4F 74 65 63 68 32 00 2C 01 00 01 01 1D 19 
2026/10/1 14:39:19.959 [RX] - 56 69 56 4F 74 65 63 68 32 00 2C 00 00 00 1C 9B 00 00 00 00 00 00 00 00 00 00 00 00 00 00 00 00 00 00 00 00 00 00 00 00 00 00 00 00 00 00 00 00 00 00 00 00 00 00 00 00 00 00 00 00 00 00 00  
Antenna Enable


2026/10/1 14:39:19.968 [TX] - 56 69 56 4F 74 65 63 68 32 00 28 01 00 01 01 94 1F 
2026/10/1 14:39:20.003 [RX] - 56 69 56 4F 74 65 63 68 32 00 28 00 00 00 D6 6A  Antenna Enable (OK)

2026/10/1 14:39:20.003 [RX] - 00 00 00 00 00 00 00 00 00 00 00 00 00 00 00 00 00 00 00 00 00 00 00 00 00 00 00 00 00 00 00 00 00 00 00 00 00 00 00 00 00 00 00 00 00 00 00  
Poll for Token (10 sec)


2026/10/1 14:39:21.222 [TX] - 56 69 56 4F 74 65 63 68 32 00 2C 02 00 02 0A 00 B1 E4 
2026/10/1 14:39:21.366 [RX] - 56 69 56 4F 74 65 63 68 32 00 2C 00 00 08 04 04 2B 6E 9A 67 34 80 D4 32 00 00 00 00 00 00 00 00 00 00 00 00 00 00 00 00 00 00 00 00 00 00 00 00 00 00 00 00 00 00 00 00 00 00 00 00 00 00 00  ---------- READ ALL BLOCKS ----------
 
--- Read Block #0 ---


2026/10/1 14:39:21.444 [TX] - 56 69 56 4F 74 65 63 68 32 00 2C 07 00 02 41 00 43 85 
2026/10/1 14:39:21.458 [RX] - 56 69 56 4F 74 65 63 68 32 00 2C 00 00 10 04 2B 6E C9 9A 67 34 80 49 48 11 11 11 11 11 11 9F 2F 00 00 00 00 00 00 00 00 00 00 00 00 00 00 00 00 00 00 00 00 00 00 00 00 00 00 00 00 00 00 00  
--- Read Block #1 ---


2026/10/1 14:39:21.521 [TX] - 56 69 56 4F 74 65 63 68 32 00 2C 07 00 02 41 01 53 A4 
2026/10/1 14:39:21.536 [RX] - 56 69 56 4F 74 65 63 68 32 00 2C 00 00 10 9A 67 34 80 49 48 11 11 11 11 11 11 02 00 00 10 4F 47 00 00 00 00 00 00 00 00 00 00 00 00 00 00 00 00 00 00 00 00 00 00 00 00 00 00 00 00 00 00 00  
--- Read Block #2 ---


2026/10/1 14:39:21.600 [TX] - 56 69 56 4F 74 65 63 68 32 00 2C 07 00 02 41 02 63 C7 
2026/10/1 14:39:21.615 [RX] - 56 69 56 4F 74 65 63 68 32 00 2C 00 00 10 49 48 11 11 11 11 11 11 02 00 00 10 00 00 00 00 D5 83 00 00 00 00 00 00 00 00 00 00 00 00 00 00 00 00 00 00 00 00 00 00 00 00 00 00 00 00 00 00 00  
--- Read Block #3 ---


2026/10/1 14:39:21.679 [TX] - 56 69 56 4F 74 65 63 68 32 00 2C 07 00 02 41 03 73 E6 
2026/10/1 14:39:21.693 [RX] - 56 69 56 4F 74 65 63 68 32 00 2C 00 00 10 11 11 11 11 02 00 00 10 00 00 00 00 00 00 00 00 A2 A9 00 00 00 00 00 00 00 00 00 00 00 00 00 00 00 00 00 00 00 00 00 00 00 00 00 00 00 00 00 00 00  
--- Read Block #4 ---


2026/10/1 14:39:21.757 [TX] - 56 69 56 4F 74 65 63 68 32 00 2C 07 00 02 41 04 03 01 
2026/10/1 14:39:21.772 [RX] - 56 69 56 4F 74 65 63 68 32 00 2C 00 00 10 02 00 00 10 00 00 00 00 00 00 00 00 00 00 00 00 24 79 00 00 00 00 00 00 00 00 00 00 00 00 00 00 00 00 00 00 00 00 00 00 00 00 00 00 00 00 00 00 00  
--- Read Block #5 ---


2026/10/1 14:39:21.836 [TX] - 56 69 56 4F 74 65 63 68 32 00 2C 07 00 02 41 05 13 20 
2026/10/1 14:39:21.851 [RX] - 56 69 56 4F 74 65 63 68 32 00 2C 00 00 10 00 00 00 00 00 00 00 00 00 00 00 00 00 00 00 00 72 A4 00 00 00 00 00 00 00 00 00 00 00 00 00 00 00 00 00 00 00 00 00 00 00 00 00 00 00 00 00 00 00  
--- Read Block #6 ---


2026/10/1 14:39:21.916 [TX] - 56 69 56 4F 74 65 63 68 32 00 2C 07 00 02 41 06 23 43 
2026/10/1 14:39:21.931 [RX] - 56 69 56 4F 74 65 63 68 32 00 2C 00 00 10 00 00 00 00 00 00 00 00 00 00 00 00 00 00 00 00 72 A4 00 00 00 00 00 00 00 00 00 00 00 00 00 00 00 00 00 00 00 00 00 00 00 00 00 00 00 00 00 00 00  
--- Read Block #7 ---


2026/10/1 14:39:21.995 [TX] - 56 69 56 4F 74 65 63 68 32 00 2C 07 00 02 41 07 33 62 
2026/10/1 14:39:22.010 [RX] - 56 69 56 4F 74 65 63 68 32 00 2C 00 00 10 00 00 00 00 00 00 00 00 00 00 00 00 00 00 00 00 72 A4 00 00 00 00 00 00 00 00 00 00 00 00 00 00 00 00 00 00 00 00 00 00 00 00 00 00 00 00 00 00 00  
--- Read Block #8 ---


2026/10/1 14:39:22.073 [TX] - 56 69 56 4F 74 65 63 68 32 00 2C 07 00 02 41 08 C2 8D 
2026/10/1 14:39:22.088 [RX] - 56 69 56 4F 74 65 63 68 32 00 2C 00 00 10 00 00 00 00 00 00 00 00 00 00 00 00 00 00 00 00 72 A4 00 00 00 00 00 00 00 00 00 00 00 00 00 00 00 00 00 00 00 00 00 00 00 00 00 00 00 00 00 00 00  
--- Read Block #9 ---


2026/10/1 14:39:22.152 [TX] - 56 69 56 4F 74 65 63 68 32 00 2C 07 00 02 41 09 D2 AC 
2026/10/1 14:39:22.166 [RX] - 56 69 56 4F 74 65 63 68 32 00 2C 00 00 10 00 00 00 00 00 00 00 00 00 00 00 00 00 00 00 00 72 A4 00 00 00 00 00 00 00 00 00 00 00 00 00 00 00 00 00 00 00 00 00 00 00 00 00 00 00 00 00 00 00  
--- Read Block #10 ---


2026/10/1 14:39:22.230 [TX] - 56 69 56 4F 74 65 63 68 32 00 2C 07 00 02 41 0A E2 CF 
2026/10/1 14:39:22.244 [RX] - 56 69 56 4F 74 65 63 68 32 00 2C 00 00 10 00 00 00 00 00 00 00 00 00 00 00 00 00 00 00 00 72 A4 00 00 00 00 00 00 00 00 00 00 00 00 00 00 00 00 00 00 00 00 00 00 00 00 00 00 00 00 00 00 00  
--- Read Block #11 ---


2026/10/1 14:39:22.308 [TX] - 56 69 56 4F 74 65 63 68 32 00 2C 07 00 02 41 0B F2 EE 
2026/10/1 14:39:22.323 [RX] - 56 69 56 4F 74 65 63 68 32 00 2C 00 00 10 00 00 00 00 00 00 00 00 00 00 00 00 00 00 00 00 72 A4 00 00 00 00 00 00 00 00 00 00 00 00 00 00 00 00 00 00 00 00 00 00 00 00 00 00 00 00 00 00 00  
--- Read Block #12 ---


2026/10/1 14:39:22.403 [TX] - 56 69 56 4F 74 65 63 68 32 00 2C 07 00 02 41 0C 82 09 
2026/10/1 14:39:22.416 [RX] - 56 69 56 4F 74 65 63 68 32 00 2C 00 00 10 00 00 00 00 00 00 00 00 00 00 00 00 00 00 00 00 72 A4 00 00 00 00 00 00 00 00 00 00 00 00 00 00 00 00 00 00 00 00 00 00 00 00 00 00 00 00 00 00 00  
--- Read Block #13 ---


2026/10/1 14:39:22.503 [TX] - 56 69 56 4F 74 65 63 68 32 00 2C 07 00 02 41 0D 92 28 
2026/10/1 14:39:22.511 [RX] - 56 69 56 4F 74 65 63 68 32 00 2C 00 00 10 00 00 00 00 00 00 00 00 00 00 00 00 00 00 00 00 72 A4 00 00 00 00 00 00 00 00 00 00 00 00 00 00 00 00 00 00 00 00 00 00 00 00 00 00 00 00 00 00 00  
--- Read Block #14 ---


2026/10/1 14:39:22.575 [TX] - 56 69 56 4F 74 65 63 68 32 00 2C 07 00 02 41 0E A2 4B 
2026/10/1 14:39:22.590 [RX] - 56 69 56 4F 74 65 63 68 32 00 2C 00 00 10 00 00 00 00 00 00 00 00 00 00 00 00 00 00 00 00 72 A4 00 00 00 00 00 00 00 00 00 00 00 00 00 00 00 00 00 00 00 00 00 00 00 00 00 00 00 00 00 00 00  
--- Read Block #15 ---


2026/10/1 14:39:22.654 [TX] - 56 69 56 4F 74 65 63 68 32 00 2C 07 00 02 41 0F B2 6A 
2026/10/1 14:39:22.668 [RX] - 56 69 56 4F 74 65 63 68 32 00 2C 00 00 10 00 00 00 00 00 00 00 00 00 00 00 00 00 00 00 00 72 A4 00 00 00 00 00 00 00 00 00 00 00 00 00 00 00 00 00 00 00 00 00 00 00 00 00 00 00 00 00 00 00  
--- Read Block #16 ---


2026/10/1 14:39:22.731 [TX] - 56 69 56 4F 74 65 63 68 32 00 2C 07 00 02 41 10 51 B4 
2026/10/1 14:39:22.745 [RX] - 56 69 56 4F 74 65 63 68 32 00 2C 00 00 10 00 00 00 00 00 00 00 00 00 00 00 00 00 00 00 00 72 A4 00 00 00 00 00 00 00 00 00 00 00 00 00 00 00 00 00 00 00 00 00 00 00 00 00 00 00 00 00 00 00  
--- Read Block #17 ---


2026/10/1 14:39:22.810 [TX] - 56 69 56 4F 74 65 63 68 32 00 2C 07 00 02 41 11 41 95 
2026/10/1 14:39:22.824 [RX] - 56 69 56 4F 74 65 63 68 32 00 2C 00 00 10 00 00 00 00 00 00 00 00 00 00 00 00 00 00 00 00 72 A4 00 00 00 00 00 00 00 00 00 00 00 00 00 00 00 00 00 00 00 00 00 00 00 00 00 00 00 00 00 00 00  
--- Read Block #18 ---


2026/10/1 14:39:22.887 [TX] - 56 69 56 4F 74 65 63 68 32 00 2C 07 00 02 41 12 71 F6 
2026/10/1 14:39:22.902 [RX] - 56 69 56 4F 74 65 63 68 32 00 2C 00 00 10 00 00 00 00 00 00 00 00 00 00 00 00 00 00 00 00 72 A4 00 00 00 00 00 00 00 00 00 00 00 00 00 00 00 00 00 00 00 00 00 00 00 00 00 00 00 00 00 00 00  
--- Read Block #19 ---


2026/10/1 14:39:22.966 [TX] - 56 69 56 4F 74 65 63 68 32 00 2C 07 00 02 41 13 61 D7 
2026/10/1 14:39:22.981 [RX] - 56 69 56 4F 74 65 63 68 32 00 2C 00 00 10 00 00 00 00 00 00 00 00 00 00 00 00 00 00 00 00 72 A4 00 00 00 00 00 00 00 00 00 00 00 00 00 00 00 00 00 00 00 00 00 00 00 00 00 00 00 00 00 00 00  
--- Read Block #20 ---


2026/10/1 14:39:23.045 [TX] - 56 69 56 4F 74 65 63 68 32 00 2C 07 00 02 41 14 11 30 
2026/10/1 14:39:23.059 [RX] - 56 69 56 4F 74 65 63 68 32 00 2C 00 00 10 00 00 00 00 00 00 00 00 00 00 00 00 00 00 00 00 72 A4 00 00 00 00 00 00 00 00 00 00 00 00 00 00 00 00 00 00 00 00 00 00 00 00 00 00 00 00 00 00 00  
--- Read Block #21 ---


2026/10/1 14:39:23.122 [TX] - 56 69 56 4F 74 65 63 68 32 00 2C 07 00 02 41 15 01 11 
2026/10/1 14:39:23.137 [RX] - 56 69 56 4F 74 65 63 68 32 00 2C 00 00 10 00 00 00 00 00 00 00 00 00 00 00 00 00 00 00 00 72 A4 00 00 00 00 00 00 00 00 00 00 00 00 00 00 00 00 00 00 00 00 00 00 00 00 00 00 00 00 00 00 00  
--- Read Block #22 ---


2026/10/1 14:39:23.216 [TX] - 56 69 56 4F 74 65 63 68 32 00 2C 07 00 02 41 16 31 72 
2026/10/1 14:39:23.230 [RX] - 56 69 56 4F 74 65 63 68 32 00 2C 00 00 10 00 00 00 00 00 00 00 00 00 00 00 00 00 00 00 00 72 A4 00 00 00 00 00 00 00 00 00 00 00 00 00 00 00 00 00 00 00 00 00 00 00 00 00 00 00 00 00 00 00  
--- Read Block #23 ---


2026/10/1 14:39:23.294 [TX] - 56 69 56 4F 74 65 63 68 32 00 2C 07 00 02 41 17 21 53 
2026/10/1 14:39:23.308 [RX] - 56 69 56 4F 74 65 63 68 32 00 2C 00 00 10 00 00 00 00 00 00 00 00 00 00 00 00 00 00 00 00 72 A4 00 00 00 00 00 00 00 00 00 00 00 00 00 00 00 00 00 00 00 00 00 00 00 00 00 00 00 00 00 00 00  
--- Read Block #24 ---


2026/10/1 14:39:23.371 [TX] - 56 69 56 4F 74 65 63 68 32 00 2C 07 00 02 41 18 D0 BC 
2026/10/1 14:39:23.385 [RX] - 56 69 56 4F 74 65 63 68 32 00 2C 00 00 10 00 00 00 00 00 00 00 00 00 00 00 00 00 00 00 00 72 A4 00 00 00 00 00 00 00 00 00 00 00 00 00 00 00 00 00 00 00 00 00 00 00 00 00 00 00 00 00 00 00  
--- Read Block #25 ---


2026/10/1 14:39:23.449 [TX] - 56 69 56 4F 74 65 63 68 32 00 2C 07 00 02 41 19 C0 9D 
2026/10/1 14:39:23.463 [RX] - 56 69 56 4F 74 65 63 68 32 00 2C 00 00 10 00 00 00 00 00 00 00 00 00 00 00 00 00 00 00 00 72 A4 00 00 00 00 00 00 00 00 00 00 00 00 00 00 00 00 00 00 00 00 00 00 00 00 00 00 00 00 00 00 00  
--- Read Block #26 ---


2026/10/1 14:39:23.528 [TX] - 56 69 56 4F 74 65 63 68 32 00 2C 07 00 02 41 1A F0 FE 
2026/10/1 14:39:23.542 [RX] - 56 69 56 4F 74 65 63 68 32 00 2C 00 00 10 00 00 00 00 00 00 00 00 00 00 00 00 00 00 00 00 72 A4 00 00 00 00 00 00 00 00 00 00 00 00 00 00 00 00 00 00 00 00 00 00 00 00 00 00 00 00 00 00 00  
--- Read Block #27 ---


2026/10/1 14:39:23.606 [TX] - 56 69 56 4F 74 65 63 68 32 00 2C 07 00 02 41 1B E0 DF 
2026/10/1 14:39:23.620 [RX] - 56 69 56 4F 74 65 63 68 32 00 2C 00 00 10 00 00 00 00 00 00 00 00 00 00 00 00 00 00 00 00 72 A4 00 00 00 00 00 00 00 00 00 00 00 00 00 00 00 00 00 00 00 00 00 00 00 00 00 00 00 00 00 00 00  
--- Read Block #28 ---


2026/10/1 14:39:23.683 [TX] - 56 69 56 4F 74 65 63 68 32 00 2C 07 00 02 41 1C 90 38 
2026/10/1 14:39:23.698 [RX] - 56 69 56 4F 74 65 63 68 32 00 2C 00 00 10 00 00 00 00 00 00 00 00 00 00 00 00 00 00 00 00 72 A4 00 00 00 00 00 00 00 00 00 00 00 00 00 00 00 00 00 00 00 00 00 00 00 00 00 00 00 00 00 00 00  
--- Read Block #29 ---


2026/10/1 14:39:23.761 [TX] - 56 69 56 4F 74 65 63 68 32 00 2C 07 00 02 41 1D 80 19 
2026/10/1 14:39:23.775 [RX] - 56 69 56 4F 74 65 63 68 32 00 2C 00 00 10 00 00 00 00 00 00 00 00 00 00 00 00 00 00 00 00 72 A4 00 00 00 00 00 00 00 00 00 00 00 00 00 00 00 00 00 00 00 00 00 00 00 00 00 00 00 00 00 00 00  
--- Read Block #30 ---


2026/10/1 14:39:23.839 [TX] - 56 69 56 4F 74 65 63 68 32 00 2C 07 00 02 41 1E B0 7A 
2026/10/1 14:39:23.853 [RX] - 56 69 56 4F 74 65 63 68 32 00 2C 00 00 10 00 00 00 00 00 00 00 00 00 00 00 00 00 00 00 00 72 A4 00 00 00 00 00 00 00 00 00 00 00 00 00 00 00 00 00 00 00 00 00 00 00 00 00 00 00 00 00 00 00  
--- Read Block #31 ---


2026/10/1 14:39:23.917 [TX] - 56 69 56 4F 74 65 63 68 32 00 2C 07 00 02 41 1F A0 5B 
2026/10/1 14:39:23.931 [RX] - 56 69 56 4F 74 65 63 68 32 00 2C 00 00 10 00 00 00 00 00 00 00 00 00 00 00 00 00 00 00 00 72 A4 00 00 00 00 00 00 00 00 00 00 00 00 00 00 00 00 00 00 00 00 00 00 00 00 00 00 00 00 00 00 00  
--- Read Block #32 ---


2026/10/1 14:39:23.995 [TX] - 56 69 56 4F 74 65 63 68 32 00 2C 07 00 02 41 20 67 E7 
2026/10/1 14:39:24.009 [RX] - 56 69 56 4F 74 65 63 68 32 00 2C 00 00 10 00 00 00 00 00 00 00 00 00 00 00 00 00 00 00 00 72 A4 00 00 00 00 00 00 00 00 00 00 00 00 00 00 00 00 00 00 00 00 00 00 00 00 00 00 00 00 00 00 00  
--- Read Block #33 ---


2026/10/1 14:39:24.073 [TX] - 56 69 56 4F 74 65 63 68 32 00 2C 07 00 02 41 21 77 C6 
2026/10/1 14:39:24.088 [RX] - 56 69 56 4F 74 65 63 68 32 00 2C 00 00 10 00 00 00 00 00 00 00 00 00 00 00 00 00 00 00 00 72 A4 00 00 00 00 00 00 00 00 00 00 00 00 00 00 00 00 00 00 00 00 00 00 00 00 00 00 00 00 00 00 00  
--- Read Block #34 ---


2026/10/1 14:39:24.152 [TX] - 56 69 56 4F 74 65 63 68 32 00 2C 07 00 02 41 22 47 A5 
2026/10/1 14:39:24.167 [RX] - 56 69 56 4F 74 65 63 68 32 00 2C 00 00 10 00 00 00 00 00 00 00 00 00 00 00 00 00 00 00 00 72 A4 00 00 00 00 00 00 00 00 00 00 00 00 00 00 00 00 00 00 00 00 00 00 00 00 00 00 00 00 00 00 00  
--- Read Block #35 ---


2026/10/1 14:39:24.232 [TX] - 56 69 56 4F 74 65 63 68 32 00 2C 07 00 02 41 23 57 84 
2026/10/1 14:39:24.246 [RX] - 56 69 56 4F 74 65 63 68 32 00 2C 00 00 10 00 00 00 00 00 00 00 00 00 00 00 00 00 00 00 00 72 A4 00 00 00 00 00 00 00 00 00 00 00 00 00 00 00 00 00 00 00 00 00 00 00 00 00 00 00 00 00 00 00  
--- Read Block #36 ---


2026/10/1 14:39:24.312 [TX] - 56 69 56 4F 74 65 63 68 32 00 2C 07 00 02 41 24 27 63 
2026/10/1 14:39:24.327 [RX] - 56 69 56 4F 74 65 63 68 32 00 2C 00 00 10 00 00 00 00 00 00 00 00 00 00 00 00 00 00 00 00 72 A4 00 00 00 00 00 00 00 00 00 00 00 00 00 00 00 00 00 00 00 00 00 00 00 00 00 00 00 00 00 00 00  
--- Read Block #37 ---


2026/10/1 14:39:24.406 [TX] - 56 69 56 4F 74 65 63 68 32 00 2C 07 00 02 41 25 37 42 
2026/10/1 14:39:24.421 [RX] - 56 69 56 4F 74 65 63 68 32 00 2C 00 00 10 00 00 00 00 00 00 00 00 00 00 00 00 00 00 00 00 72 A4 00 00 00 00 00 00 00 00 00 00 00 00 00 00 00 00 00 00 00 00 00 00 00 00 00 00 00 00 00 00 00  
--- Read Block #38 ---


2026/10/1 14:39:24.500 [TX] - 56 69 56 4F 74 65 63 68 32 00 2C 07 00 02 41 26 07 21 
2026/10/1 14:39:24.515 [RX] - 56 69 56 4F 74 65 63 68 32 00 2C 00 00 10 00 00 00 00 00 00 00 00 00 00 00 00 00 00 00 00 72 A4 00 00 00 00 00 00 00 00 00 00 00 00 00 00 00 00 00 00 00 00 00 00 00 00 00 00 00 00 00 00 00  
--- Read Block #39 ---


2026/10/1 14:39:24.580 [TX] - 56 69 56 4F 74 65 63 68 32 00 2C 07 00 02 41 27 17 00 
2026/10/1 14:39:24.595 [RX] - 56 69 56 4F 74 65 63 68 32 00 2C 00 00 10 00 00 00 00 00 00 00 00 00 00 00 00 30 00 00 00 5E 4D 00 00 00 00 00 00 00 00 00 00 00 00 00 00 00 00 00 00 00 00 00 00 00 00 00 00 00 00 00 00 00  
PASSED = 40
FAILED = 0
 
PT Stop


2026/10/1 14:39:24.610 [TX] - 56 69 56 4F 74 65 63 68 32 00 2C 01 00 01 00 0D 38 
2026/10/1 14:39:24.627 [RX] - 56 69 56 4F 74 65 63 68 32 00 2C 00 00 00 1C 9B 00 00 00 00 00 00 00 00 00 00 00 00 00 00 00 00 00 00 00 00 00 00 00 00 00 00 00 00 00 00 00 00 00 00 00 00 00 00 00 00 00 00 00 00 00 00 00  

 ---------- END OF TEST ----------

 Result = PASSED


Docklight Log File (HEX) - Stopped 2026/10/1 14:39:25.020 

