Docklight Log File (HEX) - Started 2026/9/30 15:31:35.654 
 TEST CASE: ADPT102-1

 --- Set POS COM PORT Settings
 Set POS COM PORT...
 POS operating on COM90 @ 115200 baud...
 Set POS COM PORT - COMPLETE


2026/9/30 15:31:36.792 [TX] - 56 69 56 4F 74 65 63 68 32 00 2C 01 00 01 00 0D 38 
2026/9/30 15:31:36.799 [RX] - 56 69 56 4F 74 65 63 68 32 00 2C 0C 00 00 69 FA 00 00 00 00 00 00 00 00 00 00 00 00 00 00 00 00 00 00 00 00 00 00 00 00 00 00 00 00 00 00 00 00 00 00 00 00 00 00 00 00 00 00 00 00 00 00 00  

 --- Set Configuration Global On = 02 = Felica auto switch (NEO3)

2026/9/30 15:31:38.011 [TX] - 56 69 56 4F 74 65 63 68 32 00 04 00 00 05 DF EE 7C 01 02 50 42 
2026/9/30 15:31:38.051 [RX] - 56 69 56 4F 74 65 63 68 32 00 04 00 00 00 AE 16 00 00 00 00 00 00 00 00 00 00 00 00 00 00 00 00 00 00 00 00 00 00 00 00 00 00 00 00 00 00 00 00 00 00 00 00 00 00 00 00 00 00 00 00 00 00 00  

 --- Tag DFEC3D = FEE1 (Felica Plug)

2026/9/30 15:31:38.289 [TX] - 56 69 56 4F 74 65 63 68 32 00 04 00 00 06 DF EC 3D 02 FE E1 7E 2F 
2026/9/30 15:31:38.405 [RX] - 56 69 56 4F 74 65 63 68 32 00 04 00 00 00 AE 16 00 00 00 00 00 00 00 00 00 00 00 00 00 00 00 00 00 00 00 00 00 00 00 00 00 00 00 00 00 00 00 00 00 00 00 00 00 00 00 00 00 00 00 00 00 00 00  

 --- cmd 02-40

2026/9/30 15:31:39.759 [TX] - 56 69 56 4F 74 65 63 68 32 00 02 40 00 0D 05 9C 01 00 9F 02 06 00 00 00 00 15 00 16 4B 
2026/9/30 15:31:44.884 [RX] - 56 69 56 4F 74 65 63 68 32 00 02 08 00 00 20 2E 00 00 00 00 00 00 00 00 00 00 00 00 00 00 00 00 00 00 00 00 00 00 00 00 00 00 00 00 00 00 00 00 00 00 00 00 00 00 00 00 00 00 00 00 00 00 00  

 --- Tag DFEC3D = FFFF (default, ALL)

2026/9/30 15:31:46.623 [TX] - 56 69 56 4F 74 65 63 68 32 00 04 00 00 06 DF EC 3D 02 FF FF BE E1 
2026/9/30 15:31:46.660 [RX] - 56 69 56 4F 74 65 63 68 32 00 04 00 00 00 AE 16 00 00 00 00 00 00 00 00 00 00 00 00 00 00 00 00 00 00 00 00 00 00 00 00 00 00 00 00 00 00 00 00 00 00 00 00 00 00 00 00 00 00 00 00 00 00 00  

 --- cmd 02-40

2026/9/30 15:31:48.047 [TX] - 56 69 56 4F 74 65 63 68 32 00 02 40 00 0D 05 9C 01 00 9F 02 06 00 00 00 00 15 00 16 4B 
2026/9/30 15:31:48.207 [RX] - 56 69 56 4F 74 65 63 68 32 00 02 50 00 26 21 DF EE 26 02 21 00 DF EE 02 04 27 90 00 00 DF EC 0F 13 04 FF FF 01 2E 59 24 2B 41 22 5F 00 F1 00 00 00 01 43 00 BA DB 00 00 00 00 00 00 00 00 00  

 --- Pass-Through Mode, Stop 

2026/9/30 15:31:48.949 [TX] - 56 69 56 4F 74 65 63 68 32 00 2C 01 00 01 00 0D 38 
2026/9/30 15:31:48.962 [RX] - 56 69 56 4F 74 65 63 68 32 00 2C 00 00 00 1C 9B 00 00 00 00 00 00 00 00 00 00 00 00 00 00 00 00 00 00 00 00 00 00 00 00 00 00 00 00 00 00 00 00 00 00 00 00 00 00 00 00 00 00 00 00 00 00 00  


2026/9/30 15:31:48.988 [TX] - 56 69 56 4F 74 65 63 68 32 00 04 00 00 05 DF EE 7C 01 00 70 00 
2026/9/30 15:31:49.024 [RX] - 56 69 56 4F 74 65 63 68 32 00 04 00 00 00 AE 16 00 00 00 00 00 00 00 00 00 00 00 00 00 00 00 00 00 00 00 00 00 00 00 00 00 00 00 00 00 00 00 00 00 00 00 00 00 00 00 00 00 00 00 00 00 00 00  

 ---------- END OF TEST ----------

 Result = PASSED
 

 MASTER RESULT = PASSED


Docklight Log File (HEX) - Stopped 2026/9/30 15:31:50.113 

