Docklight Log File (HEX) - Started 2026/10/2 09:58:01.968 
 TEST CASE: CR032-1

 --- Set POS COM PORT Settings
 Set POS COM PORT...
 POS operating on COM90 @ 115200 baud...
 Set POS COM PORT - COMPLETE

 --- PassThrough-----START

2026/10/2 09:58:04.697 [TX] - 56 69 56 4F 74 65 63 68 32 00 2C 01 00 01 01 19 1D 
2026/10/2 09:58:04.710 [RX] - 56 69 56 4F 74 65 63 68 32 00 29 00 00 1A 56 69 56 4F 74 65 63 68 32 00 2C 00  PASS 00 00 1C 9B 00 00 00 00 00 00 00 00 00 00 00 00 00 00 00 00 00 00 00 00 00 00 00 00 00 00 00 00 00 00 00 00 00 00 00 00 00 00 00 00 00 00 00 00 00 00 00  

 --- Get ATR (SAM 1)

2026/10/2 09:58:05.135 [TX] - 56 69 56 4F 74 65 63 68 32 00 2C 12 00 01 21 00 B9 
2026/10/2 09:58:05.209 [RX] - 56 69 56 4F 74 65 63 68 32 00 2C 00  PASS 00 12 3B F8 13 00 00 81 31 FE 45 4A 43 4F 50 76 32 34 31 B7 1C 4B 00 00 00 00 00 00 00 00 00 00 00 00 00 00 00 00 00 00 00 00 00 00 00 00 00 00 00 00 00  

 --- Contact Power Off (SAM 1)

2026/10/2 09:58:05.636 [TX] - 56 69 56 4F 74 65 63 68 32 00 2C 18 00 01 21 AB D1 
2026/10/2 09:58:05.652 [RX] - 56 69 56 4F 74 65 63 68 32 00 2C 00  PASS 00 00 1C 9B 00 00 00 00 00 00 00 00 00 00 00 00 00 00 00 00 00 00 00 00 00 00 00 00 00 00 00 00 00 00 00 00 00 00 00 00 00 00 00 00 00 00 00 00 00 00 00  

 --- Get ATR (SAM 2)

2026/10/2 09:58:06.077 [TX] - 56 69 56 4F 74 65 63 68 32 00 2C 12 00 01 22 63 89 
2026/10/2 09:58:06.151 [RX] - 56 69 56 4F 74 65 63 68 32 00 2C 00  PASS 00 12 3B F8 13 00 00 81 31 FE 45 4A 43 4F 50 76 32 34 31 B7 1C 4B 00 00 00 00 00 00 00 00 00 00 00 00 00 00 00 00 00 00 00 00 00 00 00 00 00 00 00 00 00  

 --- Contact Power Off (SAM 2)

2026/10/2 09:58:06.575 [TX] - 56 69 56 4F 74 65 63 68 32 00 2C 18 00 01 22 C8 E1 
2026/10/2 09:58:06.591 [RX] - 56 69 56 4F 74 65 63 68 32 00 2C 00  PASS 00 00 1C 9B 00 00 00 00 00 00 00 00 00 00 00 00 00 00 00 00 00 00 00 00 00 00 00 00 00 00 00 00 00 00 00 00 00 00 00 00 00 00 00 00 00 00 00 00 00 00 00  

 --- PassThrough-----STOP

2026/10/2 09:58:07.019 [TX] - 56 69 56 4F 74 65 63 68 32 00 2C 01 00 01 00 38 0D 
2026/10/2 09:58:07.032 [RX] - 56 69 56 4F 74 65 63 68 32 00 2C 00  PASS 00 00 1C 9B 00 00 00 00 00 00 00 00 00 00 00 00 00 00 00 00 00 00 00 00 00 00 00 00 00 00 00 00 00 00 00 00 00 00 00 00 00 00 00 00 00 00 00 00 00 00 00  

 Result = PASSED
 ---------- END OF TEST ----------

 Result = PASSED
 

 MASTER RESULT = PASSED


Docklight Log File (HEX) - Stopped 2026/10/2 09:58:08.566 

