Docklight Log File (HEX) - Started 2026/9/9 11:30:02.333 
 TEST CASE: USAT013

 --- Set POS COM PORT Settings
 Set POS COM PORT...
 POS operating on COM90 @ 115200 baud...
 Set POS COM PORT - COMPLETE

 --- Poll on Demand

2026/9/9 11:30:08.434 [TX] - 56 69 56 4F 74 65 63 68 32 00 01 01 00 01 01 D7 34 
2026/9/9 11:30:08.441 [RX] - 56 69 56 4F 74 65 63 68 32 00 01 00 00 00 12 53 00 00 00 00 00 00 00 00 00 00 00 00 00 00 00 00 00 00 00 00 00 00 00 00 00 00 00 00 00 00 00 00 00 00 00 00 00 00 00 00 00 00 00 00 00 00 00  

 --- Burst Mode OFF

2026/9/9 11:30:08.972 [TX] - 56 69 56 4F 74 65 63 68 32 00 04 00 00 05 DF EE 7E 01 00 60 1E 
2026/9/9 11:30:09.052 [RX] - 56 69 56 4F 74 65 63 68 32 00 04 00 00 00 AE 16 00 00 00 00 00 00 00 00 00 00 00 00 00 00 00 00 00 00 00 00 00 00 00 00 00 00 00 00 00 00 00 00 00 00 00 00 00 00 00 00 00 00 00 00 00 00 00  

Cycle 1
 

 --- LCD Display Line 1 Message (F0-F2)

2026/9/9 11:30:10.073 [TX] - 56 69 56 4F 74 65 63 68 32 00 F0 F2 00 10 20 20 20 20 52 69 6C 61 6B 6B 75 6D 61 20 20 20 36 B0 
2026/9/9 11:30:10.086 [RX] - 56 69 56 4F 74 65 63 68 32 00 F0 00 00 00 FB AA 00 00 00 00 00 00 00 00 00 00 00 00 00 00 00 00 00 00 00 00 00 00 00 00 00 00 00 00 00 00 00 00 00 00 00 00 00 00 00 00 00 00 00 00 00 00 00  

 --- LCD Display Line 2 Message (F0-F3)

2026/9/9 11:30:15.694 [TX] - 56 69 56 4F 74 65 63 68 32 00 F0 F3 00 10 20 20 53 70 65 63 69 61 6C 20 53 61 6C 65 20 20 5D E3 
2026/9/9 11:30:15.706 [RX] - 56 69 56 4F 74 65 63 68 32 00 F0 00 00 00 FB AA 00 00 00 00 00 00 00 00 00 00 00 00 00 00 00 00 00 00 00 00 00 00 00 00 00 00 00 00 00 00 00 00 00 00 00 00 00 00 00 00 00 00 00 00 00 00 00  

 --- LCD Display Line 1 Message (F0-F2)

2026/9/9 11:30:17.743 [TX] - 56 69 56 4F 74 65 63 68 32 00 F0 F2 00 10 20 20 20 20 52 69 6C 61 6B 6B 75 6D 61 20 20 20 36 B0 
2026/9/9 11:30:17.755 [RX] - 56 69 56 4F 74 65 63 68 32 00 F0 00 00 00 FB AA 00 00 00 00 00 00 00 00 00 00 00 00 00 00 00 00 00 00 00 00 00 00 00 00 00 00 00 00 00 00 00 00 00 00 00 00 00 00 00 00 00 00 00 00 00 00 00  

 --- LCD Display Line 2 Message (F0-F3)

2026/9/9 11:30:19.144 [TX] - 56 69 56 4F 74 65 63 68 32 00 F0 F3 00 10 20 20 20 20 20 20 20 20 20 20 20 20 20 20 20 20 EC 5E 
2026/9/9 11:30:19.156 [RX] - 56 69 56 4F 74 65 63 68 32 00 F0 00 00 00 FB AA 00 00 00 00 00 00 00 00 00 00 00 00 00 00 00 00 00 00 00 00 00 00 00 00 00 00 00 00 00 00 00 00 00 00 00 00 00 00 00 00 00 00 00 00 00 00 00  

 --- 02-01

2026/9/9 11:30:20.415 [TX] - 56 69 56 4F 74 65 63 68 32 00 02 40 00 22 0A 9A 03 14 05 30 5F 2A 02 08 40 9F 02 06 00 00 00 00 01 00 9C 01 00 9F 1A 02 08 40 9F 21 03 15 31 00 A8 34  

 --- LCD Display Line 1 Message (F0-F2)

2026/9/9 11:30:20.933 [TX] - 56 69 56 4F 74 65 63 68 32 00 F0 F2 00 10 20 20 20 20 52 69 6C 61 6B 6B 75 6D 61 20 20 20 36 B0 
2026/9/9 11:30:20.947 [RX] - 56 69 56 4F 74 65 63 68 32 00 F0 00 00 00 FB AA 00 00 00 00 00 00 00 00 00 00 00 00 00 00 00 00 00 00 00 00 00 00 00 00 00 00 00 00 00 00 00 00 00 00 00 00 00 00 00 00 00 00 00 00 00 00 00  

 --- LCD Display Line 2 Message (F0-F3)

2026/9/9 11:30:21.474 [TX] - 56 69 56 4F 74 65 63 68 32 00 F0 F3 00 10 20 20 53 70 65 63 69 61 6C 20 53 61 6C 65 20 20 5D E3 
2026/9/9 11:30:21.487 [RX] - 56 69 56 4F 74 65 63 68 32 00 F0 00 00 00 FB AA 00 00 00 00 00 00 00 00 00 00 00 00 00 00 00 00 00 00 00 00 00 00 00 00 00 00 00 00 00 00 00 00 00 00 00 00 00 00 00 00 00 00 00 00 00 00 00 56 69 56 4F 74 65 63 68 32 00 02 08 00 00 20 2E 00 00 00 00 00 00 00 00 00 00 00 00 00 00 00 00 00 00 00 00 00 00 00 00 00 00 00 00 00 00 00 00 00 00 00 00 00 00 00 00 00 00 00 00 00 00 00  

Cycle 2
 

 --- LCD Display Line 1 Message (F0-F2)

2026/9/9 11:30:30.554 [TX] - 56 69 56 4F 74 65 63 68 32 00 F0 F2 00 10 20 20 20 20 52 69 6C 61 6B 6B 75 6D 61 20 20 20 36 B0 
2026/9/9 11:30:30.591 [RX] - 56 69 56 4F 74 65 63 68 32 00 F0 00 00 00 FB AA 00 00 00 00 00 00 00 00 00 00 00 00 00 00 00 00 00 00 00 00 00 00 00 00 00 00 00 00 00 00 00 00 00 00 00 00 00 00 00 00 00 00 00 00 00 00 00  

 --- LCD Display Line 2 Message (F0-F3)

2026/9/9 11:30:31.128 [TX] - 56 69 56 4F 74 65 63 68 32 00 F0 F3 00 10 20 20 53 70 65 63 69 61 6C 20 53 61 6C 65 20 20 5D E3 
2026/9/9 11:30:31.140 [RX] - 56 69 56 4F 74 65 63 68 32 00 F0 00 00 00 FB AA 00 00 00 00 00 00 00 00 00 00 00 00 00 00 00 00 00 00 00 00 00 00 00 00 00 00 00 00 00 00 00 00 00 00 00 00 00 00 00 00 00 00 00 00 00 00 00  

 --- LCD Display Line 1 Message (F0-F2)

2026/9/9 11:30:31.674 [TX] - 56 69 56 4F 74 65 63 68 32 00 F0 F2 00 10 20 20 20 20 52 69 6C 61 6B 6B 75 6D 61 20 20 20 36 B0 
2026/9/9 11:30:31.687 [RX] - 56 69 56 4F 74 65 63 68 32 00 F0 00 00 00 FB AA 00 00 00 00 00 00 00 00 00 00 00 00 00 00 00 00 00 00 00 00 00 00 00 00 00 00 00 00 00 00 00 00 00 00 00 00 00 00 00 00 00 00 00 00 00 00 00  

 --- LCD Display Line 2 Message (F0-F3)

2026/9/9 11:30:32.225 [TX] - 56 69 56 4F 74 65 63 68 32 00 F0 F3 00 10 20 20 20 20 20 20 20 20 20 20 20 20 20 20 20 20 EC 5E 
2026/9/9 11:30:32.238 [RX] - 56 69 56 4F 74 65 63 68 32 00 F0 00 00 00 FB AA 00 00 00 00 00 00 00 00 00 00 00 00 00 00 00 00 00 00 00 00 00 00 00 00 00 00 00 00 00 00 00 00 00 00 00 00 00 00 00 00 00 00 00 00 00 00 00  

 --- 02-01

2026/9/9 11:30:32.775 [TX] - 56 69 56 4F 74 65 63 68 32 00 02 40 00 22 0A 9A 03 14 05 30 5F 2A 02 08 40 9F 02 06 00 00 00 00 01 00 9C 01 00 9F 1A 02 08 40 9F 21 03 15 31 00 A8 34  

 --- LCD Display Line 1 Message (F0-F2)

2026/9/9 11:30:33.300 [TX] - 56 69 56 4F 74 65 63 68 32 00 F0 F2 00 10 20 20 20 20 52 69 6C 61 6B 6B 75 6D 61 20 20 20 36 B0 
2026/9/9 11:30:33.314 [RX] - 56 69 56 4F 74 65 63 68 32 00 F0 00 00 00 FB AA 00 00 00 00 00 00 00 00 00 00 00 00 00 00 00 00 00 00 00 00 00 00 00 00 00 00 00 00 00 00 00 00 00 00 00 00 00 00 00 00 00 00 00 00 00 00 00  

 --- LCD Display Line 2 Message (F0-F3)

2026/9/9 11:30:33.848 [TX] - 56 69 56 4F 74 65 63 68 32 00 F0 F3 00 10 20 20 53 70 65 63 69 61 6C 20 53 61 6C 65 20 20 5D E3 
2026/9/9 11:30:33.862 [RX] - 56 69 56 4F 74 65 63 68 32 00 F0 00 00 00 FB AA 00 00 00 00 00 00 00 00 00 00 00 00 00 00 00 00 00 00 00 00 00 00 00 00 00 00 00 00 00 00 00 00 00 00 00 00 00 00 00 00 00 00 00 00 00 00 00 56 69 56 4F 74 65 63 68 32 00 02 08 00 00 20 2E 00 00 00 00 00 00 00 00 00 00 00 00 00 00 00 00 00 00 00 00 00 00 00 00 00 00 00 00 00 00 00 00 00 00 00 00 00 00 00 00 00 00 00 00 00 00 00  

Cycle 3
 

 --- LCD Display Line 1 Message (F0-F2)

2026/9/9 11:30:42.915 [TX] - 56 69 56 4F 74 65 63 68 32 00 F0 F2 00 10 20 20 20 20 52 69 6C 61 6B 6B 75 6D 61 20 20 20 36 B0 
2026/9/9 11:30:42.956 [RX] - 56 69 56 4F 74 65 63 68 32 00 F0 00 00 00 FB AA 00 00 00 00 00 00 00 00 00 00 00 00 00 00 00 00 00 00 00 00 00 00 00 00 00 00 00 00 00 00 00 00 00 00 00 00 00 00 00 00 00 00 00 00 00 00 00  

 --- LCD Display Line 2 Message (F0-F3)

2026/9/9 11:30:43.484 [TX] - 56 69 56 4F 74 65 63 68 32 00 F0 F3 00 10 20 20 53 70 65 63 69 61 6C 20 53 61 6C 65 20 20 5D E3 
2026/9/9 11:30:43.496 [RX] - 56 69 56 4F 74 65 63 68 32 00 F0 00 00 00 FB AA 00 00 00 00 00 00 00 00 00 00 00 00 00 00 00 00 00 00 00 00 00 00 00 00 00 00 00 00 00 00 00 00 00 00 00 00 00 00 00 00 00 00 00 00 00 00 00  

 --- LCD Display Line 1 Message (F0-F2)

2026/9/9 11:30:44.016 [TX] - 56 69 56 4F 74 65 63 68 32 00 F0 F2 00 10 20 20 20 20 52 69 6C 61 6B 6B 75 6D 61 20 20 20 36 B0 
2026/9/9 11:30:44.029 [RX] - 56 69 56 4F 74 65 63 68 32 00 F0 00 00 00 FB AA 00 00 00 00 00 00 00 00 00 00 00 00 00 00 00 00 00 00 00 00 00 00 00 00 00 00 00 00 00 00 00 00 00 00 00 00 00 00 00 00 00 00 00 00 00 00 00  

 --- LCD Display Line 2 Message (F0-F3)

2026/9/9 11:30:44.564 [TX] - 56 69 56 4F 74 65 63 68 32 00 F0 F3 00 10 20 20 20 20 20 20 20 20 20 20 20 20 20 20 20 20 EC 5E 
2026/9/9 11:30:44.576 [RX] - 56 69 56 4F 74 65 63 68 32 00 F0 00 00 00 FB AA 00 00 00 00 00 00 00 00 00 00 00 00 00 00 00 00 00 00 00 00 00 00 00 00 00 00 00 00 00 00 00 00 00 00 00 00 00 00 00 00 00 00 00 00 00 00 00  

 --- 02-01

2026/9/9 11:30:45.102 [TX] - 56 69 56 4F 74 65 63 68 32 00 02 40 00 22 0A 9A 03 14 05 30 5F 2A 02 08 40 9F 02 06 00 00 00 00 01 00 9C 01 00 9F 1A 02 08 40 9F 21 03 15 31 00 A8 34  

 --- LCD Display Line 1 Message (F0-F2)

2026/9/9 11:30:45.619 [TX] - 56 69 56 4F 74 65 63 68 32 00 F0 F2 00 10 20 20 20 20 52 69 6C 61 6B 6B 75 6D 61 20 20 20 36 B0 
2026/9/9 11:30:45.633 [RX] - 56 69 56 4F 74 65 63 68 32 00 F0 00 00 00 FB AA 00 00 00 00 00 00 00 00 00 00 00 00 00 00 00 00 00 00 00 00 00 00 00 00 00 00 00 00 00 00 00 00 00 00 00 00 00 00 00 00 00 00 00 00 00 00 00  

 --- LCD Display Line 2 Message (F0-F3)

2026/9/9 11:30:46.152 [TX] - 56 69 56 4F 74 65 63 68 32 00 F0 F3 00 10 20 20 53 70 65 63 69 61 6C 20 53 61 6C 65 20 20 5D E3 
2026/9/9 11:30:46.166 [RX] - 56 69 56 4F 74 65 63 68 32 00 F0 00 00 00 FB AA 00 00 00 00 00 00 00 00 00 00 00 00 00 00 00 00 00 00 00 00 00 00 00 00 00 00 00 00 00 00 00 00 00 00 00 00 00 00 00 00 00 00 00 00 00 00 00 56 69 56 4F 74 65 63 68 32 00 02 08 00 00 20 2E 00 00 00 00 00 00 00 00 00 00 00 00 00 00 00 00 00 00 00 00 00 00 00 00 00 00 00 00 00 00 00 00 00 00 00 00 00 00 00 00 00 00 00 00 00 00 00  

Cycle 4
 

 --- 02-01

2026/9/9 11:30:56.402 [TX] - 56 69 56 4F 74 65 63 68 32 00 02 40 00 22 0A 9A 03 14 05 30 5F 2A 02 08 40 9F 02 06 00 00 00 00 01 00 9C 01 00 9F 1A 02 08 40 9F 21 03 15 31 00 A8 34 
2026/9/9 11:30:57.084 [RX] - 56 69 56 4F 74 65 63 68 32 00 02 23 02 3E E1 DF EE 26 02 E1 00 DF EE 12 0A FF FF FF 02 00 1C BA C0 00 1D DF 81 16 0D 1E 04 00 00 00 00 00 00 00 00 00 00 00 DF 81 29 08 30 F0 F0 00 B0 F0 FF 00 FF 81 06 1E 9F 42 02 09 78 DF 81 0B 01 00 DF 81 15 06 00 00 00 00 00 FF DF 81 0E 01 00 DF 81 0F 01 00 FF 81 05 82 01 8F 4F 07 A0 00 00 00 04 10 10 50 0F 50 50 43 20 4D 43 44 20 30 31 20 20 76 32 30 57 A1 11 54 13 CC CC CC CC 00 10 D1 41 2C CC CC CC CC CC CC 57 C1 18 7B 19 1F 28 FC 22 63 B2 BC F2 BE 4A A9 11 7B 55 CF 60 AB DA E4 FB 82 4A 5A A1 08 54 13 CC CC CC CC 00 10 5A C1 10 D1 A6 6C C0 F6 6C 49 24 23 D8 3B A2 7C D8 AE E6 82 02 59 80 84 07 A0 00 00 00 04 10 10 8E 0E 00 00 00 00 00 00 00 00 42 03 5E 03 1F 03 95 05 24 00 00 00 01 9A 03 14 05 30 9B 02 00 00 9C 01 00 5F 24 03 14 12 31 5F 25 03 04 01 01 5F 28 02 00 56 5F 2A 02 08 40 5F 34 01 01 9F 01 00 9F 02 06 00 00 00 00 01 00 9F 03 06 00 00 00 00 00 00 9F 06 07 A0 00 00 00 04 10 10 9F 07 02 FF 00 9F 09 02 00 02 9F 0D 05 00 00 00 00 00 9F 0E 05 00 00 00 00 00 9F 0F 05 00 00 00 00 00 9F 10 12 01 10 A0 00 09 22 80 00 00 00 00 00 00 00 00 00 00 FF 9F 15 02 11 11 9F 16 00 9F 1A 02 08 40 9F 1C 00 9F 1D 08 6C FF 00 00 00 00 00 00 9F 1E 08 33 5A 30 30 30 36 30 34 9F 21 03 15 31 00 9F 26 08 0B A5 8F 01 30 9B 36 8B 9F 27 01 80 9F 2A 01 02 9F 33 03 00 08 08 9F 34 03 1F 03 02 9F 35 01 22 9F 36 02 5F 6B 9F 37 04 61 94 6E 78 9F 39 01 07 9F 40 05 00 00 00 00 00 9F 41 04 00 00 00 03 9F 42 02 09 78 9F 4E 00 9F 53 01 00 9F 6D 02 00 01 DF EE 76 05 24 00 00 00 01 DF 81 16 0D 1B 00 00 00 00 00 00 00 00 00 00 00 00 DF 81 0C 01 02 96 08 02 00 00 00 00 00 00 00 DF EE 4C 01 03 DF EC 1C 1E 08 03 00 03 FF 00 1B 00 00 00 00 00 81 0C 01 02 96 08 02 00 00 00 00 00 00 00 00 00 FF 00 DF EF 4C 06 00 00 00 00 00 00 DF EF 4D 00 FC DE 00 00 00 00 00 00 00 00 00 00 00 00 00 00 00 00 00 00 00 00 00 00 00 00 00 00 00 00 00 00 00 00 00 00 00 00 00 00 00 00  

 --- LCD Display Line 1 Message (F0-F2)

2026/9/9 11:30:58.111 [TX] - 56 69 56 4F 74 65 63 68 32 00 F0 F2 00 10 20 20 20 20 52 69 6C 61 6B 6B 75 6D 61 20 20 20 36 B0 
2026/9/9 11:30:58.121 [RX] - 56 69 56 4F 74 65 63 68 32 00 F0 0B 00 00 0B 5B 00 00 00 00 00 00 00 00 00 00 00 00 00 00 00 00 00 00 00 00 00 00 00 00 00 00 00 00 00 00 00 00 00 00 00 00 00 00 00 00 00 00 00 00 00 00 00  

 --- LCD Display Line 2 Message (F0-F3)

2026/9/9 11:30:58.151 [TX] - 56 69 56 4F 74 65 63 68 32 00 F0 F3 00 10 20 20 53 70 65 63 69 61 6C 20 53 61 6C 65 20 20 5D E3 
2026/9/9 11:30:58.164 [RX] - 56 69 56 4F 74 65 63 68 32 00 F0 0B 00 00 0B 5B 00 00 00 00 00 00 00 00 00 00 00 00 00 00 00 00 00 00 00 00 00 00 00 00 00 00 00 00 00 00 00 00 00 00 00 00 00 00 00 00 00 00 00 00 00 00 00  

Cycle 5
 

 --- LCD Display Line 1 Message (F0-F2)

2026/9/9 11:30:58.684 [TX] - 56 69 56 4F 74 65 63 68 32 00 F0 F2 00 10 20 20 20 20 52 69 6C 61 6B 6B 75 6D 61 20 20 20 36 B0 
2026/9/9 11:30:58.697 [RX] - 56 69 56 4F 74 65 63 68 32 00 F0 00 00 00 FB AA 00 00 00 00 00 00 00 00 00 00 00 00 00 00 00 00 00 00 00 00 00 00 00 00 00 00 00 00 00 00 00 00 00 00 00 00 00 00 00 00 00 00 00 00 00 00 00  

 Result = FAILED
 ---------- END OF TEST ----------



Docklight Log File (HEX) - Stopped 2026/9/9 11:31:01.290 

