Docklight Log File (HEX) - Started 2026/9/21 16:19:23.162 
 TEST CASE: MFC004-1

 --- Set POS COM PORT Settings
 Set POS COM PORT...
 POS operating on COM90 @ 115200 baud...
 Set POS COM PORT - COMPLETE

 --- 04-00_Fallback to CL enable_retry=0

2026/9/21 16:19:24.482 [TX] - 56 69 56 4F 74 65 63 68 32 00 04 00 00 0C DF EC 53 08 01 00 00 00 00 00 00 00 58 80 
2026/9/21 16:19:24.519 [RX] - 56 69 56 4F 74 65 63 68 32 00 04 00 00 00 AE 16 00 00 00 00 00 00 00 00 00 00 00 00 00 00 00 00 00 00 00 00 00 00 00 00 00 00 00 00 00 00 00 00 00 00 00 00 00 00 00 00 00 00 00 00 00 00 00  

--- Poll on Demand (01-01)

2026/9/21 16:19:24.539 [TX] - 56 69 56 4F 74 65 63 68 32 00 01 01 00 01 01 D7 34 
2026/9/21 16:19:24.550 [RX] - 56 69 56 4F 74 65 63 68 32 00 01 00 00 00 12 53 00 00 00 00 00 00 00 00 00 00 00 00 00 00 00 00 00 00 00 00 00 00 00 00 00 00 00 00 00 00 00 00 00 00 00 00 00 00 00 00 00 00 00 00 00 00 00  
--- Burst Off (04-00)

2026/9/21 16:19:24.573 [TX] - 56 69 56 4F 74 65 63 68 32 00 04 00 00 05 DF EE 7E 01 00 60 1E 
2026/9/21 16:19:24.635 [RX] - 56 69 56 4F 74 65 63 68 32 00 04 00 00 00 AE 16 00 00 00 00 00 00 00 00 00 00 00 00 00 00 00 00 00 00 00 00 00 00 00 00 00 00 00 00 00 00 00 00 00 00 00 00 00 00 00 00 00 00 00 00 00 00 00  

--- 02-01_w/o DFEC53

2026/9/21 16:19:25.551 [TX] - 56 69 56 4F 74 65 63 68 32 00 02 01 00 0A 0A 9F 02 06 00 00 00 00 10 00 AB 6C 
2026/9/21 16:19:26.834 [RX] - 56 69 56 4F 74 65 63 68 32 00 02 00  GTR_0201_OK ACT_0240_OK 00 99 44 25 42 36 35 31 30 30 30 30 30 30 30 30 30 30 30 32 36 5E 43 41 52 44 2F 49 4D 41 47 45 20 30 33 20 20 20 20 20 20 20 20 20 20 20 20 20 5E 31 37 31 32 32 30 31 31 30 30 30 30 32 31 30 30 30 30 30 30 3F 25 28 3B 36 35 31 30 30 30 30 30 30 30 30 30 30 30 32 36 3D 31 37 31 32 32 30 31 31 30 30 30 30 32 31 30 30 30 30 30 30 3F 3B 00 00 9F 39 01 90 FF EE 01 05 DF EE 30 01 0C DF EE 26 02 28 00 9F 02 06 00 00 00 00 10 00 9F 03 06 00 00 00 00 00 00 DF 5B 01 05 8C 5E 00 00 00 00 00 00 00 00 00 00 00 00 00 00 00 00 00 00 00 00  

--- 02-40_w/o DFEC53

2026/9/21 16:19:30.384 [TX] - 56 69 56 4F 74 65 63 68 32 00 02 40 00 15 78 9F 02 06 00 00 00 00 10 00 9A 03 07 11 21 9F 21 03 10 15 20 93 17 
2026/9/21 16:19:32.124 [RX] - 56 69 56 4F 74 65 63 68 32 00 02 00  GTR_0201_OK ACT_0240_OK 00 C3 28 DF EE 25 02 00 11 DF EE 23 81 83 02 7D 00 80 1F 44 28 00 A3 00 25 42 36 35 31 30 30 30 30 30 30 30 30 30 30 30 32 36 5E 43 41 52 44 2F 49 4D 41 47 45 20 30 33 20 20 20 20 20 20 20 20 20 20 20 20 20 5E 31 37 31 32 32 30 31 31 30 30 30 30 32 31 30 30 30 30 30 30 3F 25 3B 36 35 31 30 30 30 30 30 30 30 30 30 30 30 32 36 3D 31 37 31 32 32 30 31 31 30 30 30 30 32 31 30 30 30 30 30 30 3F 3B 36 33 33 5A 30 30 31 30 35 35 3D E3 03 9F 39 01 90 FF EE 01 05 DF EE 30 01 0C DF EE 26 02 28 00 9F 02 06 00 00 00 00 10 00 9F 03 06 00 00 00 00 00 00 DF 5B 01 05 9A 03 26 09 21 9F 21 03 08 19 29 D0 64 00 00 00 00 00 00 00 00 00 00 00 00 00 00 00 00 00 00 00 00 00 00 00 00 00 00 00 00 00 00 00 00 00 00 00 00 00 00 00 00 00  

 Result = PASSED
 ---------- END OF TEST ----------

 

 MASTER RESULT = PASSED


Docklight Log File (HEX) - Stopped 2026/9/21 16:19:35.536 

