Docklight Log File (HEX) - Started 2026/8/26 16:59:37.494 
 TEST CASE: LO009

 --- Set POS COM PORT Settings
 Set POS COM PORT...
 POS operating on COM90 @ 115200 baud...
 Set POS COM PORT - COMPLETE


2026/8/26 16:59:38.814 [TX] - 56 69 56 4F 74 65 63 68 32 00 2C 01 00 01 00 0D 38 
2026/8/26 16:59:38.831 [RX] - 56 69 56 4F 74 65 63 68 32 00 2C 0C 00 00 69 FA 00 00 00 00 00 00 00 00 00 00 00 00 00 00 00 00 00 00 00 00 00 00 00 00 00 00 00 00 00 00 00 00 00 00 00 00 00 00 00 00 00 00 00 00 00 00 00  


2026/8/26 16:59:39.830 [TX] - 56 69 56 4F 74 65 63 68 32 00 04 00 00 05 DF EE 7C 01 01 60 21 
2026/8/26 16:59:39.876 [RX] - 56 69 56 4F 74 65 63 68 32 00 04 00 00 00 AE 16 00 00 00 00 00 00 00 00 00 00 00 00 00 00 00 00 00 00 00 00 00 00 00 00 00 00 00 00 00 00 00 00 00 00 00 00 00 00 00 00 00 00 00 00 00 00 00  

 --- cmd 02-40

2026/8/26 16:59:42.565 [TX] - 56 69 56 4F 74 65 63 68 32 00 02 40 00 0D 1E 9C 01 00 9F 02 06 00 00 00 00 15 00 C4 00 
2026/8/26 16:59:42.788 [RX] - 56 69 56 4F 74 65 63 68 32 00 02 50 00 24 21 DF EE 26 02 21 00 DF EE 02 04 27 90 00 00 DF EC 0F 11 01 44 03 20 07  Tag DFEC0F (01) 04 9B 4C FA 22 2A 80 75 77 81 02 80  Tag DFEC0F (01) CE 2B 00 00 00 00 00 00 00 00 00 00 00  

 --- PassThrough Stop

2026/8/26 16:59:47.091 [TX] - 56 69 56 4F 74 65 63 68 32 00 2C 01 00 01 00 0D 38 
2026/8/26 16:59:47.101 [RX] - 56 69 56 4F 74 65 63 68 32 00 2C 00 00 00 1C 9B 00 00 00 00 00 00 00 00 00 00 00 00 00 00 00 00 00 00 00 00 00 00 00 00 00 00 00 00 00 00 00 00 00 00 00 00 00 00 00 00 00 00 00 00 00 00 00  


2026/8/26 16:59:48.109 [TX] - 56 69 56 4F 74 65 63 68 32 00 04 00 00 05 DF EE 7C 01 00 70 00 
2026/8/26 16:59:48.183 [RX] - 56 69 56 4F 74 65 63 68 32 00 04 00 00 00 AE 16 00 00 00 00 00 00 00 00 00 00 00 00 00 00 00 00 00 00 00 00 00 00 00 00 00 00 00 00 00 00 00 00 00 00 00 00 00 00 00 00 00 00 00 00 00 00 00  

 Result = FAILED
 ---------- END OF TEST ----------

 

 MASTER RESULT = FAILED


Docklight Log File (HEX) - Stopped 2026/8/26 16:59:49.313 

