Docklight Log File (HEX) - Started 2026/9/14 10:23:07.055 
 TEST CASE: CR005-TDES

 --- Set POS COM PORT Settings
 Set POS COM PORT...
 POS operating on COM90 @ 115200 baud...
 Set POS COM PORT - COMPLETE

 

 --- Get Data Encryption (C7-37)

2026/9/14 10:23:09.260 [TX] - 56 69 56 4F 74 65 63 68 32 00 C7 37 00 00 5B C6 
2026/9/14 10:23:09.270 [RX] - 56 69 56 4F 74 65 63 68 32 00 C7 00 00 01 03 9C 1C 00 00 00 00 00 00 00 00 00 00 00 00 00 00 00 00 00 00 00 00 00 00 00 00 00 00 00 00 00 00 00 00 00 00 00 00 00 00 00 00 00 00 00 00 00 00  

 --- 60-10 Contact Start Transaction

2026/9/14 10:23:09.287 [TX] - 56 69 56 4F 74 65 63 68 32 00 60 10 00 23 01 00 78 00 78 9C 01 00 5F 57 01 00 9F 02 06 00 00 00 00 02 00 9F 03 06 00 00 00 00 00 00 5F 2A 02 08 40 8F F0 
2026/9/14 10:23:09.323 [RX] - 56 69 56 4F 74 65 63 68 32 00 60 63 00 00 FF 0E 00 00 00 00 00 00 00 00 00 00 00 00 00 00 00 00 00 00 00 00 00 00 00 00 00 00 00 00 00 00 00 00 00 00 00 00 00 00 00 00 00 00 00 00 00 00 00 56 69 56 4F 74 65 63 68 32 00 61 01 00 10 03 00 00 02 00 45 4E 03 00 82 0B 1C 02 00 00 60 80 ED 00 00 00 00 00 00 00 00 00 00 00 00 00 00 00 00 00 00 00 00 00 00 00 00 00 00 00 00 00 00 00 56 69 56 4F 74 65 63 68 32 00 61 01 00 19 04 00 00 02 00 45 4E 0C 00 84 01 1C 04 24 1C 04 32 2E 30 30 1C 02 00 F4 21 E1 18 00 00 00 00 00 00 00 00 00 00 00 00 00 00 00 00 00 00 00 00 00 00 56 69 56 4F 74 65 63 68 32 00 61 01 00 10 03 00 00 02 00 45 4E 03 00 82 11 1C 02 00 F4 21 9B 8B 00 00 00 00 00 00 00 00 00 00 00 00 00 00 00 00 00 00 00 00 00 00 00 00 00 00 00 00 00 00 00 56 69 56 4F 74 65 63 68 32 00 61 01 00 10 03 00 00 02 00 45 4E 03 00 82 1A 1C 02 00 F4 21 58 29 00 00 00 00 00 00 00 00 00 00 00 00 00 00 00 00 00 00 00 00 00 00 00 00 00 00 00 00 00 00 00 56 69 56 4F 74 65 63 68 32 00 60 00 00 FC E0 DF EE 26 02 E0 00 DF EE 12 0A FF FF 98 76 54 32 11 00 00 CA DF EE 25 02 00 10 57 A1 11 47 61 CC CC CC CC 00 10 D2 01 2C CC CC CC CC CC CC 57 C1 18 72 BE 6E 72 B7 95 C9 79 48 87 9F CC 16 FA DA CB 23 EF C8 FC B3 50 A0 05 5A A1 08 47 61 CC CC CC CC 00 10 5A C1 10 3D 75 67 A6 DC 61 9F B0 F5 17 DE 9C B6 40 EB 56 5F 34 01 01 5F 20 0F 46 55 4C 4C 20 46 55 4E 43 54 49 4F 4E 41 4C 5F 24 03 20 12 31 9F 1E 08 35 54 31 37 30 36 30 35 9F 1F C1 20 75 56 21 28 3C 05 AE DF F3 44 2A CE CC B3 B4 D4 DB 78 C0 E5 4F F8 3F E6 FA EE 2E 19 37 52 83 63 9F 20 00 5F 25 03 95 07 01 5F 2D 08 65 73 65 6E 66 72 64 65 50 0A 56 49 53 41 43 52 45 44 49 54 4F 07 A0 00 00 00 03 10 10 84 07 A0 00 00 00 03 10 10 DF EE 23 00 9F 39 01 05 9F 53 00 DF 4F 00 FF EE 01 05 DF EE 30 01 01 AD A9 00 00 00 00 00 00 00 00 00 00 00 00 00 00 00 00 00 00 00 00 00 00 00 00 00 00 00 00 00 00 00 00 00 00 00 00 00 00 00 00 00 00 00 00 00 00 00  

 --- 60-11 Contact Authenticate Transaction

2026/9/14 10:23:14.783 [TX] - 56 69 56 4F 74 65 63 68 32 00 60 11 00 03 00 00 78 46 F3 
2026/9/14 10:23:14.794 [RX] - 56 69 56 4F 74 65 63 68 32 00 60 63 00 00 FF 0E 00 00 00 00 00 00 00 00 00 00 00 00 00 00 00 00 00 00 00 00 00 00 00 00 00 00 00 00 00 00 00 00 00 00 00 00 00 00 00 00 00 00 00 00 00 00 00 56 69 56 4F 74 65 63 68 32 00 61 01 00 10 03 00 00 02 00 45 53 03 00 82 15 1C 02 00 F4 21 81 87 00 00 00 00 00 00 00 00 00 00 00 00 00 00 00 00 00 00 00 00 00 00 00 00 00 00 00 00 00 00 00 56 69 56 4F 74 65 63 68 32 00 60 00 01 C8 E0 DF EE 26 02 E0 00 DF EE 12 0A FF FF 98 76 54 32 11 00 00 CA DF EE 25 02 00 04 4F 07 A0 00 00 00 03 10 10 5A A1 08 47 61 CC CC CC CC 00 10 5A C1 10 3D 75 67 A6 DC 61 9F B0 F5 17 DE 9C B6 40 EB 56 50 0A 56 49 53 41 43 52 45 44 49 54 57 A1 11 47 61 CC CC CC CC 00 10 D2 01 2C CC CC CC CC CC CC 57 C1 18 72 BE 6E 72 B7 95 C9 79 48 87 9F CC 16 FA DA CB 23 EF C8 FC B3 50 A0 05 82 02 5C 00 84 07 A0 00 00 00 03 10 10 8E 0C 00 00 00 00 00 00 00 00 5F 03 00 00 95 05 42 C0 00 00 00 9A 03 26 09 14 9B 02 C8 00 9C 01 00 99 00 5F 20 0F 46 55 4C 4C 20 46 55 4E 43 54 49 4F 4E 41 4C 5F 24 03 20 12 31 5F 25 03 95 07 01 5F 28 02 08 40 5F 2A 02 08 40 5F 2D 08 65 73 65 6E 66 72 64 65 5F 34 01 01 9F 02 06 00 00 00 00 02 00 9F 03 06 00 00 00 00 00 00 9F 07 02 FF C0 9F 08 02 00 8C 9F 09 02 00 96 9F 0B 00 9F 0D 05 00 00 00 00 00 9F 0E 05 00 00 00 00 00 9F 0F 05 00 00 00 00 00 9F 10 07 06 01 1A 03 90 00 00 9F 11 01 01 9F 12 0D 43 52 45 44 49 54 4F 44 45 56 49 53 41 9F 13 00 9F 15 02 12 34 9F 16 0F 30 30 30 30 30 30 30 30 30 30 30 30 30 30 30 9F 1A 02 08 40 9F 1C 08 38 37 36 35 34 33 32 31 9F 1E 08 35 54 31 37 30 36 30 35 9F 20 00 9F 21 03 02 22 22 9F 24 00 9F 26 08 F5 33 43 13 89 6E 49 0E 9F 27 01 80 9F 33 03 60 08 C8 9F 34 03 5F 03 02 9F 35 01 25 9F 36 02 00 01 9F 37 04 FF D0 EF 6B 9F 53 00 9F 5B 00 9F 39 01 05 DF 21 00 DF EE 23 00 DF EE 51 00 FF EE 01 05 DF EE 30 01 01 9B 56 00 00 00 00 00 00 00 00 00 00 00 00 00 00 00 00 00 00 00 00 00 00 00 00 00 00 00 00 00 00 00 00  

 --- 05-01 Cancel transaction

2026/9/14 10:23:15.840 [TX] - 56 69 56 4F 74 65 63 68 32 00 05 01 00 00 92 EF 
2026/9/14 10:23:15.864 [RX] - 56 69 56 4F 74 65 63 68 32 00 61 01 00 10 03 00 00 02 00 45 4E 03 00 82 21 1C 02 00 F4 21 B4 07 00 00 00 00 00 00 00 00 00 00 00 00 00 00 00 00 00 00 00 00 00 00 00 00 00 00 00 00 00 00 00 56 69 56 4F 74 65 63 68 32 00 61 01 00 10 03 00 00 02 00 45 4E 03 00 82 23 1C 02 00 00 20 F0 63 00 00 00 00 00 00 00 00 00 00 00 00 00 00 00 00 00 00 00 00 00 00 00 00 00 00 00 00 00 00 00 56 69 56 4F 74 65 63 68 32 00 05 00 00 00 D8 A2 00 00 00 00 00 00 00 00 00 00 00 00 00 00 00 00 00 00 00 00 00 00 00 00 00 00 00 00 00 00 00 00 00 00 00 00 00 00 00 00 00 00 00 00 00 00 00  

 --- 60-10 Contact Start Transaction

2026/9/14 10:23:25.132 [TX] - 56 69 56 4F 74 65 63 68 32 00 60 10 00 23 01 00 78 00 78 9C 01 00 5F 57 01 00 9F 02 06 00 00 00 00 02 00 9F 03 06 00 00 00 00 00 00 5F 2A 02 08 40 8F F0 
2026/9/14 10:23:25.170 [RX] - 56 69 56 4F 74 65 63 68 32 00 60 63 00 00 FF 0E 00 00 00 00 00 00 00 00 00 00 00 00 00 00 00 00 00 00 00 00 00 00 00 00 00 00 00 00 00 00 00 00 00 00 00 00 00 00 00 00 00 00 00 00 00 00 00 56 69 56 4F 74 65 63 68 32 00 61 01 00 10 03 00 00 02 00 45 4E 03 00 82 0B 1C 02 00 00 60 80 ED 00 00 00 00 00 00 00 00 00 00 00 00 00 00 00 00 00 00 00 00 00 00 00 00 00 00 00 00 00 00 00 56 69 56 4F 74 65 63 68 32 00 61 01 00 19 04 00 00 02 00 45 4E 0C 00 84 01 1C 04 24 1C 04 32 2E 30 30 1C 02 00 F4 21 E1 18 00 00 00 00 00 00 00 00 00 00 00 00 00 00 00 00 00 00 00 00 00 00 56 69 56 4F 74 65 63 68 32 00 61 01 00 10 03 00 00 02 00 45 4E 03 00 82 11 1C 02 00 F4 21 9B 8B 00 00 00 00 00 00 00 00 00 00 00 00 00 00 00 00 00 00 00 00 00 00 00 00 00 00 00 00 00 00 00 56 69 56 4F 74 65 63 68 32 00 61 01 00 10 03 00 00 02 00 45 4E 03 00 82 1A 1C 02 00 F4 21 58 29 00 00 00 00 00 00 00 00 00 00 00 00 00 00 00 00 00 00 00 00 00 00 00 00 00 00 00 00 00 00 00 56 69 56 4F 74 65 63 68 32 00 60 00 00 FC E0 DF EE 26 02 E0 00 DF EE 12 0A FF FF 98 76 54 32 11 00 00 CB DF EE 25 02 00 10 57 A1 11 47 61 CC CC CC CC 00 10 D2 01 2C CC CC CC CC CC CC 57 C1 18 9B 96 B5 B3 5F DD E1 DE 13 E8 E4 CA CD EA 49 C2 B8 88 76 CC A7 1C FC 88 5A A1 08 47 61 CC CC CC CC 00 10 5A C1 10 BB 4E 59 88 4C D1 8D 27 8F 60 6D 6B 92 1E FC 88 5F 34 01 01 5F 20 0F 46 55 4C 4C 20 46 55 4E 43 54 49 4F 4E 41 4C 5F 24 03 20 12 31 9F 1E 08 35 54 31 37 30 36 30 35 9F 1F C1 20 02 24 16 01 24 71 78 C1 BB E0 1C 4C F7 BB 6D 14 65 A8 43 BC 1D EC F1 95 BF CA 16 D6 8C 6F 1F 82 9F 20 00 5F 25 03 95 07 01 5F 2D 08 65 73 65 6E 66 72 64 65 50 0A 56 49 53 41 43 52 45 44 49 54 4F 07 A0 00 00 00 03 10 10 84 07 A0 00 00 00 03 10 10 DF EE 23 00 9F 39 01 05 9F 53 00 DF 4F 00 FF EE 01 05 DF EE 30 01 01 BC 5E 00 00 00 00 00 00 00 00 00 00 00 00 00 00 00 00 00 00 00 00 00 00 00 00 00 00 00 00 00 00 00 00 00 00 00 00 00 00 00 00 00 00 00 00 00 00 00  

 --- 60-11 Contact Authenticate Transaction

2026/9/14 10:23:30.896 [TX] - 56 69 56 4F 74 65 63 68 32 00 60 11 00 03 00 00 78 46 F3 
2026/9/14 10:23:30.906 [RX] - 56 69 56 4F 74 65 63 68 32 00 60 63 00 00 FF 0E 00 00 00 00 00 00 00 00 00 00 00 00 00 00 00 00 00 00 00 00 00 00 00 00 00 00 00 00 00 00 00 00 00 00 00 00 00 00 00 00 00 00 00 00 00 00 00 56 69 56 4F 74 65 63 68 32 00 61 01 00 10 03 00 00 02 00 45 53 03 00 82 15 1C 02 00 F4 21 81 87 00 00 00 00 00 00 00 00 00 00 00 00 00 00 00 00 00 00 00 00 00 00 00 00 00 00 00 00 00 00 00 56 69 56 4F 74 65 63 68 32 00 60 00 01 C8 E0 DF EE 26 02 E0 00 DF EE 12 0A FF FF 98 76 54 32 11 00 00 CB DF EE 25 02 00 04 4F 07 A0 00 00 00 03 10 10 5A A1 08 47 61 CC CC CC CC 00 10 5A C1 10 BB 4E 59 88 4C D1 8D 27 8F 60 6D 6B 92 1E FC 88 50 0A 56 49 53 41 43 52 45 44 49 54 57 A1 11 47 61 CC CC CC CC 00 10 D2 01 2C CC CC CC CC CC CC 57 C1 18 9B 96 B5 B3 5F DD E1 DE 13 E8 E4 CA CD EA 49 C2 B8 88 76 CC A7 1C FC 88 82 02 5C 00 84 07 A0 00 00 00 03 10 10 8E 0C 00 00 00 00 00 00 00 00 5F 03 00 00 95 05 42 C0 00 00 00 9A 03 26 09 14 9B 02 C8 00 9C 01 00 99 00 5F 20 0F 46 55 4C 4C 20 46 55 4E 43 54 49 4F 4E 41 4C 5F 24 03 20 12 31 5F 25 03 95 07 01 5F 28 02 08 40 5F 2A 02 08 40 5F 2D 08 65 73 65 6E 66 72 64 65 5F 34 01 01 9F 02 06 00 00 00 00 02 00 9F 03 06 00 00 00 00 00 00 9F 07 02 FF C0 9F 08 02 00 8C 9F 09 02 00 96 9F 0B 00 9F 0D 05 00 00 00 00 00 9F 0E 05 00 00 00 00 00 9F 0F 05 00 00 00 00 00 9F 10 07 06 01 1A 03 90 00 00 9F 11 01 01 9F 12 0D 43 52 45 44 49 54 4F 44 45 56 49 53 41 9F 13 00 9F 15 02 12 34 9F 16 0F 30 30 30 30 30 30 30 30 30 30 30 30 30 30 30 9F 1A 02 08 40 9F 1C 08 38 37 36 35 34 33 32 31 9F 1E 08 35 54 31 37 30 36 30 35 9F 20 00 9F 21 03 02 22 38 9F 24 00 9F 26 08 DC B1 45 28 08 19 A3 9F 9F 27 01 80 9F 33 03 60 08 C8 9F 34 03 5F 03 02 9F 35 01 25 9F 36 02 00 01 9F 37 04 5B 84 B2 77 9F 53 00 9F 5B 00 9F 39 01 05 DF 21 00 DF EE 23 00 DF EE 51 00 FF EE 01 05 DF EE 30 01 01 BA A1 00 00 00 00 00 00 00 00 00 00 00 00 00 00 00 00 00 00 00 00 00 00 00 00 00 00 00 00 00 00 00 00  

 --- 05-01 Cancel transaction

2026/9/14 10:23:33.340 [TX] - 56 69 56 4F 74 65 63 68 32 00 05 01 00 00 92 EF 
2026/9/14 10:23:33.364 [RX] - 56 69 56 4F 74 65 63 68 32 00 61 01 00 10 03 00 00 02 00 45 4E 03 00 82 21 1C 02 00 F4 21 B4 07 00 00 00 00 00 00 00 00 00 00 00 00 00 00 00 00 00 00 00 00 00 00 00 00 00 00 00 00 00 00 00 56 69 56 4F 74 65 63 68 32 00 61 01 00 10 03 00 00 02 00 45 4E 03 00 82 23 1C 02 00 00 20 F0 63 00 00 00 00 00 00 00 00 00 00 00 00 00 00 00 00 00 00 00 00 00 00 00 00 00 00 00 00 00 00 00 56 69 56 4F 74 65 63 68 32 00 05 00 00 00 D8 A2 00 00 00 00 00 00 00 00 00 00 00 00 00 00 00 00 00 00 00 00 00 00 00 00 00 00 00 00 00 00 00 00 00 00 00 00 00 00 00 00 00 00 00 00 00 00 00  

 Result = PASSED
 ---------- END OF TEST ----------

 Result = PASSED
 

 MASTER RESULT = PASSED


Docklight Log File (HEX) - Stopped 2026/9/14 10:23:40.553 

