Docklight Log File (HEX) - Started 2026/9/14 16:48:23.374 
 TEST CASE: BT015

 --- Set POS COM PORT Settings
 Set POS COM PORT...
 POS operating on COM90 @ 115200 baud...
 Set POS COM PORT - COMPLETE

 --- 77-81 (reset to default)

2026/9/14 16:48:26.543 [TX] - 56 69 56 4F 74 65 63 68 32 00 77 81 00 00 7B D5 
2026/9/14 16:48:26.614 [RX] - 56 69 56 4F 74 65 63 68 32 00 77 00 00 00 77 BF 00 00 00 00 00 00 00 00 00 00 00 00 00 00 00 00 00 00 00 00 00 00 00 00 00 00 00 00 00 00 00 00 00 00 00 00 00 00 00 00 00 00 00 00 00 00 00 
2026/9/14 16:48:26.634 [TX] - 56 69 56 4F 74 65 63 68 32 00 77 05 00 00 4F 9C 
2026/9/14 16:48:26.645 [RX] - 56 69 56 4F 74 65 63 68 32 00 77 00 00 00 77 BF 00 00 00 00 00 00 00 00 00 00 00 00 00 00 00 00 00 00 00 00 00 00 00 00 00 00 00 00 00 00 00 00 00 00 00 00 00 00 00 00 00 00 00 00 00 00 00 56 69 56 4F 74 65 63 68 32 00 61 01 00 10 03 00 00 02 00 45 4E 03 00 82 23 1C 02 00 00 20 F0 63 00 00 00 00 00 00 00 00 00 00 00 00 00 00 00 00 00 00 00 00 00 00 00 00 00 00 00 00 00 00 00  

 --- 77-86 Get security setting

2026/9/14 16:48:36.654 [TX] - 56 69 56 4F 74 65 63 68 32 00 77 86 00 03 00 01 00 A2 87 
2026/9/14 16:48:36.668 [RX] - 56 69 56 4F 74 65 63 68 32 00 77 00 00 01 00 82 41 00 00 00 00 00 00 00 00 00 00 00 00 00 00 00 00 00 00 00 00 00 00 00 00 00 00 00 00 00 00 00 00 00 00 00 00 00 00 00 00 00 00 00 00 00 00  

 --- 77-86 Set security = enable

2026/9/14 16:48:37.201 [TX] - 56 69 56 4F 74 65 63 68 32 00 77 86 00 04 00 01 01 00 46 4D 
2026/9/14 16:48:37.215 [RX] - 56 69 56 4F 74 65 63 68 32 00 77 0A 00 00 B0 7E 00 00 00 00 00 00 00 00 00 00 00 00 00 00 00 00 00 00 00 00 00 00 00 00 00 00 00 00 00 00 00 00 00 00 00 00 00 00 00 00 00 00 00 00 00 00 00  

 --- 77-86 Set security = disable

2026/9/14 16:48:38.718 [TX] - 56 69 56 4F 74 65 63 68 32 00 77 86 00 04 00 01 01 01 56 6C 
2026/9/14 16:48:38.732 [RX] - 56 69 56 4F 74 65 63 68 32 00 77 0A 00 00 B0 7E 00 00 00 00 00 00 00 00 00 00 00 00 00 00 00 00 00 00 00 00 00 00 00 00 00 00 00 00 00 00 00 00 00 00 00 00 00 00 00 00 00 00 00 00 00 00 00 

Docklight Log File (HEX) - Stopped 2026/9/14 16:49:04.817 

